2 0.943359 15.9203 335.976 36.4522 275.92 63.0797 285.024 42.5478 345.08
4 0.941406 181.068 374.321 193.685 330.053 216.932 336.679 204.315 380.947
4 0.94043 467.231 479.543 480.23 435.94 503.769 442.957 490.77 486.56
4 0.939453 128.075 355.88 140.661 312.513 163.425 319.12 150.839 362.487
4 0.939453 153.952 363.974 166.742 320.341 189.548 327.026 176.758 370.659
2 0.938477 359.758 457.05 380.067 396.357 407.242 405.45 386.933 466.143
4 0.933594 207.568 383.857 221.222 339.995 244.182 347.143 230.528 391.005
4 0.932617 78.6503 336.486 92.1187 294.861 114.225 302.014 100.756 343.639
0 0.931641 403.48 465.114 417.016 410.227 444.02 416.886 430.484 471.773
4 0.928711 52.195 330.241 65.0236 284.701 88.305 291.259 75.4764 336.799
4 0.928711 438.811 470.086 452.527 426.179 475.689 433.414 461.973 477.321
2 0.925781 481.204 319.464 507.65 242.11 532.296 250.536 505.85 327.89
3 0.921875 71.4231 174.037 97.0155 101.282 123.827 110.713 98.2345 183.468
2 0.916992 540.708 345.42 567.501 268.45 592.292 277.08 565.499 354.05
2 0.916992 386.723 283.776 416.663 207.035 442.777 217.224 412.837 293.965
4 0.90918 185.32 455.694 195.664 423.044 215.43 429.306 205.086 461.956
2 0.908203 273.037 243.404 317.401 111.41 346.963 121.346 302.599 253.34
3 0.902344 138.179 197.712 154.27 144.335 179.821 152.038 163.73 205.415
4 0.902344 559.278 512.419 572.106 468.406 596.722 475.581 583.894 519.594
4 0.900391 528.376 502.734 541.308 457.093 566.624 464.266 553.692 509.907
3 0.900391 104.767 181.826 122.778 131.548 146.858 140.174 128.847 190.452
3 0.897461 41.9505 156.655 70.3914 78.6795 96.5495 88.2204 68.1086 166.196
3 0.892578 10.7978 150.786 41.3475 60.238 67.9522 69.2142 37.4025 159.762
2 0.886719 348.574 271.418 415.51 98.6834 444.926 110.082 377.99 282.817
2 0.885742 303.135 263.221 378.824 81.4767 408.365 93.7793 332.676 275.523
3 0.880859 241.49 231.496 272.629 157.127 298.01 167.754 266.871 242.123
3 0.873047 -7.73808 142.722 7.64007 50.7491 35.4725 55.4027 20.0943 147.376
2 0.854492 472.825 1.58627 513.122 -2.13317 516.175 30.945 475.878 34.6644
3 0.84375 347.317 -3.73184 376.254 -3.64306 376.183 19.5912 347.246 19.5024
3 0.834961 216.185 224.58 235.244 169.007 258.315 176.92 239.256 232.493
3 0.734375 -3.76539 66.1401 -3.23284 28.8001 14.1091 29.0474 13.5766 66.3874
2 0.669434 -2.56919 303.381 -0.840537 260.009 14.4598 260.619 12.7312 303.991
4 0.662109 -3.04326 302.907 -2.78458 260.501 12.3401 260.593 12.0815 302.999
0 0.36792 -2.29306 302.618 -1.3522 260.598 11.3399 260.882 10.3991 302.902
