4 0.953125 288.69 447.597 327.572 471.228 315.31 491.403 276.428 467.772
2 0.952148 210.651 557.08 263.643 591.094 248.349 614.92 195.357 580.906
4 0.952148 272.805 470.73 312.364 493.462 300.695 513.77 261.136 491.038
4 0.951172 491.073 180.782 529.261 204.882 516.427 225.218 478.239 201.118
4 0.948242 305.913 424.68 345.369 448.329 333.087 468.82 293.631 445.171
2 0.947266 260.871 170.557 324.896 224.934 306.629 246.443 242.604 192.066
4 0.947266 322.904 401.031 362.137 425.875 349.096 446.469 309.863 421.625
4 0.945312 473.649 205.69 511.152 229.117 498.851 248.81 461.348 225.383
2 0.942383 425.804 261.762 480.054 299.351 464.196 322.238 409.946 284.649
4 0.941406 242.542 512.453 279.015 536.501 266.458 555.547 229.985 531.499
4 0.94043 224.398 532.505 266.008 558.144 252.852 579.495 211.242 553.856
2 0.938477 314.961 97.3915 382.339 143.466 367.539 165.108 300.161 119.034
3 0.9375 65.2916 447.938 116.747 486.1 100.458 508.062 49.0029 469.9
4 0.9375 548.759 102.023 586.708 125.973 574.241 145.727 536.292 121.777
3 0.933594 97.3933 433.264 140.363 463.428 126.107 483.736 83.1372 453.572
2 0.932617 167.846 149.144 302.365 252.474 284.404 275.856 149.885 172.526
0 0.932617 449.874 231.164 498.049 258.847 485.126 281.336 436.951 253.653
3 0.931641 117.914 405.368 164.141 435.341 150.336 456.632 104.109 426.659
2 0.924805 360.042 47.8162 424.575 94.4604 409.958 114.684 345.425 68.0396
3 0.921875 6.13837 520.814 66.7712 566.947 50.6116 588.186 -10.0212 542.053
4 0.921875 530.277 128.62 569.816 153.913 556.723 174.38 517.184 149.087
2 0.919922 140.379 236.908 252.207 316.697 235.871 339.592 124.043 259.803
3 0.919922 39.5108 472.551 99.1389 513.461 84.7392 534.449 25.1111 493.539
3 0.912109 167.243 299.164 231.552 345.048 216.007 366.836 151.698 320.952
3 0.904297 19.8004 495.217 85.2859 543.629 70.3871 563.783 4.90157 515.371
2 0.902344 130.209 181.022 282.818 294.205 267.041 315.478 114.432 202.295
2 0.897461 80.2065 -10.4147 179.512 27.5422 168.918 55.2584 69.6127 17.3016
4 0.896484 394.445 451.969 422.691 471.284 410.555 489.031 382.309 469.716
4 0.859863 450.303 231.067 497.053 259.381 483.697 281.433 436.947 253.119
3 0.84375 165.094 334.375 214.026 369.743 199.656 389.625 150.724 354.257
2 0.836914 164.945 -9.71438 215.671 -6.75414 214.055 20.9331 163.329 17.9729
3 0.813477 16.0547 174.092 49.7513 176.889 47.5703 203.158 13.8737 200.361
2 0.755859 159.385 296.247 233.185 346.88 218.865 367.753 145.065 317.12
