4 0.953125 252.555 430.975 280.164 467.495 260.945 482.025 233.336 445.505
4 0.952148 276.608 414.446 303.609 451.803 283.892 466.054 256.891 428.697
4 0.948242 230.445 447.929 258.361 483.7 239.305 498.571 211.389 462.8
4 0.947266 528.216 240.184 553.087 277.16 532.784 290.816 507.913 253.84
4 0.943359 299.779 397.047 326.203 435.309 305.721 449.453 279.297 411.191
0 0.942383 472.292 274.969 506.533 318.568 486.208 334.531 451.967 290.932
4 0.941406 607.914 183.117 632.886 220.74 613.086 233.883 588.114 196.26
4 0.94043 502.548 257.284 530.063 294.03 510.452 308.716 482.937 271.97
2 0.938477 440.936 297.049 476.934 350.568 454.064 365.951 418.066 312.432
2 0.9375 441.565 73.2504 488.9 137.899 467.935 153.25 420.6 88.6009
2 0.935547 145.165 509.701 180.995 562.618 157.835 578.299 122.005 525.382
4 0.935547 189.461 478.027 213.802 514.943 194.039 527.974 169.698 491.057
2 0.935547 386.443 106.874 432.904 172.842 411.557 187.876 365.096 121.908
4 0.93457 165.751 493.198 193.507 531.475 173.749 545.802 145.993 507.525
4 0.932617 581.492 201.72 608.636 240.012 588.508 254.28 561.364 215.988
2 0.929688 310.095 162.167 353.22 230.733 330.405 245.083 287.28 176.517
2 0.928711 220.752 103.157 324.277 252.084 301.248 268.093 197.723 119.166
2 0.927734 175.852 182.037 255.659 294.62 231.898 311.463 152.091 198.88
3 0.923828 74.6279 358.828 104.005 401.089 83.7471 415.172 54.3697 372.911
3 0.920898 182.755 250.545 227.203 318.41 204.995 332.955 160.547 265.09
3 0.918945 103.218 338.693 134.973 382.485 114.532 397.307 82.7767 353.515
3 0.916992 38.4706 362.825 76.5251 420.158 54.6544 434.675 16.5999 377.342
3 0.908203 17.8384 377.739 45.9692 444.491 20.4116 455.261 -7.71918 388.509
4 0.904297 353.043 468.664 369.016 498.004 350.957 507.836 334.984 478.496
2 0.857422 208.649 233.143 255.074 300.811 234.601 314.857 188.176 247.189
2 0.841309 153.305 -9.37407 190.148 -9.43058 190.195 21.3038 153.352 21.3603
3 0.819824 70.5317 89.4492 104.505 93.2695 101.718 118.051 67.745 114.23
2 0.810547 229.188 -8.11719 262.812 -8.11719 262.812 19.6328 229.188 19.6328
3 0.810059 18.8873 425.978 19.4545 472.193 -7.38728 472.522 -7.95445 426.307
3 0.412598 228.031 -6.71436 263.484 -5.68074 262.719 20.5581 227.266 19.5245
