4 0.956055 265.907 438.636 298.782 470.812 282.093 487.864 249.218 455.688
4 0.955078 287.984 419.681 319.772 451.665 303.016 468.319 271.228 436.335
4 0.951172 245.699 458.758 278.806 489.513 262.801 506.742 229.694 475.987
0 0.949219 465.948 256.804 504.759 295.377 486.552 313.696 447.741 275.123
2 0.949219 169.757 530.827 211.632 576.464 191.243 595.173 149.368 549.536
4 0.947266 309.78 399.631 340.113 434.255 321.72 450.369 291.387 415.745
4 0.947266 517.058 215.558 546.917 248.299 528.942 264.692 499.083 231.951
4 0.945312 208.7 493.445 238.809 525.658 221.8 541.555 191.691 509.342
2 0.943359 437.161 283.07 479.401 330.692 458.839 348.93 416.599 301.308
4 0.941406 187.323 511.271 219.936 544.592 202.427 561.729 169.814 528.408
2 0.94043 192.82 118.356 316.162 247.906 295.43 267.644 172.088 138.094
4 0.939453 588.794 148.596 619.247 182.403 601.206 198.654 570.753 164.847
4 0.938477 493.738 236.049 524.772 267.854 507.762 284.451 476.728 252.646
2 0.9375 360.697 100.87 413.541 160.264 394.303 177.38 341.459 117.986
2 0.9375 290.691 162.47 342.255 228.544 320.809 245.28 269.245 179.206
2 0.935547 410.777 62.2046 465.341 118.815 447.723 135.795 393.159 79.1852
3 0.932617 45.8508 396.6 92.9665 450.381 72.3992 468.4 25.2835 414.619
2 0.928711 158.899 202.695 254.4 303.003 233.601 322.805 138.1 222.497
3 0.928711 80.9117 388.867 114.92 426.621 96.5883 443.133 62.5803 405.379
4 0.925781 564.033 171.019 596.058 204.863 577.967 221.981 545.942 188.137
3 0.918945 105.9 365.454 145.051 404.127 127.35 422.046 88.1992 383.373
3 0.917969 177.013 268.227 228.452 329.742 207.487 347.273 156.048 285.758
3 0.917969 15.716 411.542 66.6396 470.212 47.3465 486.958 -3.57706 428.288
4 0.902344 369.065 462.864 390.803 489.855 374.935 502.636 353.197 475.645
3 0.898438 14.6413 440.363 37.1292 506.059 10.6087 515.137 -11.8792 449.441
2 0.880859 180.161 -10.0906 231.737 0.828053 225.589 29.8718 174.013 18.9532
3 0.854492 166.757 306.582 205.262 351.779 187.493 366.918 148.988 321.721
3 0.84375 16.3622 486.024 21.9095 526.868 -4.6591 530.476 -10.2064 489.632
3 0.813477 48.9204 117.577 82.1479 128.272 74.4546 152.173 41.2271 141.478
2 0.653809 244.088 -0.21052 269.555 0.102021 269.412 11.7418 243.945 11.4292
2 0.638184 125.711 562.158 160.447 596.051 145.039 611.842 110.303 577.949
3 0.331055 178.707 -7.51096 229.602 -0.280249 225.543 28.2922 174.648 21.0615
