4 0.941406 212.25 391.843 220.104 437.104 196.75 441.157 188.896 395.896
4 0.94043 241.949 386.75 249.035 432.58 225.301 436.25 218.215 390.42
4 0.938477 269.203 382.24 276.222 427.638 252.797 431.26 245.778 385.862
2 0.931641 439.718 350.949 450.221 414.968 422.282 419.551 411.779 355.532
4 0.931641 185.776 398.235 194.671 442.952 170.474 447.765 161.579 403.048
4 0.929688 542.862 334.987 549.141 380.178 525.138 383.513 518.859 338.322
0 0.926758 478.966 343.632 489.639 398.16 463.034 403.368 452.361 348.84
2 0.921875 81.4307 419.527 91.5832 480.247 63.3193 484.973 53.1668 424.253
4 0.919922 607.564 322.859 614.602 369.329 589.436 373.141 582.398 326.671
2 0.914062 535.203 147.026 549.972 226.35 523.797 231.224 509.028 151.9
4 0.914062 134.767 407.441 141.557 451.356 117.608 455.059 110.818 411.144
2 0.914062 376.6 170.582 387.005 252.864 358.9 256.418 348.495 174.136
3 0.914062 82.7208 251.306 91.1264 306.798 65.4042 310.694 56.9986 255.202
4 0.912109 513.217 341.253 520.395 385.867 496.283 389.747 489.105 345.133
3 0.911133 47.3692 239.214 56.3386 306.809 30.1308 310.286 21.1614 242.691
4 0.910156 640.778 317.74 643.006 363.092 619.222 364.26 616.994 318.908
4 0.908203 107.796 412.248 115.723 459.652 91.2036 463.752 83.2774 416.348
2 0.907227 470.104 154.925 483.581 234.035 458.396 238.325 444.919 159.215
2 0.894531 246.315 131.89 271.56 272.263 240.435 277.86 215.19 137.487
3 0.888672 115.76 245.351 126.063 299.759 100.24 304.649 89.9374 250.241
2 0.884766 323.704 83.2138 350.699 261.431 320.296 266.036 293.301 87.8191
4 0.876953 286.698 468.139 290.157 501.177 269.302 503.361 265.843 470.323
2 0.874023 277.712 79.2746 314.109 271.484 283.788 277.225 247.391 85.0162
3 0.861328 224.299 201.43 236.441 276.897 208.951 281.32 196.809 205.853
3 0.856445 19.1458 244.085 22.7615 317.684 -2.28643 318.915 -5.90211 245.316
2 0.832031 425.714 -4.30936 457.383 -5.37853 458.286 21.3719 426.617 22.441
2 0.828613 372.371 -1.85313 400.952 -2.73024 401.629 19.3219 373.048 20.199
3 0.825684 181.329 15.8739 212.801 11.7961 215.921 35.8761 184.449 39.9539
3 0.789062 197.109 227.554 207.196 285.685 182.641 289.946 172.554 231.815
3 0.519531 372.987 -1.76734 399.589 -2.86976 400.513 19.4392 373.911 20.5416
