4 0.931641 223.617 407.528 227.961 361.138 252.883 363.472 248.539 409.862
4 0.928711 167.808 400.033 171.376 354.579 195.442 356.467 191.874 401.921
4 0.925781 140.792 398.214 143.648 353.242 167.958 354.786 165.102 399.758
4 0.924805 498.287 441.324 503.612 395.853 527.713 398.676 522.388 444.147
2 0.923828 28.2233 403.764 33.7122 341.286 61.5892 343.736 56.1003 406.214
4 0.921875 195.761 403.624 199.835 357.711 224.239 359.876 220.165 405.789
2 0.917969 389.287 444.291 396.079 380.653 424.713 383.709 417.921 447.347
0 0.916016 434.061 442.237 437.251 387.674 464.439 389.263 461.249 443.826
4 0.915039 595.36 451.898 600.242 406.849 625.64 409.602 620.758 454.651
2 0.912109 376.615 269.799 388.886 188.786 416.385 192.951 404.114 273.964
4 0.911133 469.091 438.143 473.761 393.291 498.409 395.857 493.739 440.709
4 0.907227 87.9627 391.153 91.4764 347.356 116.287 349.347 112.774 393.144
2 0.901367 476.762 283.435 485.982 202.144 511.738 205.065 502.518 286.356
2 0.900391 541.199 295.702 547.456 212.248 574.801 214.298 568.544 297.752
4 0.897461 59.2795 389.999 64.1484 342.435 89.2205 345.001 84.3516 392.565
4 0.896484 563.48 450.976 567.505 403.804 593.52 406.024 589.495 453.196
3 0.894531 79.6659 234.409 86.15 181.461 111.709 184.591 105.225 237.539
3 0.892578 114.864 238.757 120.452 186.021 146.136 188.743 140.548 241.479
3 0.888672 13.7523 225.974 21.4133 148.037 49.279 150.776 41.618 228.713
4 0.886719 218.404 482.773 221.663 448.678 243.096 450.727 239.837 484.822
3 0.883789 47.1244 227.162 53.8998 158.37 81.5006 161.088 74.7252 229.88
2 0.864258 460.786 51.7742 463.422 -1.50438 492.714 -0.0554867 490.078 53.2231
2 0.858887 258.149 258.867 270.292 119.269 300.351 121.883 288.208 261.481
3 0.849609 225.63 252.346 233.845 175.094 262.62 178.154 254.405 255.406
2 0.849609 291.764 272.4 321.036 70.2589 352.736 74.8495 323.464 276.991
2 0.836914 338.647 262.183 359.575 83.7809 391.853 87.5674 370.925 265.969
3 0.758789 -1.90699 227.505 -1.63981 136.693 16.0632 136.745 15.7961 227.557
3 0.630859 275.145 -1.8925 303.565 -1.54372 303.355 15.5331 274.935 15.1843
2 0.570801 402.641 0.12505 434.891 0.273462 434.859 7.26558 402.609 7.11716
2 0.393066 -0.801156 388.722 -0.213864 333.163 10.6137 333.278 10.0264 388.837
