0 0.956055 446.682 226.785 495.11 253.053 482.818 275.715 434.39 249.447
4 0.952148 293.109 448.956 332.806 470.805 321.391 491.544 281.694 469.695
4 0.951172 278.015 472.332 318.148 493.705 306.985 514.668 266.852 493.295
4 0.951172 309.722 425.604 349.33 447.484 337.778 468.396 298.17 446.516
4 0.949219 486.612 175.262 524.536 197.757 512.388 218.238 474.464 195.743
4 0.947266 325.85 401.424 365.439 424.416 353.15 445.576 313.561 422.584
2 0.946289 424.89 258.271 478.532 293.521 463.61 316.229 409.968 280.979
4 0.945312 469.384 200.371 507.831 222.778 496.116 242.879 457.669 220.472
3 0.945312 100.295 441.598 145.481 469.537 132.58 490.402 87.3943 462.463
2 0.945312 218.106 559.733 272.491 592.331 258.144 616.267 203.759 583.669
4 0.941406 249.014 514.508 287.076 537.322 274.986 557.492 236.924 534.678
3 0.939453 68.4322 457.761 124.393 493.802 109.943 516.239 53.982 480.198
2 0.938477 255.265 172.543 321.364 224.783 304.235 246.457 238.136 194.217
4 0.935547 232.257 536.829 273.207 560.276 261.243 581.171 220.293 557.724
2 0.93457 139.125 242.868 250.82 318.246 235.375 341.132 123.68 265.754
2 0.933594 307.954 97.3441 374.836 142.48 360.546 163.656 293.664 118.52
2 0.931641 153.271 153.962 299.85 250.93 284.729 273.788 138.15 176.82
3 0.928711 122.095 412.622 170.277 441.101 157.405 462.878 109.223 434.399
2 0.927734 346.653 45.9536 416.033 90.9388 402.347 112.046 332.967 67.0612
4 0.926758 541.492 94.73 580.19 116.574 568.508 137.27 529.81 115.426
4 0.916016 523.228 121.475 562.936 144.945 550.772 165.525 511.064 142.055
3 0.912109 10.5839 530.344 76.6859 572.917 62.0411 595.656 -4.06094 553.083
2 0.911133 122.245 183.59 281.558 292.532 266.255 314.91 106.942 205.968
3 0.908203 41.8301 479.906 108.321 521.868 94.2949 544.094 27.8038 502.132
3 0.908203 22.4871 503.839 87.752 545.168 73.8254 567.161 8.56045 525.832
2 0.904297 64.168 -7.71566 169.704 33.3664 159.082 60.6532 53.5461 19.5711
3 0.894531 164.086 305.228 232.418 347.189 219.164 368.772 150.832 326.811
4 0.879883 399.943 448.559 428.455 467.928 416.557 485.441 388.045 466.072
3 0.858398 163.098 338.917 216.075 374.434 202.902 394.083 149.925 358.566
2 0.838867 147.463 -13.2694 205.206 -8.92092 202.787 23.2069 145.044 18.8584
3 0.802246 10.4829 184.651 44.457 187.104 42.5796 213.099 8.60554 210.646
4 0.640625 628.289 137.656 628.289 113.719 639.711 113.719 639.711 137.656
