4 0.949219 309.58 450.469 351.625 468.188 342.42 490.031 300.375 472.312
4 0.949219 322.794 426.222 364.461 442.885 355.706 464.778 314.039 448.115
4 0.947266 467.553 156.516 508.158 173.627 498.947 195.484 458.342 178.373
4 0.947266 335.342 400.221 377.75 417.635 368.658 439.779 326.25 422.365
4 0.946289 297.248 476.452 339.019 492.418 330.752 514.048 288.981 498.082
4 0.945312 273.927 522.833 313.324 540.297 304.073 561.167 264.676 543.703
4 0.942383 454.078 183.113 494.216 200.832 484.922 221.887 444.784 204.168
2 0.941406 248.453 570.611 307.394 597.717 296.047 622.389 237.106 595.283
0 0.939453 434.735 212.954 484.97 231.627 476.265 255.046 426.03 236.373
4 0.938477 259.207 546.414 303.273 563.724 294.293 586.586 250.227 569.276
3 0.9375 117.449 467.948 164.579 491.22 153.551 513.552 106.421 490.28
2 0.93457 415.792 246.146 474.933 273.565 463.208 298.854 404.067 271.435
4 0.932617 511.551 70.073 552.771 86.3375 544.449 107.427 503.229 91.1625
2 0.931641 238.571 182.501 309.75 223.84 295.429 248.499 224.25 207.16
3 0.927734 134.479 436.288 186.787 459.092 176.271 483.212 123.963 460.408
2 0.923828 280.013 100.688 353.247 135.877 341.987 159.312 268.753 124.123
2 0.921875 314.04 45.6783 388.094 80.0105 377.46 102.947 303.406 68.6145
3 0.920898 87.7024 487.262 147.762 517.379 135.548 541.738 75.4878 511.621
2 0.919922 129.972 263.9 253.354 327.914 240.028 353.6 116.646 289.586
4 0.917969 498.026 98.5906 539.679 117.284 529.974 138.909 488.321 120.216
2 0.917969 143.503 176.803 291.928 254.97 278.247 280.947 129.822 202.78
3 0.914062 67.4613 515.112 134.356 546.751 123.414 569.888 56.5185 538.249
2 0.910156 106.895 208.634 280.493 296.35 268.105 320.866 94.5072 233.15
3 0.905273 31.3772 563.372 110.414 601.348 98.7478 625.628 19.7108 587.652
2 0.904297 22.6644 7.20943 135.006 65.4964 120.586 93.2906 8.24375 35.0036
3 0.897461 48.2938 539.641 119.695 575.444 108.706 597.359 37.3049 561.556
3 0.893555 163.981 322.303 237.667 359.82 226.019 382.697 152.333 345.18
4 0.890625 416.6 437.938 444.827 455.57 433.9 473.062 405.673 455.43
2 0.850586 72.1755 -12.9097 172.092 7.60299 165.575 39.3472 65.6584 18.8345
3 0.819824 13.2044 579.495 27.4131 609.418 6.17063 619.505 -8.03805 589.582
3 0.819336 168.1 359.667 223.636 387.089 212.9 408.833 157.364 381.411
3 0.811523 -0.814251 222.013 30.9354 222.159 30.8143 248.487 -0.935411 248.341
3 0.78125 607.94 74.2262 647.016 83.0639 641.06 109.399 601.984 100.561
2 0.701172 214.313 621.259 272.661 623.856 271.687 645.741 213.339 643.144
