4 0.955078 258.234 434.422 287.702 469.662 269.266 485.078 239.798 449.838
4 0.955078 280.893 416.746 310.542 451.548 292.107 467.254 262.458 432.452
4 0.947266 304.395 398.712 332.148 434.728 312.605 449.788 284.852 413.772
4 0.947266 237.094 452.33 266.972 487.182 248.906 502.67 219.028 467.818
4 0.946289 522.887 229.352 550.874 264.43 532.113 279.398 504.126 244.32
2 0.945312 154.954 519.199 193.731 568.574 171.796 585.801 133.019 536.426
2 0.945312 439.72 290.498 479.066 342.707 456.78 359.502 417.434 307.293
2 0.94043 428.851 68.7255 478.887 128.562 459.649 144.649 409.613 84.8127
4 0.94043 499.466 248.598 527.286 283.249 509.034 297.902 481.214 263.251
0 0.939453 469.856 266.939 505.954 308.144 486.644 325.061 450.546 283.856
4 0.938477 196.887 484.25 225.353 519.705 206.613 534.75 178.147 499.295
3 0.9375 77.6006 371.032 107.868 413.316 87.3994 427.968 57.1322 385.684
4 0.935547 599.515 168.262 627.213 203.53 608.485 218.238 580.787 182.97
4 0.93457 174.708 501.063 205.198 538.216 186.042 553.937 155.552 516.784
2 0.933594 212.07 109.348 320.17 249.187 296.93 267.152 188.83 127.313
4 0.931641 575.314 188.073 603.56 225.795 583.686 240.677 555.44 202.955
3 0.931641 41.9289 376.081 82.5255 434.101 60.6336 449.419 20.037 391.399
2 0.929688 375.339 103.224 424.013 167.812 403.161 183.526 354.487 118.938
3 0.928711 16.5102 390.6 53.0155 455.973 29.8648 468.9 -6.64049 403.527
2 0.928711 298.336 160.386 348.957 229.523 327.664 245.114 277.043 175.977
3 0.926758 104.404 350.184 139.207 392.327 119.846 408.316 85.0431 366.173
2 0.924805 168.327 192.418 255.97 297.228 233.423 316.082 145.78 211.272
2 0.911133 175.206 132.39 285.686 275.761 264.794 291.86 154.314 148.489
4 0.907227 360.165 466.931 378.605 495.086 361.835 506.069 343.395 477.914
3 0.899414 180.163 258.39 227.424 322.938 205.337 339.11 158.076 274.562
3 0.898438 15.5793 431.484 24.5448 487.205 -2.25115 491.516 -11.2167 435.795
3 0.837891 168.421 296.515 203.177 343.377 184.829 356.985 150.073 310.123
3 0.81543 57.5068 104.643 91.2216 104.126 91.6182 129.982 57.9034 130.499
2 0.77832 209.457 -7.56163 248.126 -5.0668 246.293 23.3429 207.624 20.8481
3 0.772461 208.418 -7.57756 247.922 -4.9072 246.082 22.3119 206.578 19.6416
3 0.75293 0.0898442 503.398 0.0898433 480.602 11.9414 480.602 11.9414 503.398
2 0.741699 135.652 -6.59591 180.049 -2.08566 176.848 29.424 132.451 24.9138
2 0.511719 270.889 0.333392 289.592 0.276012 289.611 6.51817 270.908 6.57555
