4 0.943359 219.083 400.882 230.487 445.253 207.667 451.118 196.263 406.747
4 0.943359 274.965 385.806 286.225 430.76 262.535 436.694 251.275 391.74
4 0.938477 247.575 393.753 259.362 437.926 235.675 444.247 223.888 400.074
4 0.938477 192.665 408.88 206.281 453.276 182.335 460.62 168.719 416.224
4 0.933594 513.921 324.265 525.351 368.177 502.079 374.235 490.649 330.323
2 0.931641 91.5351 439.337 107.116 499.96 79.0899 507.163 63.5085 446.54
2 0.931641 442.681 339.819 457.7 403.06 429.819 409.681 414.8 346.44
4 0.929688 543.215 316.026 553.369 360.603 529.785 365.974 519.631 321.397
0 0.929688 480.44 329.349 496.072 383.253 470.56 390.651 454.928 336.747
2 0.923828 454.829 141.277 475.584 220.025 450.171 226.723 429.416 147.975
2 0.921875 518.823 129.325 540.31 206.969 515.177 213.925 493.69 136.281
4 0.921875 606.182 297.984 616.93 343.867 592.818 349.516 582.07 303.633
4 0.920898 116.651 429.84 128.357 475.972 103.974 482.16 92.2678 436.028
3 0.918945 42.0503 264.344 56.6946 328.635 30.2622 334.656 15.6179 270.365
4 0.916016 144.244 424.21 153.575 466.986 129.256 472.29 119.925 429.514
2 0.914062 364.116 166.816 380.968 247.641 354.384 253.184 337.532 172.359
2 0.90918 231.279 136.983 267.47 274.294 237.221 282.267 201.03 144.956
2 0.905273 301.986 83.5718 345.206 256.116 316.014 263.428 272.794 90.8839
4 0.904297 642.166 290.849 643.955 335.688 619.834 336.651 618.045 291.812
3 0.901367 110.142 262.853 125.324 316.431 99.8577 323.647 84.6761 270.069
3 0.900391 76.0414 272.363 90.5584 323.596 65.7086 330.637 51.1916 279.404
4 0.888672 300.824 470.61 306.329 504.826 284.176 508.39 278.671 474.174
2 0.888672 257.131 83.1117 307.499 274.21 278.369 281.888 228.001 90.7896
3 0.880859 214.533 209.332 232.455 286.914 206.467 292.918 188.545 215.336
3 0.878906 17.369 277.701 21.795 343.177 -2.19712 344.799 -6.62313 279.323
3 0.837891 190.012 239.84 203.552 295.338 181.738 300.66 168.198 245.162
3 0.819824 157.297 26.5487 189.783 25.6016 190.453 48.5763 157.967 49.5234
2 0.709473 399.324 -1.85371 432.699 -1.80252 432.676 13.8147 399.301 13.7635
2 0.616211 344.314 -4.07523 373.953 -4.43896 374.186 14.5596 344.547 14.9233
2 0.583984 116.889 430.601 128.476 476.859 104.361 482.899 92.7743 436.641
3 0.547852 344.129 -2.55998 373.203 -3.63084 373.871 14.5131 344.797 15.584
2 0.44873 481.293 329.168 496.262 383.26 470.707 390.332 455.738 336.24
