4 0.951172 331.771 450.957 376.012 461.177 370.729 484.043 326.488 473.823
4 0.948242 428.051 161.469 471.414 172.898 465.449 195.531 422.086 184.102
4 0.947266 349.675 396.222 393.599 407.225 387.825 430.278 343.901 419.275
4 0.943359 341.46 423.618 385.042 434.18 379.54 456.882 335.958 446.32
4 0.943359 436.729 132.916 480.218 144.236 474.271 167.084 430.782 155.764
2 0.942383 294.229 577.723 355.539 592.881 348.271 622.277 286.961 607.119
0 0.94043 413.896 192.877 468.737 205.103 463.104 230.373 408.263 218.147
4 0.938477 309.115 526.947 352.328 539.048 345.885 562.053 302.672 549.952
4 0.938477 324.498 477.812 368.904 488.286 363.502 511.188 319.096 500.714
2 0.9375 402.343 229.432 464.651 247.501 456.657 275.068 394.349 256.999
4 0.928711 300.233 552.821 345.335 564.265 339.267 588.179 294.165 576.735
3 0.924805 119.228 525.051 187.056 544.046 179.522 570.949 111.694 551.954
3 0.921875 145.727 500.152 200.471 516.027 193.273 540.848 138.529 524.973
2 0.919922 214.023 199.02 293.261 227.646 283.477 254.73 204.239 226.104
2 0.917969 120.899 299.148 255.891 339.872 247.601 367.352 112.609 326.628
4 0.916016 466.2 39.8715 509.598 51.1675 503.8 73.441 460.402 62.145
4 0.916016 457.327 69.9669 502.23 81.8023 496.173 104.783 451.27 92.9477
3 0.908203 156.265 467.1 213 480.573 206.985 505.9 150.25 492.427
3 0.905273 105.64 555.445 175.484 574.658 168.36 600.555 98.5164 581.342
2 0.904297 3.21926 76.7385 92.2541 101.819 84.0307 131.011 -5.00407 105.931
2 0.904297 107.879 208.201 285.279 260.237 277.121 288.049 99.7206 236.013
4 0.902344 433.81 420.702 466.616 430.543 460.69 450.298 427.884 440.457
2 0.896484 241.3 110.027 320.511 132.866 313.2 158.223 233.989 135.384
2 0.890625 94.32 248.313 274.722 304.249 266.68 330.187 86.2777 274.251
2 0.882812 20.8718 26.3257 121.043 51.091 113.003 83.6118 12.8317 58.8465
4 0.882812 414.821 193.117 468.381 205.058 462.679 230.633 409.119 218.692
3 0.873047 165.559 347.982 246.165 372.704 237.941 399.518 157.335 374.796
3 0.87207 92.5833 585.636 168.849 606.238 161.792 632.364 85.5256 611.762
2 0.857422 265.051 48.5711 346.747 72.2626 339.449 97.4289 257.753 73.7374
2 0.836914 -3.55259 138.903 31.2279 141.468 28.8026 174.347 -5.97792 171.782
3 0.834961 173.569 382.294 235.5 402.437 227.931 425.706 166 405.563
3 0.80957 -8.34144 284.638 16.3747 275.343 24.0914 295.862 -0.624703 305.157
3 0.710449 81.3428 619.766 154.591 620.328 154.407 644.234 81.1594 643.672
2 0.615234 76.191 618.924 154.771 621.577 153.809 650.076 75.2288 647.423
