4 0.953125 249.064 429.05 273.856 466.904 253.936 479.95 229.144 442.096
4 0.951172 273.697 412.719 298.52 451.261 278.303 464.281 253.48 425.739
4 0.948242 226.581 444.507 252.318 482.52 232.419 495.993 206.682 457.98
4 0.945312 611.992 193.646 636.51 231.081 617.008 243.854 592.49 206.419
4 0.942383 530.874 247.191 555.174 285.436 534.126 298.81 509.826 260.564
2 0.942383 449.72 79.0088 495.281 143.7 474.28 158.491 428.719 93.7998
4 0.942383 297.25 397.093 321.29 435.576 300.75 448.407 276.71 409.924
2 0.94043 139.719 504.118 171.242 558.014 147.531 571.882 116.008 517.986
4 0.939453 506.15 264.1 530.323 301.759 509.85 314.9 485.677 277.241
0 0.938477 475.159 279.744 506.486 325.406 484.841 340.256 453.514 294.594
2 0.9375 441.773 301.206 475.603 356.489 452.227 370.794 418.397 315.511
2 0.935547 315.063 158.94 355.974 232.733 331.937 246.06 291.026 172.267
4 0.935547 160.174 488.152 185.874 527.391 165.326 540.849 139.626 501.609
4 0.935547 184.01 472.973 207.037 511.125 186.49 523.527 163.463 485.375
4 0.93457 585.145 210.675 610.69 249.679 589.855 263.325 564.31 224.321
2 0.932617 228.007 100.349 326.72 249.07 302.493 265.151 203.78 116.43
2 0.924805 393.478 108.908 437.018 177.433 415.522 191.092 371.982 122.567
3 0.923828 38.5246 352.582 75.5895 413.36 52.5379 427.418 15.473 366.64
3 0.919922 74.1912 350.436 100.973 394.352 79.3088 407.564 52.527 363.648
3 0.919922 103.345 331.114 132.778 376.052 111.655 389.886 82.2225 344.948
2 0.917969 189.554 112.955 292.841 282.32 268.696 297.045 165.409 127.68
3 0.912109 20.2117 370.911 42.7802 437.173 16.6008 446.089 -5.96774 379.827
3 0.908203 184.176 245.64 227.534 314.576 204.824 328.86 161.466 259.924
4 0.904297 347.094 469.626 363.116 500.391 344.906 509.874 328.884 479.109
3 0.848633 15.5023 421.505 16.8593 461.701 -6.65854 462.495 -8.01557 422.299
3 0.821289 76.6416 85.9198 109.479 84.3571 110.608 108.08 77.7706 109.643
2 0.776367 242.236 -8.16017 275.423 -7.95653 275.264 18.0274 242.077 17.8237
4 0.73584 640.455 129.401 647.048 159.627 626.545 164.099 619.952 133.873
2 0.734375 169.441 -8.42555 203.278 -9.10041 203.809 17.5037 169.972 18.1785
3 0.716797 240.118 -6.48427 274.102 -7.52721 274.882 17.8671 240.898 18.91
