2 0.945312 16.3872 319.517 38.892 260.975 64.9253 270.983 42.4205 329.525
4 0.942383 459.027 486.768 474.445 444.093 496.973 452.232 481.555 494.907
4 0.942383 178.164 367.383 193.192 323.808 215.836 331.617 200.808 375.192
4 0.939453 151.925 355.486 167.252 312.546 189.575 320.514 174.248 363.454
4 0.9375 204.055 377.163 219.31 334.629 242.195 342.837 226.94 385.371
2 0.9375 352.048 459.096 376.298 399.126 402.952 409.904 378.702 469.874
4 0.932617 126.277 345.807 141.071 303.308 163.723 311.193 148.929 353.692
4 0.929688 78.2391 323.772 93.5744 282.564 115.511 290.728 100.176 331.936
2 0.929688 480.828 327.784 510.536 252.495 535.172 262.216 505.464 337.505
3 0.928711 80.5511 161.327 107.19 91.5521 133.699 101.673 107.06 171.448
4 0.927734 518.971 513.635 534.07 468.797 558.029 476.865 542.93 521.703
4 0.926758 51.5522 316.54 66.5033 271.224 89.9478 278.96 74.9967 324.276
2 0.924805 386.839 287.597 421.477 212.582 448.161 224.903 413.523 299.918
4 0.924805 430.414 475.107 446.157 432.85 469.086 441.393 453.343 483.65
2 0.920898 539.681 355.941 568.93 281.479 593.319 291.059 564.07 365.521
0 0.918945 396.266 468.944 413.024 416.362 438.734 424.556 421.976 477.138
3 0.917969 111.996 173.471 132.35 121.301 156.004 130.529 135.65 182.699
4 0.917969 549.003 523.806 563.807 481.146 586.997 489.194 572.193 531.854
3 0.912109 50.5053 142.811 83.7929 63.3111 110.37 74.4391 77.0821 153.939
3 0.90918 20.8393 132.92 55.7922 46.6709 81.7857 57.2049 46.8328 143.454
2 0.908203 274.743 239.857 330.641 111.636 358.757 123.893 302.859 252.114
3 0.90625 145.422 187.722 163.396 135.313 188.078 143.778 170.104 196.187
3 0.895508 -4.1744 122.582 27.0396 33.518 53.8619 42.9184 22.6479 131.982
2 0.89502 349.414 273.437 427.86 103.549 456.586 116.813 378.14 286.701
4 0.886719 178.545 449.391 189.297 416.313 210.205 423.109 199.453 456.187
2 0.885742 305.683 262.881 394.941 80.0012 421.817 93.1186 332.559 275.999
3 0.870605 247.209 227.934 280.305 156.476 304.791 167.816 271.695 239.274
2 0.862305 483.851 8.79976 532.805 -3.34294 541.149 30.294 492.195 42.4367
2 0.839355 280.716 251.663 356.719 94.7226 383.284 107.587 307.281 264.527
3 0.833496 363.623 -4.71407 392.763 -4.84817 392.877 19.9484 363.737 20.0825
3 0.824219 222.247 218.926 247.632 161.3 269.253 170.824 243.868 228.45
3 0.775391 -5.40133 42.6275 13.7361 9.90686 35.3701 22.56 16.2326 55.2806
4 0.772949 618.268 476.564 647.777 475.069 648.732 493.936 619.223 495.431
4 0.761719 396.042 469.942 412.4 415.568 438.958 423.558 422.6 477.932
2 0.640137 -4.22638 289.269 -2.52718 243.582 14.9295 244.231 13.2303 289.918
2 0.611816 624.398 501.797 624.398 467.703 639.602 467.703 639.602 501.797
4 0.585938 -4.86038 289.165 -4.5141 243.698 13.4385 243.835 13.0922 289.302
0 0.41748 -4.71197 289.356 -4.17364 242.952 12.3721 243.144 11.8338 289.548
3 0.349609 276.507 234.784 329.127 122.641 356.993 135.716 304.373 247.859
