4 0.951172 303.848 450.88 345.956 469.007 336.652 490.62 294.544 472.493
4 0.948242 318.729 425.748 360.325 444.11 350.771 465.752 309.175 447.39
4 0.946289 332.78 400.902 373.776 419.909 363.72 441.598 322.724 422.591
4 0.945312 291.339 476.135 332.792 492.491 324.161 514.365 282.708 498.009
4 0.945312 472.774 161.617 513.005 180.118 503.226 201.383 462.995 182.882
2 0.943359 239.983 567.925 298.49 596.815 286.017 622.075 227.51 593.185
2 0.942383 417.636 249.74 476.042 278.691 463.864 303.26 405.458 274.309
4 0.94043 458.449 188.088 498.847 207.119 489.051 227.912 448.653 208.881
4 0.94043 267.206 520.484 306.074 539.454 295.794 560.516 256.926 541.546
0 0.9375 438.348 216.019 488.555 238.552 478.152 261.731 427.945 239.198
2 0.93457 241.476 180.158 311.973 225.256 297.524 247.842 227.027 202.744
4 0.931641 251.053 543.483 294.949 563.589 284.447 586.517 240.551 566.411
3 0.929688 81.8587 479.857 141.822 510.852 129.266 535.143 69.3031 504.148
3 0.929688 128.691 429.529 182.114 452.43 171.809 476.471 118.386 453.57
3 0.929688 111.869 461.007 159.296 483.884 148.631 505.993 101.204 483.116
3 0.925781 59.8052 504.026 127.374 541.081 114.82 563.974 47.2508 526.919
2 0.924805 137.916 167.987 294.755 253.997 281.584 278.013 124.745 192.003
4 0.921875 504.752 103.887 547.421 123.669 537.248 145.613 494.579 125.831
2 0.918945 322.956 45.6691 396.425 82.5089 385.044 105.206 311.575 68.3661
2 0.915039 131.802 257.073 251.679 326.939 237.698 350.927 117.821 281.061
2 0.912109 116.062 203.128 274.092 292.651 260.938 315.872 102.908 226.349
4 0.910156 520.352 76.2212 561.464 94.7476 551.648 116.529 510.536 98.0024
3 0.90625 23.466 556.45 99.7424 592.956 87.9715 617.55 11.6951 581.044
3 0.904297 34.5751 526.982 113.351 566.483 101.55 590.018 22.7738 550.517
4 0.899414 410.072 441.46 440.918 458.131 430.428 477.54 399.582 460.869
2 0.898438 285.874 98.0629 360.457 137.782 348.126 160.937 273.543 121.218
3 0.894531 168.57 319.361 235.429 355.76 222.43 379.639 155.571 343.24
2 0.888672 30.4696 -0.274754 144.568 53.4757 131.03 82.2122 16.9321 28.4618
2 0.842285 93.5316 -14.1825 183.084 -2.0198 178.218 33.8075 88.6656 21.6448
3 0.835938 167.848 354.186 221.77 383.435 209.902 405.314 155.98 376.065
4 0.806641 437.672 216.04 488.25 238.738 477.828 261.96 427.25 239.262
3 0.747559 12.2414 573.621 14.2662 602.268 -1.45237 603.379 -3.47717 574.732
