4 0.942383 180.093 388.135 186.519 433.368 161.907 436.865 155.481 391.632
4 0.9375 236.499 381.54 241.572 427.291 217.501 429.96 212.428 384.209
0 0.935547 476.784 354.474 484.955 409.559 458.216 413.526 450.045 358.441
4 0.93457 207.66 384.304 212.281 429.789 188.59 432.196 183.969 386.711
4 0.923828 264.568 378.103 269.761 423.652 245.682 426.397 240.489 380.848
4 0.923828 606.102 342.604 610.801 388.866 585.898 391.396 581.199 345.134
4 0.921875 540.534 350.44 544.855 395.734 520.466 398.06 516.145 352.766
4 0.917969 129.668 395.308 133.603 437.94 109.207 440.192 105.272 397.56
2 0.917969 75.1594 402.444 80.696 464.51 52.1531 467.056 46.6165 404.99
2 0.917969 437.316 360.118 443.469 422.597 415.184 425.382 409.031 362.903
3 0.912109 86.7915 234.923 93.4217 291.536 67.4585 294.577 60.8283 237.964
4 0.911133 101.07 396.822 106.744 445.272 81.9297 448.178 76.2555 399.728
4 0.908203 637.082 339.698 639.797 383.896 616.918 385.302 614.203 341.104
4 0.908203 510.542 354.817 515.188 399.199 491.458 401.683 486.812 357.301
2 0.908203 481.272 164.758 489.242 245.679 463.228 248.242 455.258 167.321
2 0.904297 545.519 162.512 556.445 242.961 530.481 246.488 519.555 166.039
2 0.902344 386.555 174.639 390.661 258.225 362.445 259.611 358.339 176.025
2 0.902344 257.044 124.435 274.946 269.585 244.706 273.315 226.804 128.165
3 0.897461 121.63 230.393 128.786 285.619 101.87 289.107 94.7143 233.881
3 0.895508 54.0232 220.732 58.285 290.102 31.1643 291.768 26.9025 222.398
3 0.890625 21.3085 214.263 23.5257 294.545 -1.51159 295.237 -3.72887 214.955
4 0.874023 275.253 464.07 279.476 498.311 258.247 500.93 254.024 466.689
2 0.861328 335.485 77.2812 356.83 259.536 327.515 262.969 306.17 80.7144
2 0.854492 394.135 -1.7791 423.848 -1.23208 423.365 25.0135 393.652 24.4665
3 0.849609 231.766 194.59 240.397 272.425 213.484 275.41 204.853 197.575
2 0.845215 293.762 80.4176 315.623 272.175 285.738 275.582 263.877 83.8246
3 0.821289 203.351 5.00705 233.63 4.6819 233.899 29.7117 203.62 30.0369
3 0.800781 202.785 222.855 209.186 277.513 186.715 280.145 180.314 225.487
4 0.800781 640.641 434.318 641.5 459.772 629.359 460.182 628.5 434.728
2 0.776367 445.239 -1.36435 481.266 -0.756393 480.761 29.1612 444.734 28.5533
3 0.590332 393.015 -1.42284 422.906 -1.51454 422.985 24.3291 393.094 24.4208
2 0.532715 231.384 194.38 240.421 271.54 214.116 274.62 205.079 197.46
0 0.452637 447.155 -1.91044 482.21 0.29723 480.345 29.9104 445.29 27.7028
