2 0.93457 20.0426 372.88 33.5847 311.193 60.5824 317.12 47.0403 378.807
4 0.93457 188.852 390.137 196.867 345.666 220.148 349.863 212.133 394.334
4 0.931641 485.822 459.461 493.688 415.725 517.678 420.039 509.812 463.775
4 0.929688 215.546 396.853 223.478 351.955 247.204 356.147 239.272 401.045
4 0.928711 160.766 384.179 168.156 338.967 191.734 342.821 184.344 388.033
2 0.928711 376.628 451.31 388.663 388.674 417.372 394.19 405.337 456.826
4 0.928711 132.929 379.156 140.66 334.19 164.821 338.344 157.09 383.31
2 0.925781 479.251 300.415 495.96 220.582 522.249 226.085 505.54 305.918
2 0.923828 380.893 276.322 400.532 195.486 429.107 202.428 409.468 283.264
4 0.921875 81.9986 365.66 90.5212 322.684 114.001 327.34 105.479 370.316
0 0.920898 420.581 454.267 428.699 398.353 455.419 402.233 447.301 458.147
4 0.918945 54.9369 362.63 63.6639 315.906 87.5631 320.37 78.8361 367.094
4 0.912109 456.19 453.349 464.915 409.044 488.31 413.651 479.585 457.956
3 0.910156 56.1254 204.484 72.5709 131.117 99.9996 137.266 83.5541 210.633
2 0.90918 542.126 318.507 558.059 238.643 584.874 243.993 568.941 323.857
4 0.90918 581.647 481.096 589.302 436.752 613.353 440.904 605.698 485.248
3 0.908203 88.9905 211.142 101.336 157.61 126.259 163.358 113.914 216.89
4 0.90625 549.616 475.4 558.262 429.552 582.384 434.1 573.738 479.948
3 0.892578 23.6557 194.92 41.2643 111.189 70.4693 117.33 52.8607 201.061
3 0.888672 124.45 220.65 134.913 165.859 161.05 170.85 150.587 225.641
2 0.886719 262.03 248.741 293.439 116.033 323.97 123.259 292.561 255.967
3 0.870117 -4.66168 190.542 8.78228 98.2032 38.0054 102.458 24.5615 194.797
2 0.866211 296.738 268.089 348.981 72.3142 380.262 80.6615 328.019 276.436
2 0.853027 341.247 269.246 387.421 86.1022 419.753 94.2537 373.579 277.398
3 0.851562 230.782 240.458 252.707 163.977 279.968 171.792 258.043 248.273
2 0.819824 437.699 -4.50944 468.633 -4.03488 468.301 17.6501 437.367 17.1755
3 0.793945 206.431 237.211 218.823 179.495 242.319 184.539 229.927 242.255
2 0.77832 488.254 69.122 498.347 -6.33091 530.746 -1.99702 520.653 73.4559
3 0.717285 307.509 -2.38356 335.74 -1.95047 335.491 14.2976 307.26 13.8645
2 0.675293 -2.93339 344.864 -0.35055 299.406 12.5115 300.136 9.92867 345.594
3 0.649902 -10.5411 97.7899 25.0501 126.635 18.4044 134.835 -17.1868 105.99
3 0.595703 -6.40644 145.821 5.12709 106.021 13.4338 108.429 1.90025 148.229
3 0.586914 -17.4401 130.139 20.8945 98.2332 27.9713 106.736 -10.3632 138.642
4 0.533203 419.904 454.395 427.694 397.362 455.096 401.105 447.306 458.138
3 0.476562 0.488282 135.625 0.48828 94.625 9.15234 94.625 9.15234 135.625
0 0.347412 -0.905822 343.304 -0.679996 299.149 8.47614 299.196 8.25031 343.351
