4 0.957031 283.009 417.86 312.557 452.008 294.491 467.64 264.943 433.492
4 0.953125 259.894 435.087 290.112 469.687 272.106 485.413 241.888 450.813
4 0.949219 521.865 225.617 550.036 260.267 531.135 275.633 502.964 240.983
4 0.946289 304.76 398.962 334.592 433.977 315.74 450.038 285.908 415.023
4 0.946289 239.571 453.773 269.945 488.443 251.929 504.227 221.555 469.557
4 0.942383 596.317 163.516 625.537 197.285 607.683 212.734 578.463 178.965
2 0.942383 157.662 522.798 198.95 569.926 178.088 588.202 136.8 541.074
2 0.942383 439.067 288.176 479.556 340.059 457.433 357.324 416.944 305.441
0 0.9375 469.528 265.045 505.418 304.889 486.472 321.955 450.582 282.111
4 0.935547 497.977 245.155 526.789 279.396 509.023 294.345 480.211 260.104
4 0.935547 177.627 504.515 208.682 539.418 190.623 555.485 159.568 520.582
3 0.935547 76.8262 375.947 108.227 415.057 89.5488 430.053 58.1481 390.943
4 0.935547 572.607 184.632 601.982 220.315 583.393 235.618 554.018 199.935
4 0.93457 200.562 486.665 228.065 522.243 209.188 536.835 181.685 501.257
2 0.933594 371.242 102.744 421.68 165.963 401.258 182.256 350.82 119.037
2 0.931641 296.085 160.726 347.228 229.243 325.415 245.524 274.272 177.007
2 0.931641 424.765 66.1303 475.934 126.565 456.235 143.245 405.066 82.8097
2 0.931641 206.924 110.082 319.357 251.448 297.076 269.168 184.643 127.802
3 0.928711 42.9415 381.62 85.6829 439.25 63.9335 455.38 21.1921 397.75
3 0.921875 104.201 353.409 140.824 394.066 121.924 411.091 85.3012 370.434
2 0.921875 165.134 195.329 257.197 298.802 234.866 318.671 142.803 215.198
3 0.915039 16.9012 394.347 57.8845 462.25 34.8488 476.153 -6.1345 408.25
4 0.90625 363.311 465.307 382.418 493.808 364.689 505.693 345.582 477.192
3 0.892578 179.269 263.096 227.445 324.44 206.481 340.904 158.305 279.56
3 0.883789 13.0195 433.161 31.6947 490.279 5.51175 498.839 -13.1634 441.721
3 0.821289 56.1125 107.792 89.0616 110.527 87.0125 135.208 54.0634 132.473
2 0.819824 168.393 125.384 282.294 279.95 260.357 296.116 146.456 141.55
3 0.807617 201.746 -6.88285 243.776 -4.55948 242.254 22.9766 200.224 20.6532
2 0.804688 201.452 -9.32843 244.831 -5.32465 242.048 24.8284 198.669 20.8246
2 0.804688 128.497 -7.20124 173.297 -0.204108 168.253 32.0919 123.453 25.0947
3 0.762695 5.80484 479.706 17.6868 505.232 2.51547 512.294 -9.36647 486.768
2 0.576172 262.435 -0.577703 285.091 -0.508194 285.065 7.99177 262.409 7.92226
4 0.533203 470.455 264.058 505.395 305.843 485.545 322.442 450.605 280.657
