4 0.951172 257.39 433.007 284.456 469.737 265.11 483.993 238.044 447.263
4 0.949219 279.673 415.877 307.993 452.165 288.827 467.123 260.507 430.835
4 0.948242 235.142 451.067 264.806 486.102 246.108 501.933 216.444 466.898
2 0.947266 432.779 69.5521 482.152 132.419 462.221 148.073 412.848 85.2056
4 0.947266 524.636 233.223 551.493 268.861 532.364 283.277 505.507 247.639
4 0.947266 302.957 398.217 330.322 435.114 310.543 449.783 283.178 412.886
0 0.945312 471.414 269.577 506.615 311.674 486.586 328.423 451.385 286.326
2 0.945312 440.617 292.937 478.27 345.538 455.883 361.563 418.23 308.962
4 0.942383 500.766 251.036 529.095 286.321 510.234 301.464 481.905 266.179
2 0.941406 150.889 516.426 189.975 566.511 168.111 583.574 129.025 533.489
4 0.941406 194.34 482.579 221.445 517.753 202.41 532.421 175.305 497.247
3 0.9375 76.2751 367.897 107.66 409.944 87.3499 425.103 55.9652 383.056
3 0.9375 40.1586 372.026 81.9333 429.822 60.2789 445.474 18.5042 387.678
4 0.93457 601.862 173.53 629.878 208.425 611.138 223.47 583.122 188.575
2 0.933594 214.368 108.513 321.789 250.602 298.132 268.487 190.711 126.398
2 0.933594 303.919 161.377 350.486 229.251 328.081 244.623 281.514 176.749
2 0.933594 378.639 104.718 427.463 169.506 406.861 185.032 358.037 120.244
4 0.929688 170.491 498.376 202.146 535.532 183.259 551.624 151.604 514.468
4 0.929688 577.514 192.859 605.651 230.194 585.486 245.391 557.349 208.056
3 0.929688 17.2002 390.57 54.1069 451.297 31.6748 464.93 -5.23194 404.203
3 0.924805 103.394 346.855 137.684 387.104 118.856 403.145 84.566 362.896
2 0.923828 170.054 186.985 255.956 297.058 232.946 315.015 147.044 204.942
3 0.904297 180.952 255.887 226.944 321.192 205.048 336.613 159.056 271.308
4 0.892578 358.429 467.051 375.66 496.615 357.071 507.449 339.84 477.885
3 0.884766 16.558 430.679 20.9147 483.154 -5.18296 485.321 -9.53975 432.846
3 0.81543 61.4257 100.341 95.0674 102.097 93.8243 125.909 60.1826 124.153
3 0.780762 170.743 295.28 203.794 341.451 185.257 354.72 152.206 308.549
2 0.772949 142.54 -7.3113 183.273 -4.30665 180.96 27.0457 140.227 24.041
3 0.753418 215.58 -8.28634 253.857 -6.64127 252.67 20.9895 214.393 19.3444
3 0.660645 0.203125 495.664 0.203125 474.836 9.14062 474.836 9.14062 495.664
2 0.597656 214.602 -9.76866 253.321 -8.22358 252.148 21.1593 213.429 19.6142
