4 0.955078 290.523 448.009 330.318 470.957 318.477 491.491 278.682 468.543
4 0.951172 308.21 425.08 347.669 447.674 335.79 468.42 296.331 445.826
4 0.949219 274.979 471.538 315.407 493.548 304.021 514.462 263.593 492.452
4 0.946289 324.873 401.302 363.745 425.008 351.127 445.698 312.255 421.992
4 0.945312 488.58 177.649 527.071 200.961 514.42 221.851 475.929 198.539
2 0.943359 426.044 259.299 479.108 296.185 463.456 318.701 410.392 281.815
2 0.942383 257.652 171.896 323.105 224.943 305.348 246.854 239.895 193.807
4 0.942383 246.518 513.304 283.562 537.162 270.982 556.696 233.938 532.838
2 0.941406 215.015 557.739 268.268 592.384 252.735 616.261 199.482 581.616
0 0.94043 447.852 229.273 496.33 255.185 484.148 277.977 435.67 252.065
3 0.94043 67.1804 453.548 124.188 491.639 108.945 514.452 51.937 476.361
4 0.94043 471.483 202.7 509.83 226.248 497.517 246.3 459.17 222.752
3 0.939453 99.4135 437.411 143.4 467.59 129.336 488.089 85.3498 457.91
2 0.938477 312.409 98.0783 379.325 142.939 365.091 164.172 298.175 119.311
4 0.931641 227.918 534.542 269.643 559.205 257.082 580.458 215.357 555.795
3 0.928711 119.38 408.64 167.447 438.156 154.12 459.86 106.053 430.344
2 0.927734 156.11 152.333 301.479 250.437 286.14 273.167 140.771 175.063
4 0.923828 544.258 98.8946 583.01 120.769 571.742 140.73 532.99 118.856
2 0.921875 138.594 239.529 252.317 318.582 236.406 341.471 122.683 262.418
3 0.918945 6.06534 526.376 71.5499 569.552 56.9972 591.624 -8.4874 548.448
4 0.916016 526.65 124.768 567.081 148.917 554.35 170.232 513.919 146.083
2 0.912109 130.3 182.267 280.348 288.98 264.7 310.983 114.652 204.27
3 0.90918 19.9625 499.224 88.6188 545.864 74.4125 566.776 5.7562 520.136
3 0.908203 41.9574 477.599 103.918 519.414 89.4176 540.901 27.457 499.086
3 0.904297 166.325 301.72 231.072 345.996 216.175 367.78 151.428 323.504
2 0.895508 74.2864 -8.63929 173.939 28.5767 163.214 57.2955 63.5611 20.0796
2 0.895508 350.411 45.1935 422.836 94.0703 408.589 115.181 336.164 66.3047
4 0.892578 397.311 450.021 425.191 470.238 412.689 487.479 384.809 467.262
3 0.857422 167.206 337.004 215.749 373.006 201.294 392.496 152.751 356.494
2 0.830078 156.853 -11.9782 208.368 -9.13049 206.647 22.0095 155.132 19.1617
3 0.807617 13.3258 180.656 47.5671 182.865 45.9555 207.844 11.7142 205.635
4 0.691406 448.766 228.552 495.914 256.322 482.734 278.698 435.586 250.928
