4 0.955078 254.607 431.709 282.16 468.271 262.893 482.791 235.34 446.229
4 0.955078 278.636 415.018 305.585 452.182 285.864 466.482 258.915 429.318
4 0.951172 232.574 449.002 261.285 485.102 241.926 500.498 213.215 464.398
4 0.948242 301.375 397.628 328.569 434.769 308.625 449.372 281.431 412.231
4 0.947266 526.769 236.401 553.121 273.454 533.231 287.599 506.879 250.546
4 0.945312 605.854 177.918 631.909 214.914 612.146 228.832 586.091 191.836
2 0.943359 148.479 513.543 185.97 565.412 163.771 581.457 126.28 529.588
2 0.942383 440.875 295.571 477.279 348.284 454.625 363.929 418.221 311.216
4 0.941406 501.852 254.423 529.062 290.186 510.148 304.577 482.938 268.814
4 0.9375 192.291 480.122 217.691 516.661 197.959 530.378 172.559 493.839
2 0.935547 437.18 71.1269 485.131 135.164 464.82 150.373 416.869 86.3364
4 0.93457 579.989 196.451 607.239 235.396 587.011 249.549 559.761 210.604
2 0.933594 217.409 106.79 323.301 250.488 299.591 267.96 193.699 124.262
4 0.933594 168.326 495.43 197.896 533.081 178.174 548.57 148.604 510.919
2 0.932617 305.991 160.706 352.737 229.744 330.509 244.794 283.763 175.756
3 0.932617 39.3167 367.592 79.112 423.73 56.9958 439.408 17.2005 383.27
3 0.931641 16.2008 382.902 50.4969 448.757 26.7992 461.098 -7.49689 395.243
2 0.929688 382.254 105.827 430.692 171.138 409.746 186.673 361.308 121.362
0 0.928711 472.08 272.08 506.67 315.162 486.42 331.42 451.83 288.338
3 0.928711 75.1638 363.32 106.25 406.747 86.0862 421.18 55.0004 377.753
3 0.926758 102.654 342.048 137.555 383.785 118.221 399.952 83.3201 358.215
2 0.923828 171.179 182.481 257.694 297.282 234.821 314.519 148.306 199.718
3 0.908203 182.376 253.103 227.481 321.059 204.374 336.397 159.269 268.441
4 0.895508 354.897 468.056 372.932 496.731 355.103 507.944 337.068 479.269
3 0.870117 17.2367 428.988 19.3178 477.412 -6.26792 478.512 -8.34908 430.088
2 0.850586 147.714 -8.44365 186.099 -7.14778 185.036 24.3499 146.651 23.054
3 0.824219 65.2915 98.1882 98.6412 95.3678 100.708 119.812 67.3588 122.632
4 0.772461 472.151 271.512 507.029 315.643 486.349 331.988 451.471 287.857
2 0.763672 222.744 -8.88403 258.473 -7.67778 257.506 20.9622 221.777 19.7559
3 0.718262 221.693 -7.7001 258.054 -6.69585 257.307 20.3251 220.946 19.3209
3 0.492188 0.285156 488.223 0.285156 473.777 6.10547 473.777 6.10547 488.223
