4 0.938477 231.786 374.693 234.59 420.325 210.464 421.807 207.66 376.175
0 0.93457 472.587 365.909 478.284 420.33 451.913 423.091 446.216 368.67
4 0.925781 175.463 378.558 178.753 423.156 154.537 424.942 151.247 380.344
4 0.923828 537.817 365.74 539.479 410.865 515.183 411.76 513.521 366.635
4 0.921875 260.648 373.902 262.931 420.378 238.102 421.598 235.819 375.122
4 0.920898 203.347 376.562 205.972 421.548 182.153 422.938 179.528 377.952
2 0.910156 69.4911 384.483 72.5685 447.126 44.2589 448.517 41.1815 385.874
2 0.907227 434.289 366.91 437.059 431.35 408.211 432.59 405.441 368.15
4 0.90625 95.4627 380.863 98.4291 429.147 74.1623 430.637 71.1959 382.353
3 0.904297 93.0114 217.55 95.5085 271.774 69.9886 272.95 67.4915 218.726
4 0.902344 603.845 362.493 605.437 409.654 580.155 410.507 578.563 363.346
4 0.901367 508.039 367.708 510.245 412.623 486.461 413.792 484.255 368.877
2 0.901367 491.298 176.399 494.094 259.227 468.202 260.101 465.406 177.273
2 0.899414 365.903 260.642 370.467 178.081 398.097 179.608 393.533 262.169
3 0.897461 60.8042 201.271 62.6095 274.812 35.4458 275.479 33.6405 201.938
4 0.897461 264.614 461.01 266.586 494.796 246.136 495.99 244.164 462.204
2 0.896484 556.631 177.903 560.728 261.302 534.369 262.597 530.272 179.198
4 0.890625 123.609 380.612 125.51 424.852 101.391 425.888 99.4901 381.648
4 0.888672 635.257 361.433 637.173 406.017 612.743 407.067 610.827 362.483
3 0.882812 127.888 217.206 131.898 271.559 104.987 273.544 100.977 219.191
2 0.869141 271.37 120.88 278.467 265.331 247.13 266.87 240.033 122.419
3 0.858887 240.525 187.016 242.914 264.854 214.225 265.734 211.836 187.896
3 0.854004 28.3703 184.654 29.9843 272.327 1.81722 272.846 0.203178 185.173
2 0.845703 471.946 -3.64444 511.27 13.2837 497.554 45.1444 458.23 28.2163
2 0.84375 353.521 79.8817 362.771 268.155 332.979 269.618 323.729 81.3453
2 0.832031 309.604 70.9126 319.207 279.442 288.896 280.837 279.293 72.3085
3 0.823242 225.253 -0.175961 253.901 -0.879221 254.497 23.4103 225.849 24.1136
4 0.795898 617.004 456.955 642.329 457.344 641.996 479.045 616.671 478.656
2 0.75 413.9 -0.306173 446.28 0.985958 445.1 30.5562 412.72 29.264
4 0.688965 413.535 0.466233 446.09 1.16548 445.465 30.2838 412.91 29.5845
4 0.492188 482.282 -6.58229 510.539 24.7866 485.718 47.1448 457.461 15.7759
