4 0.948242 260.944 403.707 278.436 447.061 255.556 456.293 238.064 412.939
4 0.947266 233.484 415.694 251.469 457.829 229.266 467.306 211.281 425.171
4 0.945312 208.666 427.936 228.631 470.485 206.084 481.064 186.119 438.515
4 0.943359 286.341 392.684 303.837 434.922 281.159 444.316 263.663 402.078
2 0.942383 444.248 321.16 468.541 380.843 442.752 391.34 418.459 331.657
2 0.9375 113.245 473.571 136.761 531.343 110.755 541.929 87.239 484.157
4 0.9375 162.402 450.019 178.262 491.898 155.598 500.481 139.738 458.602
4 0.935547 136.21 459.597 155.341 504.606 132.29 514.403 113.159 469.394
0 0.935547 479.841 304.687 503.759 355.46 479.659 366.813 455.741 316.04
4 0.935547 540.669 281.058 557.238 322.863 534.331 331.942 517.762 290.137
4 0.93457 600.41 253.004 616.997 297.214 593.59 305.996 577.003 261.786
4 0.929688 512.779 293.456 530.452 335.756 508.221 345.044 490.548 302.744
2 0.928711 486.314 101.335 520.602 173.546 497.186 184.665 462.898 112.454
2 0.925781 426.542 123.267 457.634 197.045 433.458 207.233 402.366 133.455
2 0.923828 338.684 161.812 368.623 239.426 343.316 249.188 313.377 171.574
3 0.918945 36.9106 307.427 60.7871 369.894 35.4644 379.573 11.5879 317.106
2 0.917969 263.202 87.9943 336.595 251.53 308.798 264.006 235.405 100.47
3 0.917969 72.8625 311.072 93.6591 361.718 70.0125 371.428 49.2159 320.782
4 0.914062 634.856 241.646 643.184 286.378 619.144 290.854 610.816 246.122
2 0.912109 204.888 157.385 261.217 284.461 234.362 296.365 178.033 169.289
3 0.907227 104.666 297.096 128.298 347.866 104.584 358.904 80.9524 308.134
2 0.902344 223.463 95.226 300.459 275.605 272.537 287.524 195.541 107.145
4 0.900391 324.991 472.146 334.977 504.352 314.009 510.854 304.023 478.648
3 0.890625 17.8909 326.204 26.1552 391.558 0.546639 394.796 -7.7177 329.442
3 0.883789 200.42 228.472 228.157 301.039 203.33 310.528 175.593 237.961
3 0.828613 177.987 258.281 200.302 314.583 178.513 323.219 156.198 266.917
3 0.794434 114.653 53.3653 145.673 51.4596 147.097 74.6347 116.077 76.5404
2 0.777344 294.55 -4.12322 324.187 -4.57788 324.45 12.6076 294.813 13.0623
4 0.709473 631.562 264.414 631.562 240.086 639.438 240.086 639.438 264.414
3 0.58252 -4.76129 388.271 14.5983 395.739 11.9019 402.729 -7.45769 395.261
2 0.483398 224.101 0.423413 240.286 0.17511 240.399 7.53752 224.214 7.78583
3 0.372803 294.517 -3.54733 324.306 -4.73604 324.983 12.2348 295.194 13.4235
