2 0.946289 99.9847 454.507 118.264 514.765 91.1403 522.993 72.8614 462.735
4 0.943359 225.407 407.926 239.712 451.678 217.093 459.074 202.788 415.322
4 0.942383 253.243 398.247 267.229 442.397 244.007 449.753 230.021 405.603
4 0.942383 199.456 417.802 215.668 461.417 192.044 470.198 175.832 426.583
4 0.94043 280.46 388.745 293.776 433.134 270.04 440.255 256.724 395.866
4 0.932617 542.658 300.23 555.491 343.98 532.342 350.77 519.509 307.02
4 0.928711 124.458 443.812 139.424 489.584 116.167 497.188 101.201 451.416
0 0.928711 480.175 317.849 500.558 369.739 475.325 379.651 454.942 327.761
2 0.928711 442.97 132.053 467.659 209.986 442.53 217.947 417.841 140.014
4 0.927734 151.137 435.868 164.335 478.432 141.113 485.632 127.915 443.068
2 0.926758 443.318 331.341 463.61 392.763 436.682 401.659 416.39 340.237
2 0.923828 218.86 149.122 264.098 278.041 234.64 288.378 189.402 159.459
2 0.923828 504.959 116.485 532.393 191.701 507.541 200.765 480.107 125.549
4 0.923828 604.019 277.766 618.068 323.076 594.981 330.234 580.932 284.924
2 0.923828 353.076 162.562 374.783 243.904 348.424 250.938 326.717 169.596
4 0.921875 513.894 310.148 528.17 353.811 505.106 361.352 490.83 317.689
3 0.916992 38.5136 282.748 57.9454 347.521 32.1739 355.252 12.7421 290.479
4 0.907227 638.399 267.876 643.848 314.402 620.601 317.124 615.152 270.598
3 0.905273 107.178 277.878 125.151 330.123 100.447 338.622 82.4738 286.377
2 0.904297 283.736 81.8979 342.898 255.599 314.264 265.352 255.102 91.6508
3 0.901367 74.153 288.453 90.7305 339.156 66.597 347.047 50.0195 296.344
4 0.899414 311.002 471.282 319.293 504.384 297.998 509.718 289.707 476.616
2 0.888672 242.509 86.2577 304.03 272.484 274.491 282.242 212.97 96.0161
3 0.882812 17.4316 297.75 21.2263 366.395 -3.28317 367.75 -7.07784 299.105
3 0.876953 207.222 217.026 231.024 292.159 204.778 300.474 180.976 225.341
2 0.874023 261.104 80.0728 328.349 260.979 298.896 271.927 231.651 91.0208
3 0.832031 185.089 248.356 203.9 304.145 181.661 311.644 162.85 255.855
3 0.812012 137.839 38.663 167.545 34.9528 170.411 57.8995 140.705 61.6097
4 0.759277 481.123 316.933 500.933 371.246 475.377 380.567 455.567 326.254
2 0.724121 379.654 -1.14952 407.279 -1.31902 407.346 9.56358 379.721 9.73309
2 0.685547 323.536 -3.28001 353.332 -3.50855 353.464 13.6784 323.668 13.907
3 0.568848 323.78 -3.19463 351.883 -3.75514 352.22 13.1478 324.117 13.7083
