4 0.946289 255.807 400.643 272 443.799 249.193 452.357 233 409.201
4 0.945312 228.973 411.297 244.736 454.512 222.277 462.703 206.514 419.488
4 0.9375 203.821 422.065 219.519 465.104 196.679 473.435 180.981 430.396
0 0.9375 480.056 312.666 501.886 364.913 476.944 375.334 455.114 323.087
4 0.935547 282.758 390.021 297.73 433.979 274.242 441.979 259.27 398.021
4 0.935547 542.227 292.74 556.128 335.703 532.773 343.26 518.872 300.297
2 0.932617 105.612 462.308 125.92 520.756 98.7628 530.192 78.4548 471.744
4 0.931641 603.445 268.082 618.159 312.62 594.555 320.418 579.841 275.88
2 0.929688 435.307 126.67 464.618 204.79 439.193 214.33 409.882 136.21
2 0.926758 498.298 108.833 527.485 185.195 502.702 194.667 473.515 118.305
2 0.925781 445.042 328.343 464.99 388.727 437.958 397.657 418.01 337.273
4 0.924805 128.628 450.659 145.676 496.097 122.372 504.841 105.324 459.403
2 0.923828 212.808 149.353 262.283 282.455 234.192 292.897 184.717 159.795
2 0.923828 347.331 161.917 372.7 241.995 347.169 250.083 321.8 170.005
4 0.921875 156.62 441.21 169.897 484.501 146.13 491.79 132.853 448.499
4 0.921875 513.503 303.444 529.345 346.063 506.497 354.556 490.655 311.937
2 0.914062 277.212 84.5056 340.563 251.787 312.288 262.494 248.937 95.2135
3 0.912109 73.0259 297.879 92.8313 351.16 68.7241 360.121 48.9187 306.84
4 0.905273 637.471 257.594 643.46 302.73 619.529 305.906 613.54 260.77
3 0.902344 106.074 286.125 124.769 336.419 100.676 345.375 81.9813 295.081
2 0.897461 233.639 87.8788 301.901 278.659 273.361 288.871 205.099 98.0908
4 0.892578 316.102 471.94 324.703 504.576 303.898 510.06 295.297 477.424
3 0.883789 37.988 293.359 59.338 357.986 33.137 366.641 11.787 302.014
3 0.880859 17.1452 310.325 24.0758 376.525 -1.23897 379.175 -8.16956 312.975
3 0.880859 204.639 223.327 228.739 295.536 202.861 304.173 178.761 231.964
3 0.788086 182.408 254.749 201.994 308.445 180.592 316.251 161.006 262.555
3 0.77832 129.773 46.4331 159.991 42.659 162.727 64.5669 132.509 68.341
4 0.730469 626.541 262.288 648.69 270.988 645.459 279.212 623.31 270.512
2 0.675293 311.621 -3.83215 341.229 -4.10466 341.379 12.129 311.771 12.4015
2 0.587891 368.762 -0.914094 394.853 -0.55386 394.738 7.79691 368.647 7.43667
3 0.386475 311.27 -2.82602 341.022 -4.15042 341.73 11.7557 311.978 13.0801
