4 0.955078 299.74 423.024 336.136 450.277 321.76 469.476 285.364 442.223
4 0.955078 280.015 445.022 316.932 471.619 302.985 490.978 266.068 464.381
4 0.948242 500.8 192.599 536.894 220.149 522.2 239.401 486.106 211.851
2 0.948242 195.605 547.675 244.087 587.463 226.145 609.325 177.663 569.537
4 0.948242 262.208 466.864 300.117 492.194 286.792 512.136 248.883 486.806
0 0.947266 456.645 240.269 500.738 272.14 485.855 292.731 441.762 260.86
4 0.943359 318.156 401.092 354.273 429.278 339.344 448.408 303.227 420.222
2 0.943359 378.205 52.2344 439.898 102.078 424.295 121.391 362.602 71.547
4 0.943359 481.195 215.637 517.157 242.999 502.805 261.863 466.843 234.501
2 0.942383 272.032 167.249 330.63 226.207 311.468 245.251 252.87 186.293
2 0.94043 146.808 221.947 251.854 311.442 233.442 333.053 128.396 243.558
2 0.938477 331.648 97.4481 393.929 149.042 377.352 169.052 315.071 117.458
2 0.9375 431.862 269.21 480.043 311.289 462.138 331.79 413.957 289.711
4 0.9375 563.947 118.475 600.038 144.985 586.053 164.025 549.962 137.515
3 0.9375 58.1631 430.505 109.898 476.82 91.8369 496.995 40.102 450.68
3 0.9375 90.3797 417.868 131.201 452.11 115.245 471.132 74.4237 436.89
4 0.9375 229.494 505.814 265.307 533.062 250.756 552.186 214.943 524.938
4 0.93457 210.402 525.946 249.509 554.949 234.598 575.054 195.491 546.051
3 0.931641 12.9334 499.682 43.6194 560.645 18.4416 573.318 -12.2444 512.355
3 0.928711 111.936 391.626 157.561 423.445 143.314 443.874 97.6888 412.055
2 0.926758 170.75 134.457 307.907 253.137 290.25 273.543 153.093 154.863
2 0.915039 153.998 172.353 287.087 291.867 267.752 313.397 134.663 193.883
4 0.914062 543.499 142.24 580.842 171.29 565.501 191.01 528.158 161.96
3 0.912109 169.339 286.467 231.241 339.864 213.411 360.533 151.509 307.136
3 0.90918 12.2839 474.704 67.806 528.055 50.2786 546.296 -5.24347 492.945
4 0.884766 387.823 456.175 411.921 479.761 397.177 494.825 373.079 471.239
2 0.879883 120.572 -10.8349 198.848 16.767 188.928 44.8974 110.652 17.2955
3 0.836914 166.733 325.46 211.352 363.003 197.017 380.04 152.398 342.497
3 0.808594 24.4736 152.021 59.6471 155.486 56.9639 182.729 21.7904 179.264
2 0.797852 197.654 -3.65482 232.404 -3.54821 232.346 15.5923 197.596 15.4857
4 0.754883 625.989 178.937 651.433 191.356 644.011 206.563 618.567 194.144
