4 0.943359 218.203 399.264 228.86 444.14 205.297 449.736 194.64 404.86
4 0.941406 246.538 392.195 256.962 437.319 233.212 442.805 222.788 397.681
4 0.939453 274.235 384.882 284.921 429.881 260.765 435.618 250.079 390.619
4 0.93457 191.602 407.26 203.111 450.925 179.148 457.24 167.639 413.575
2 0.933594 442.268 342.446 456.566 405.214 428.732 411.554 414.434 348.786
0 0.929688 480.344 332.235 495.271 386.176 469.656 393.265 454.729 339.324
4 0.929688 514.042 327.566 524.206 371.564 500.958 376.934 490.794 332.936
2 0.928711 89.6681 434.717 103.833 496.905 75.8319 503.283 61.6665 441.095
4 0.925781 543.372 320.628 552.398 363.916 528.628 368.872 519.602 325.584
4 0.923828 142.079 420.62 150.736 464.143 126.921 468.88 118.264 425.357
4 0.917969 113.755 425.992 125.932 472.777 101.995 479.008 89.8178 432.223
4 0.916992 606.724 302.606 616.747 348.557 592.276 353.894 582.253 307.943
3 0.916992 42.1961 258.581 55.2624 319.38 29.4914 324.919 16.4251 264.12
2 0.916016 521.55 133.089 542.003 210.689 517.45 217.161 496.997 139.561
2 0.912109 458.587 143.568 477.503 224.32 451.413 230.432 432.497 149.68
2 0.908203 367.118 167.592 381.787 249.159 355.382 253.908 340.713 172.341
4 0.908203 642.329 296.136 643.829 340.548 619.671 341.364 618.171 296.952
3 0.904297 77.9636 268.189 90.5191 322.539 65.5364 328.311 52.9809 273.961
2 0.899414 305.345 81.2644 346.993 256.637 318.155 263.486 276.507 88.1131
3 0.898438 111.307 259.532 125.075 312.426 99.9432 318.968 86.1754 266.074
2 0.895508 230.393 138.294 268.526 272.87 239.107 281.206 200.974 146.63
2 0.884766 261.16 81.4688 306.996 274.476 278.34 281.281 232.504 88.2742
3 0.878906 216.229 207.29 233.761 284.256 206.521 290.46 188.989 213.494
4 0.876953 297.218 469.495 304.095 504.067 281.782 508.505 274.905 473.933
3 0.863281 17.9939 271.39 21.7196 338.787 -2.22825 340.11 -5.95393 272.713
3 0.850586 190.624 238.502 203.796 293.221 181.876 298.498 168.704 243.779
3 0.821289 164.361 23.9516 193.166 22.8022 194.139 47.1734 165.334 48.3228
3 0.746582 349.568 -2.51521 378.966 -3.23688 379.432 15.7418 350.034 16.4634
4 0.71875 481.228 332.923 494.524 386.002 468.272 392.577 454.976 339.498
2 0.689453 404.987 -2.63004 437.797 -3.0327 438.013 14.591 405.203 14.9936
2 0.472656 480.908 331.826 495.292 386.4 469.592 393.174 455.208 338.6
2 0.454102 350.3 -2.77227 378.826 -3.34119 379.2 15.3895 350.674 15.9584
