4 0.946289 254.811 399.909 269.939 443.02 246.939 451.091 231.811 407.98
4 0.946289 226.963 409.661 242.03 453.024 219.537 460.839 204.47 417.476
4 0.939453 202.026 419.815 217.505 463.928 193.974 472.185 178.495 428.072
4 0.9375 281.742 389.458 295.457 433.693 271.758 441.042 258.043 396.807
4 0.935547 542.541 296.777 555.785 339.49 532.459 346.723 519.215 304.01
2 0.933594 102.918 458.51 122.143 519.194 95.9567 527.49 76.7322 466.806
4 0.932617 513.78 307.274 528.754 350.802 505.72 358.726 490.746 315.198
0 0.929688 479.989 315.399 501.343 367.404 476.511 377.601 455.157 325.596
2 0.928711 502.593 112.732 529.516 189.458 504.407 198.268 477.484 121.542
2 0.926758 349.944 162.612 373.656 242.544 348.056 250.138 324.344 170.206
2 0.925781 443.423 329.268 464.21 390.921 438.077 399.732 417.29 338.079
4 0.923828 153.597 438.926 166.42 481.669 143.403 488.574 130.58 445.831
2 0.923828 215.376 148.835 264.513 279.795 234.874 290.915 185.737 159.955
4 0.923828 126.822 447.405 143.238 492.411 119.428 501.095 103.012 456.089
4 0.923828 603.528 272.906 618.329 317.712 594.472 325.594 579.671 280.788
2 0.920898 439.874 130.282 466.332 207.963 440.626 216.718 414.168 139.037
3 0.918945 37.4578 287.767 58.2761 352.108 33.1672 360.233 12.3489 295.892
4 0.912109 639.043 263.373 643.469 308.312 619.957 310.627 615.531 265.688
3 0.912109 106.456 281.673 125.444 332.758 101.044 341.827 82.0555 290.742
2 0.911133 281.155 83.7397 340.506 252.879 312.345 262.76 252.994 93.6212
3 0.908203 73.5279 292.064 91.3908 344.248 67.4721 352.436 49.6092 300.252
4 0.896484 313.706 470.92 322.674 504.945 301.294 510.58 292.326 476.555
2 0.894531 237.964 88.0951 302.331 276.133 273.786 285.905 209.419 97.8665
3 0.880859 205.474 220.867 229.634 293.254 204.526 301.633 180.366 229.246
3 0.878906 17.6168 303.08 23.569 372.2 -2.21058 374.42 -8.16276 305.3
3 0.845703 183.904 254.935 202.369 306.543 181.346 314.065 162.881 262.457
4 0.819336 569.703 374.223 582.104 413.368 560.297 420.277 547.896 381.132
3 0.791992 133.975 41.003 164.51 39.6907 165.525 63.3095 134.99 64.6218
2 0.632812 373.092 -0.667461 400.966 -0.496423 400.908 8.97215 373.034 8.80111
1 0.421387 317.468 -2.5102 346.398 -3.66465 347.032 12.229 318.102 13.3834
3 0.419678 317.401 -3.0189 346.556 -4.00319 347.099 12.0658 317.944 13.0501
2 0.394043 317.725 -3.16048 345.971 -3.68047 346.275 12.8324 318.029 13.3523
