0 0.931641 469.873 373.491 472.914 428.501 445.627 430.009 442.586 374.999
4 0.927734 199.725 369.897 200.969 414.942 177.025 415.603 175.781 370.558
4 0.923828 526.734 373.95 541.404 416.591 518.266 424.55 503.596 381.909
2 0.921875 387.12 424.678 421.587 368.98 446.38 384.322 411.913 440.02
4 0.921875 228.525 370.432 229.933 416.317 205.475 417.068 204.067 371.183
2 0.917969 35.6789 432.843 40.2094 370.57 68.8836 372.657 64.3531 434.93
4 0.917969 225.43 409.983 242.665 368.009 265.82 377.517 248.585 419.491
4 0.910156 172.682 370.967 174.073 416.289 149.818 417.033 148.427 371.711
4 0.908203 500.224 375.333 508.783 419.066 485.276 423.667 476.717 379.934
3 0.90625 38.3892 260.374 39.9613 189.017 67.6108 189.626 66.0387 260.983
4 0.904297 92.6459 412.058 100.284 368.186 124.729 372.442 117.091 416.314
3 0.904297 70.3753 260.686 73.3977 205.143 99.4997 206.564 96.4773 262.107
2 0.902344 471.014 266.073 472.758 186.342 499.486 186.927 497.742 266.658
4 0.899414 91.693 368.084 96.6012 416.397 71.807 418.916 66.8988 370.603
2 0.898438 562.783 192.674 563.995 271.665 537.217 272.076 536.005 193.085
2 0.897461 371.201 265.219 375.589 181.771 404.299 183.281 399.911 266.728
4 0.893555 571.829 420.836 579.73 375.71 605.171 380.164 597.27 425.29
4 0.889648 595.297 400.552 632.907 377.537 645.703 398.448 608.093 421.463
3 0.888672 133.523 207.279 135.229 262.877 107.727 263.721 106.021 208.123
2 0.874023 211.485 247.852 297.751 121.491 322.515 138.398 236.249 264.759
3 0.870117 1.64393 259.475 8.1189 177.982 36.9811 180.275 30.5061 261.768
4 0.869141 238.825 456.964 267.552 475.842 255.925 493.536 227.198 474.658
3 0.858398 218.613 261.943 220.584 182.592 249.387 183.307 247.416 262.658
3 0.854004 241.789 -0.315536 270.443 -0.667192 270.711 21.1905 242.057 21.5422
2 0.850586 246.479 266.554 258.869 117.317 287.521 119.696 275.131 268.933
2 0.834961 288.513 275.016 291.412 70.7863 322.987 71.2343 320.088 275.464
2 0.831543 332.574 262.069 339.494 80.8262 368.426 81.9308 361.506 263.174
3 0.816406 203.522 205.199 224.328 258.165 202.978 266.551 182.172 213.585
2 0.779297 289.322 74.4294 352.464 261.696 323.178 271.571 260.036 84.304
2 0.775391 426.462 2.1895 464.535 4.70451 462.538 34.9355 424.465 32.4205
2 0.712402 471.959 373.198 473.7 429.953 446.041 430.802 444.3 374.047
4 0.696777 620.946 387.86 655.654 407.172 652.054 413.64 617.346 394.328
4 0.583008 514.293 -1.39386 517.992 48.7511 484.707 51.2064 481.008 1.06136
