4 0.941406 237.546 382.694 243.181 428.379 219.454 431.306 213.819 385.621
4 0.933594 181.275 390.507 187.75 436.08 163.725 439.493 157.25 393.92
0 0.928711 477.246 351.297 486.266 407.357 459.254 411.703 450.234 355.643
4 0.927734 209.163 385.799 214.237 431.55 190.337 434.201 185.263 388.45
2 0.926758 438.546 357.618 445.174 420.928 416.954 423.882 410.326 360.572
4 0.925781 541.004 346.375 546.206 390.79 521.996 393.625 516.794 349.21
4 0.921875 265.859 378.375 271.826 424.427 247.141 427.625 241.174 381.573
4 0.920898 607.021 338.058 611.548 384.023 586.979 386.442 582.452 340.477
4 0.914062 639.007 334.13 641.625 378.991 617.993 380.37 615.375 335.509
2 0.914062 76.9055 405.727 83.8667 468.499 54.3445 471.773 47.3833 409.001
4 0.912109 130.479 399.487 134.759 441.614 111.146 444.013 106.866 401.886
4 0.910156 510.95 351.24 516.509 396.305 492.55 399.26 486.991 354.195
3 0.902344 120.235 234.754 126.987 289.496 100.64 292.746 93.888 238.004
4 0.900391 102.427 400.216 108.905 449.038 84.4479 452.284 77.9696 403.462
2 0.898438 479.106 161.941 487.703 244.055 461.394 246.809 452.797 164.695
2 0.895508 542.658 158.238 553.909 239.21 528.342 242.762 517.091 161.79
2 0.89502 253.68 126.495 273.178 270.052 244.07 274.005 224.572 130.448
2 0.894531 383.408 173.442 390.036 256.365 362.592 258.558 355.964 175.635
3 0.892578 85.9569 239.197 91.8072 295.079 65.7931 297.803 59.9428 241.921
3 0.890625 52.2317 225.652 57.8692 296.177 30.7058 298.348 25.0683 227.823
4 0.883789 278.229 465.632 281.25 499.497 260.271 501.368 257.25 467.503
3 0.880859 20.5953 219.989 22.9109 303.832 -1.67343 304.511 -3.98907 220.668
2 0.853027 330.491 75.8358 354.439 260.666 325.509 264.414 301.561 79.5843
2 0.853027 291.792 80.9545 313.474 256.747 284.708 260.295 263.026 84.5025
3 0.848633 231.216 195.182 237.783 274.285 210.284 276.568 203.717 197.465
2 0.842773 389.007 -2.13925 416.647 -1.96965 416.493 23.0299 388.853 22.8603
3 0.812012 197.963 7.24359 228.149 6.2245 229.037 32.5064 198.851 33.5255
2 0.810059 442.172 -3.25236 476.234 -3.35687 476.328 27.4242 442.266 27.5287
3 0.79248 200.562 224.608 207.344 279.598 184.688 282.392 177.906 227.402
3 0.428223 388.012 -1.91827 415.364 -2.5897 415.988 22.8245 388.636 23.496
