4 0.928711 197.465 405.543 200.609 360.277 224.785 361.957 221.641 407.223
4 0.925781 140.696 401.553 143.395 355.445 169.054 356.947 166.355 403.055
4 0.923828 169.426 403.009 172.115 357.088 196.074 358.491 193.385 404.412
0 0.921875 434.859 440.945 437.885 384.026 466.641 385.555 463.615 442.474
4 0.921875 226.039 408.975 228.98 362.975 253.211 364.525 250.27 410.525
2 0.920898 28.058 408.559 34.211 347.054 63.067 349.941 56.914 411.446
4 0.917969 500.199 438.531 504.377 393.129 529.801 395.469 525.623 440.871
4 0.914062 471.197 436.026 474.46 390.205 499.303 391.974 496.04 437.795
2 0.912109 391.839 442.676 396.071 380.382 424.661 382.324 420.429 444.618
4 0.908203 89.1457 394.375 93.2238 350.376 117.479 352.625 113.401 396.624
2 0.902344 475.532 280.617 483.098 198.653 509.968 201.133 502.402 283.097
2 0.901367 377.098 269.828 386.3 187.717 414.902 190.922 405.7 273.033
2 0.898438 541.188 291.636 546.46 209.179 572.812 210.864 567.54 293.321
3 0.896484 77.8233 238.973 82.626 185.94 108.427 188.277 103.624 241.31
3 0.892578 113.646 244.107 117.953 190.059 144.104 192.143 139.797 246.191
4 0.892578 61.1157 394.373 64.9339 347.121 89.7593 349.127 85.9411 396.379
4 0.892578 598.26 447.236 601.656 402.365 626.74 404.264 623.344 449.135
3 0.888672 44.2093 236.77 50.6149 163.048 78.6032 165.48 72.1976 239.202
4 0.886719 391.208 443.595 396.272 378.605 425.792 380.905 420.728 445.895
4 0.882812 220.27 482.929 225.561 450.008 247.73 453.571 242.439 486.492
4 0.87793 565.004 446.197 569.23 399.387 595.996 401.803 591.77 448.613
2 0.875 455.736 50.647 457.198 -0.738422 486.764 0.102978 485.302 51.4884
2 0.871582 255.74 260.232 266.171 117.989 297.26 120.268 286.829 262.511
3 0.871582 11.3027 232.081 19.4741 149.924 47.0723 152.669 38.9009 234.826
3 0.855469 224.128 253.629 231.118 175.943 260.872 178.621 253.882 256.307
2 0.838867 290.35 275.374 316.533 67.517 349.15 71.6257 322.967 279.483
2 0.824219 339.13 264.395 355.943 81.6671 387.87 84.6047 371.057 267.333
3 0.742188 -1.80694 229.167 -0.347528 140.867 12.7054 141.083 11.246 229.383
4 0.589355 492.756 515.327 496.204 475.193 519.244 477.173 515.796 517.307
3 0.586426 269.811 -2.20318 297.963 -1.77128 297.689 16.086 269.537 15.6541
2 0.586426 398.946 0.0184569 430.617 0.309957 430.554 7.12607 398.883 6.83457
4 0.566895 435.033 440.676 437.35 383.661 465.967 384.824 463.65 441.839
2 0.48584 269.723 -0.752043 297.644 -0.966198 297.777 16.3927 269.856 16.6068
3 0.302979 455.51 50.3062 457.05 -1.13953 486.99 -0.24369 485.45 51.202
