0 0.952148 435.889 214.046 486.767 234.938 477.111 258.454 426.233 237.562
4 0.951172 470.368 158.76 510.826 177.066 501.132 198.49 460.674 180.184
4 0.949219 306.746 451.141 348.387 468.689 339.254 490.359 297.613 472.811
4 0.948242 334.354 400.562 376.091 418.681 366.646 440.438 324.909 422.319
4 0.947266 320.884 425.917 362.655 443.07 353.616 465.083 311.845 447.93
4 0.946289 294.285 476.178 336.227 492.653 327.715 514.322 285.773 497.847
4 0.945312 270.496 521.99 309.677 540.229 300.004 561.01 260.823 542.771
4 0.943359 456.308 185.737 496.198 204.008 486.692 224.763 446.802 206.492
2 0.94043 243.531 569.502 301.595 596.421 289.969 621.498 231.905 594.579
2 0.939453 416.905 247.472 475.467 276.95 463.095 301.528 404.533 272.05
4 0.9375 254.662 544.627 299.067 563.581 289.338 586.373 244.933 567.419
3 0.935547 115.061 464.126 161.881 486.535 151.189 508.874 104.369 486.465
2 0.932617 241.336 181.65 310.722 224.995 295.664 249.1 226.278 205.755
3 0.923828 131.867 433.208 184.241 456.713 173.883 479.792 121.509 456.287
2 0.923828 136.369 171.392 294.305 254.569 281.381 279.108 123.445 195.931
3 0.921875 84.6698 482.937 144.863 514.167 132.205 538.563 72.0122 507.333
2 0.918945 282.297 98.5917 357.493 136.587 345.203 160.908 270.007 122.913
4 0.918945 500.963 101.24 544.533 119.601 535.037 142.135 491.467 123.774
4 0.918945 517.257 73.5652 557.712 90.4676 548.743 111.935 508.288 95.0324
3 0.916992 60.4963 507.004 130.508 543.465 118.254 566.996 48.2415 530.535
2 0.916016 130.222 260.686 252.099 327.523 238.778 351.814 116.901 284.977
2 0.914062 109.989 205.565 278.789 296.792 266.011 320.435 97.2108 229.208
2 0.912109 318.733 45.7704 392.795 80.3825 381.767 103.98 307.705 69.3675
4 0.908203 412.404 440.03 442.75 455.364 433.096 474.47 402.75 459.136
3 0.904297 39.6703 532.475 116.1 570.8 104.705 593.525 28.2752 555.2
3 0.897461 164.851 320.324 235.475 356.829 223.149 380.676 152.525 344.171
3 0.897461 27.0011 559.51 104.292 596.502 92.8114 620.49 15.5203 583.498
2 0.847168 79.9766 -12.8548 176.594 2.38714 171.398 35.3236 74.7807 20.0816
3 0.832031 166.75 353.885 222.73 385.033 211 406.115 155.02 374.967
3 0.771484 4.82019 576.006 24.1945 597.12 7.9845 611.994 -11.3898 590.88
3 0.740723 613.233 78.0947 650.375 90.4913 641.767 116.28 604.625 103.884
