2 0.943359 15.2905 309.841 41.4738 250.894 66.8345 262.159 40.6512 321.106
2 0.943359 347.326 459.852 373.441 401.423 399.674 413.148 373.559 471.577
0 0.941406 390.605 471.798 409.003 419.303 434.395 428.202 415.997 480.697
4 0.94043 202.786 374.168 218.375 331.223 240.714 339.332 225.125 382.277
4 0.94043 176.499 361.684 193.073 319.008 215.751 327.816 199.177 370.492
4 0.939453 453.075 490.741 470.712 449.069 492.425 458.259 474.788 499.931
4 0.939453 151.043 350.063 167.401 306.97 189.707 315.437 173.349 358.53
4 0.93457 51.9052 306.537 68.7627 262.229 91.7198 270.963 74.8623 315.271
2 0.93457 388.284 289.226 425.003 217.378 451.216 230.774 414.497 302.622
4 0.933594 78.1626 315.46 94.919 275.182 116.212 284.04 99.456 324.318
4 0.932617 125.9 339.267 141.677 296.623 163.6 304.733 147.823 347.377
2 0.931641 480.002 333.858 513.369 258.27 537.998 269.142 504.631 344.73
3 0.926758 84.8276 153.498 116.244 83.062 142.172 94.6267 110.756 165.063
4 0.925781 425.573 479.485 442.735 437.042 464.927 446.015 447.765 488.458
2 0.923828 537.187 364.804 570.652 289.464 594.813 300.196 561.348 375.536
4 0.918945 542.593 531.614 558.15 490.055 580.407 498.386 564.85 539.945
4 0.917969 511.686 519.266 528.909 476.343 552.314 485.734 535.091 528.657
2 0.914062 277.168 235.364 339.455 114.748 366.832 128.886 304.545 249.502
3 0.912109 150.998 182.071 169.572 130.534 194.252 139.429 175.678 190.966
3 0.910156 117.467 165.945 139.271 115.826 162.783 126.055 140.979 176.174
3 0.905273 56.3475 134.73 94.9991 54.8387 119.403 66.6451 80.7509 146.536
3 0.901367 29.2374 124.038 66.0003 37.7285 91.2001 48.4623 54.4372 134.771
4 0.901367 173.791 442.888 187.854 411.933 206.959 420.612 192.896 451.567
2 0.899414 349.25 276.362 436.438 105.441 465.25 120.138 378.062 291.059
2 0.895508 310.479 258.885 400.062 87.5114 427.521 101.865 337.938 273.239
3 0.883789 1.471 111.39 40.0387 25.1871 66.9665 37.2348 28.3988 123.438
3 0.87207 251.063 226.15 285.321 156.703 309.437 168.6 275.179 238.047
2 0.836914 488.207 21.508 540.758 -6.52931 557.793 25.3983 505.242 53.4356
3 0.833496 373.748 -4.54815 403.651 -4.08942 403.252 21.8763 373.349 21.4175
4 0.821289 616.163 503.345 632.665 478.892 650.837 491.155 634.335 515.608
3 0.813477 225.326 217.124 249.923 161.576 270.924 170.876 246.327 226.424
3 0.782715 6.61235 34.5795 23.1837 -1.895 43.8251 7.48295 27.2538 43.9575
4 0.714844 -5.66308 278.6 -4.95968 232.606 14.2725 232.9 13.5691 278.894
2 0.5625 -6.5336 278.645 -5.16062 232.759 14.7367 233.355 13.3637 279.241
4 0.557617 632.496 478.383 632.496 460.617 639.504 460.617 639.504 478.383
2 0.461914 615.147 495.705 640.569 480.013 651.853 498.295 626.431 513.987
