4 0.949219 258.817 402.807 275.893 445.89 253.683 454.693 236.607 411.61
4 0.948242 206.433 426.25 225.629 468.5 203.067 478.75 183.871 436.5
4 0.947266 232.125 414.404 249.017 457.022 226.125 466.096 209.233 423.478
0 0.941406 480.418 307.207 502.664 358.666 478.082 369.293 455.836 317.834
4 0.939453 285.273 392.32 301.943 434.757 279.227 443.68 262.557 401.243
2 0.939453 491.437 104.117 523.33 177.893 499.063 188.383 467.17 114.607
2 0.9375 110.481 469.897 132.985 528.774 107.269 538.603 84.7646 479.726
2 0.935547 444.178 323.735 467.155 383.301 441.322 393.265 418.345 333.699
4 0.93457 541.019 284.514 557.08 327.319 533.981 335.986 517.92 293.181
4 0.93457 160.397 447.79 174.955 489.279 152.353 497.21 137.795 455.721
4 0.932617 601.883 258.294 617.895 302.616 594.117 311.206 578.105 266.884
4 0.931641 512.702 297.336 529.855 339.107 507.798 348.164 490.645 306.393
4 0.928711 133.466 457.284 151.814 501.199 129.034 510.716 110.686 466.801
2 0.928711 430.929 124.938 459.945 200.16 435.571 209.562 406.555 134.34
2 0.920898 267.993 86.6213 337.749 252.148 310.507 263.629 240.751 98.1017
2 0.916016 342.563 161.56 370.459 241.058 344.437 250.19 316.541 170.692
3 0.914062 72.9485 305.608 91.9604 355.349 68.3015 364.392 49.2896 314.651
2 0.912109 206.729 154.532 261.641 283.178 234.021 294.968 179.109 166.322
3 0.911133 104.502 292.898 126.014 342.871 102.248 353.102 80.7356 303.129
3 0.908203 37.0194 302.876 58.7698 363.665 33.7306 372.624 11.9802 311.835
4 0.907227 635.04 246.796 642.477 291.272 618.96 295.204 611.523 250.728
4 0.905273 322.379 471.73 331.999 505.285 311.121 511.27 301.501 477.715
2 0.898438 225.902 93.2053 301.242 275.094 273.598 286.545 198.258 104.656
3 0.882812 201.49 227.026 228.274 299.083 203.01 308.474 176.226 236.417
3 0.870117 19.0782 320.41 25.0813 387.706 -1.64067 390.09 -7.64384 322.794
3 0.808594 179.075 255.269 202.777 310.797 180.675 320.231 156.973 264.703
3 0.788086 119.427 52.4645 150.968 49.1135 153.323 71.2856 121.782 74.6365
4 0.755371 626.869 249.815 650.079 260.967 646.131 269.185 622.921 258.033
4 0.628906 632.375 268.125 632.375 246.375 639.625 246.375 639.625 268.125
2 0.606934 301.076 -3.81749 330.714 -4.18122 330.924 12.9112 301.286 13.275
2 0.48584 357.496 0.388475 376.949 0.209433 377.004 6.1584 357.551 6.33744
1 0.45459 300.438 -2.72573 329.914 -3.90198 330.562 12.3351 301.086 13.5114
3 0.352783 300.589 -3.30537 330.354 -4.31023 330.911 12.196 301.146 13.2009
