4 0.949219 257.43 402.271 273.6 445.369 251.32 453.729 235.15 410.631
4 0.949219 230.536 412.569 247.026 455.712 224.214 464.431 207.724 421.288
4 0.943359 204.404 424.662 223.021 466.316 200.596 476.338 181.979 434.684
2 0.938477 495.21 106.945 525.003 180.786 500.79 190.555 470.997 116.714
0 0.935547 480.454 309.686 502.886 361.576 478.046 372.314 455.614 320.424
2 0.93457 432.674 125.532 463.049 202.169 438.326 211.968 407.951 135.331
4 0.93457 541.366 289.245 556.295 330.568 533.634 338.755 518.705 297.432
2 0.93457 107.362 466.532 129.81 524.728 103.263 534.968 80.815 476.772
4 0.93457 284.053 391.244 299.529 434.497 276.447 442.756 260.971 399.503
4 0.932617 513.094 300.189 529.458 342.611 506.906 351.311 490.542 308.889
2 0.931641 443.906 325.267 465.825 386.526 440.094 395.733 418.175 334.474
4 0.929688 131.124 453.821 148.831 498.099 126.126 507.179 108.419 462.901
4 0.926758 157.581 444.697 172.212 486.392 149.669 494.303 135.038 452.608
4 0.925781 602.407 263.471 618.146 307.459 595.593 315.529 579.854 271.541
2 0.920898 272.884 86.522 338.146 252.664 310.616 263.478 245.354 97.3361
2 0.917969 210.479 153.575 262.694 281.855 234.271 293.425 182.056 165.145
3 0.916016 36.6894 298.279 58.5448 358.199 33.8106 367.221 11.9552 307.301
2 0.912109 344.202 161.816 371.669 240.868 346.298 249.684 318.831 170.632
3 0.910156 104.821 289.283 125.993 339.095 102.179 349.217 81.0073 299.405
4 0.908203 637.307 252.741 642.877 297.899 619.693 300.759 614.123 255.601
4 0.904297 319.279 472.154 328.437 504.476 307.721 510.346 298.563 478.024
3 0.904297 71.9477 301.935 92.4091 353.559 68.4273 363.065 47.9659 311.441
2 0.895508 229.953 94.0692 298.846 264.82 272.547 275.431 203.654 104.68
3 0.885742 202.736 224.165 228.803 297.017 202.764 306.335 176.697 233.483
3 0.882812 16.8147 314.996 23.4601 380.409 -2.08035 383.004 -8.72569 317.591
3 0.803711 121.963 50.5008 152.62 42.9963 158.037 65.1242 127.38 72.6288
2 0.671387 306.565 -2.58715 336.782 -2.86527 336.935 13.7746 306.718 14.0528
2 0.580078 363.05 -0.846098 384.425 -0.911675 384.45 7.4086 363.075 7.47418
3 0.441895 305.912 -3.19109 335.217 -3.82055 335.588 13.4411 306.283 14.0706
