4 0.952148 269.401 410.331 291.539 449.975 270.599 461.669 248.461 422.025
4 0.949219 244.11 424.9 266.354 464.449 245.64 476.1 223.396 436.551
4 0.949219 293.715 395.199 315.515 435.243 294.285 446.801 272.485 406.757
4 0.946289 220.001 439.401 244.291 478.022 223.499 491.099 199.209 452.478
4 0.943359 618.389 209.52 639.398 248.536 618.611 259.73 597.602 220.714
4 0.943359 534.391 258.459 555.893 297.954 534.609 309.541 513.107 270.046
2 0.941406 130.412 494.501 158.911 549.844 134.338 562.499 105.839 507.155
2 0.94043 442.619 308.054 474.096 364.424 449.881 377.946 418.404 321.576
4 0.9375 591.165 224.65 614.298 265.778 592.835 277.85 569.702 236.722
0 0.9375 477.293 288.171 506.166 335.679 483.707 349.329 454.834 301.821
4 0.93457 507.994 273.831 530.995 312.473 510.506 324.669 487.505 286.027
4 0.931641 176.323 465.915 197.54 505.174 176.427 516.585 155.21 477.326
2 0.929688 404.509 113.166 445.359 183.256 422.491 196.584 381.641 126.494
2 0.923828 241.363 94.1628 329.244 251.538 303.637 265.837 215.756 108.462
2 0.923828 188.016 169.736 258.044 288.213 231.734 303.764 161.706 185.287
4 0.921875 152.067 479.241 175.323 520.587 153.683 532.759 130.427 491.413
2 0.921875 321.656 156.892 360.038 236.149 335.344 248.108 296.962 168.851
2 0.920898 462.309 84.0574 503.297 154.138 481.191 167.068 440.203 96.9866
3 0.919922 19.6429 358.516 32.589 421.576 6.24775 426.984 -6.69837 363.924
3 0.917969 103.556 319.856 130.54 365.509 108.319 378.644 81.335 332.991
3 0.915039 72.7826 337.905 95.4158 381.857 73.5924 393.095 50.9592 349.143
3 0.915039 37.1306 337.004 69.3624 397.305 45.6194 409.996 13.3876 349.695
4 0.914062 340.006 470.872 353.576 501.74 334.494 510.128 320.924 479.26
3 0.895508 189.324 238.44 226.418 308.614 201.926 321.56 164.832 251.386
3 0.839844 172.968 274.595 200.811 327.462 180.032 338.405 152.189 285.538
3 0.819824 91.8319 72.376 121.498 74.61 119.793 97.249 90.1271 95.015
2 0.767578 260.074 -5.55968 290.797 -6.4082 291.426 16.3487 260.703 17.1973
3 0.736328 -3.02572 418.64 19.6218 427.178 14.2757 441.36 -8.37176 432.822
3 0.679688 259.697 -5.01547 291.265 -5.79043 291.803 16.1248 260.235 16.8998
2 0.63916 188.031 -2.97266 219.969 -2.97266 219.969 15.6367 188.031 15.6367
4 0.607422 624.504 152.298 649.232 160.678 645.496 171.702 620.768 163.322
4 0.473633 187.341 -3.19149 219.496 -3.48745 219.659 14.1524 187.504 14.4484
