4 0.942383 208.247 385.294 221.439 341.291 244.503 348.206 231.311 392.209
4 0.941406 155.038 367.404 166.244 323.209 189.462 329.096 178.256 373.291
4 0.938477 182.137 376.691 193.952 332.105 217.363 338.309 205.548 382.895
2 0.938477 16.9307 340.989 35.815 280.656 62.5068 289.011 43.6225 349.344
4 0.9375 470.213 476.14 482.868 433.118 505.787 439.86 493.132 482.882
2 0.935547 362.633 456.091 382.186 395.184 409.367 403.909 389.814 464.816
4 0.931641 128.352 359.783 139.768 315.61 163.398 321.717 151.982 365.89
4 0.925781 441.257 467.135 454.368 423.794 477.743 430.865 464.632 474.206
3 0.925781 69.2534 176.864 94.0947 105.634 120.622 114.886 95.7803 186.116
4 0.925781 78.9811 340.342 91.3242 298.5 113.894 305.158 101.551 347
0 0.923828 406.769 463.652 420.459 409.351 446.231 415.848 432.541 470.149
2 0.921875 480.115 316.75 506.254 239.424 530.885 247.75 504.746 325.076
2 0.920898 386.957 281.493 414.187 205.938 440.043 215.257 412.813 290.812
4 0.919922 52.2255 335.629 64.5934 288.667 88.1495 294.871 75.7816 341.833
4 0.916992 562.653 507.724 575.305 462.978 599.347 469.776 586.695 514.522
2 0.915039 541.87 341.38 566.022 263.803 591.13 271.62 566.978 349.197
2 0.915039 269.267 240.81 317.679 115.593 345.733 126.44 297.321 251.657
3 0.911133 37.8969 163.718 67.2695 81.4276 93.4781 90.7825 64.1055 173.072
4 0.910156 531.507 498.812 545.07 452.963 569.493 460.188 555.93 506.037
3 0.904297 136.309 200.279 151.261 146.572 176.941 153.721 161.989 207.428
3 0.899414 101.095 191.519 118.147 135.69 143.655 143.481 126.603 199.31
3 0.89502 7.55441 154.685 36.1391 64.8741 63.4456 73.5651 34.8609 163.376
4 0.886719 187.701 458.632 196.593 424.683 218.299 430.368 209.407 464.317
2 0.882812 302.075 263.301 375.667 79.4852 404.925 91.1988 331.333 275.015
2 0.880859 346.347 274.033 412.149 96.5908 442.153 107.717 376.351 285.159
2 0.880859 467.858 -0.4795 506.278 -3.78806 509.142 29.4639 470.722 32.7724
3 0.865723 240.313 231.872 269.41 159.031 294.687 169.128 265.59 241.969
3 0.860352 -8.96426 148.534 3.47239 58.1985 30.8393 61.9661 18.4026 152.302
3 0.816406 216.079 227.095 234.819 171.018 257.671 178.655 238.931 234.732
3 0.803711 342.509 -4.13035 369.816 -3.0407 368.991 17.6304 341.684 16.5407
2 0.717285 405.535 463.722 420.485 408.717 446.465 415.778 431.515 470.783
3 0.703613 -9.94351 48.0035 17.6285 36.5828 23.4435 50.6215 -4.12852 62.0422
4 0.619629 406.199 463.125 420.297 409.09 446.301 415.875 432.203 469.91
