4 0.955078 270.318 411.329 294.326 449.501 274.182 462.171 250.174 423.999
4 0.953125 245.019 426.347 269.11 464.65 249.231 477.153 225.14 438.85
4 0.948242 222.193 440.905 247.499 479.543 226.807 493.095 201.501 454.457
0 0.945312 476.567 285.011 507.036 332.48 484.433 346.989 453.964 299.52
4 0.945312 295.282 395.528 318.758 435.666 297.718 447.972 274.242 407.834
2 0.945312 442.47 305.846 474.691 361.721 450.53 375.654 418.309 319.779
4 0.942383 532.937 254.439 555.558 293.666 534.063 306.061 511.442 266.834
4 0.942383 615.872 204.114 638.173 243.199 618.128 254.636 595.827 215.551
2 0.942383 133.067 498.125 163.854 552.085 139.683 565.875 108.896 511.915
4 0.9375 507.122 270.098 531.011 308.601 510.378 321.402 486.489 282.899
4 0.935547 589.508 219.628 613.173 260.957 591.492 273.372 567.827 232.043
2 0.935547 456.82 81.7599 501.434 150.337 479.68 164.49 435.066 95.9128
4 0.935547 178.898 468.264 200.277 507.968 179.352 519.236 157.973 479.532
2 0.932617 401.518 111.501 442.416 180.693 419.482 194.249 378.584 125.057
4 0.928711 154.573 481.923 178.442 523.315 157.177 535.577 133.308 494.185
2 0.926758 185.073 171.446 258.617 292.04 233.177 307.554 159.633 186.96
2 0.926758 236.857 96.9629 328.389 250.208 303.143 265.287 211.611 112.042
2 0.925781 318.322 158.063 357.901 234.062 333.178 246.937 293.599 170.938
3 0.919922 102.08 323.34 131.216 368.732 110.295 382.16 81.1595 336.768
3 0.915039 35.9524 342.764 65.906 395.076 42.9226 408.236 12.969 355.924
4 0.914062 342.206 469.91 356.861 501.143 337.794 510.09 323.139 478.857
3 0.911133 73.1433 341.406 96.5486 384.241 74.8567 396.094 51.4514 353.259
3 0.907227 18.7886 364.191 33.5344 423.06 8.58644 429.309 -6.15943 370.44
3 0.89502 187.194 240.568 226.412 310.296 203.056 323.432 163.838 253.704
3 0.845215 170.677 276.283 201.471 329.12 181.573 340.717 150.779 287.88
3 0.823242 85.6032 75.8932 117.91 77.4307 116.772 101.357 84.4646 99.8193
3 0.788086 10.1345 418.493 18.7154 445.294 0.873281 451.007 -7.70762 424.206
3 0.734375 252.972 -5.92952 284.607 -6.51192 285.028 16.3905 253.393 16.9729
4 0.691406 639.776 141.077 643.274 169.44 629.224 171.173 625.726 142.81
4 0.617188 181.761 -5.06045 213.517 -5.84001 213.989 13.3729 182.233 14.1525
2 0.579102 253.534 -7.10225 285.002 -7.05397 284.966 16.3054 253.498 16.2571
2 0.558594 181.922 -5.29688 214.828 -5.29688 214.828 16.125 181.922 16.125
