4 0.928711 233.04 376.516 236.139 422.349 211.96 423.984 208.861 378.151
4 0.925781 261.374 374.979 264.477 420.875 240.126 422.521 237.023 376.625
4 0.921875 177.074 381.035 180.707 426.484 155.926 428.465 152.293 383.016
0 0.921875 474.278 361.76 479.988 417.97 452.722 420.74 447.012 364.53
4 0.917969 204.431 377.998 207.529 423.831 182.819 425.502 179.721 379.669
4 0.911133 538.569 362.101 540.761 406.704 516.431 407.899 514.239 363.296
2 0.911133 70.0476 389.145 73.6705 451.227 45.7649 452.855 42.142 390.773
4 0.910156 96.7957 384.435 99.7832 433.062 75.3293 434.565 72.3418 385.938
4 0.90918 508.469 363.914 511.777 408.761 487.031 410.586 483.723 365.739
4 0.907227 604.435 358.034 607.313 404.884 581.565 406.466 578.687 359.616
2 0.902344 434.814 364.666 437.95 428.495 410.686 429.834 407.55 366.005
4 0.898438 125.046 384.737 127.721 428.28 103.579 429.763 100.904 386.22
3 0.895508 125.908 221.376 130.196 275.017 103.842 277.124 99.5543 223.483
2 0.894531 393.324 177.24 393.582 261.427 366.676 261.51 366.418 177.323
2 0.892578 489.056 172.924 492.593 255.223 466.944 256.326 463.407 174.027
4 0.890625 636.111 355.93 638.586 400.705 613.889 402.07 611.414 357.295
3 0.886719 90.4591 221.915 94.7893 276.086 69.7909 278.085 65.4607 223.914
2 0.886719 554.075 174.777 559.733 254.828 532.925 256.723 527.267 176.672
3 0.886719 58.3089 205.781 61.601 277.267 35.5036 278.469 32.2115 206.983
2 0.870605 268.026 123.06 275.049 266.012 245.974 267.44 238.951 124.488
4 0.864746 267.683 461.795 269.776 495.856 247.817 497.205 245.724 463.144
3 0.864746 26.8932 191.673 28.7252 276.965 0.231791 277.577 -1.60022 192.285
3 0.862305 239.114 189.781 242.04 269.228 215.136 270.219 212.21 190.772
2 0.853027 348.864 79.024 357.604 268.823 327.136 270.226 318.396 80.4271
2 0.833496 307.396 74.5442 319.178 276.451 289.104 278.206 277.322 76.2993
2 0.832031 461.487 0.34374 501.751 4.99652 498.013 37.3438 457.749 32.691
3 0.830078 220.267 1.36546 249.657 1.27529 249.733 26.1345 220.343 26.2247
4 0.824219 540.816 443.094 543.888 484.731 521.184 486.406 518.112 444.769
3 0.821289 209.843 207.807 212.972 271.511 188.907 272.693 185.778 208.989
2 0.805664 408.338 0.15001 440.677 0.745353 440.162 28.7094 407.823 28.114
4 0.792969 630.125 446.19 647.16 464.87 631.875 478.81 614.84 460.13
3 0.375488 408.265 0.849396 440.471 1.7389 439.735 28.4006 407.529 27.5111
