4 0.957031 277.482 444.749 314.646 470.838 301.018 490.251 263.854 464.162
4 0.955078 298.266 422.584 333.819 451.128 318.734 469.916 283.181 441.372
4 0.952148 503.59 195.749 538.602 223.77 523.41 242.751 488.398 214.73
4 0.951172 259.763 465.662 297.343 491.7 283.737 511.338 246.157 485.3
2 0.945312 190.078 544.857 239.642 584.901 221.672 607.143 172.108 567.099
4 0.945312 316.592 400.715 352.746 429.56 337.408 448.785 301.254 419.94
3 0.945312 87.9543 414.501 128.223 447.549 112.671 466.499 72.4017 433.451
4 0.943359 483.128 218.888 518.695 246.558 503.872 265.612 468.305 237.942
0 0.943359 457.849 242.488 501.699 275.114 486.151 296.012 442.301 263.386
3 0.943359 55.5582 425.901 106.523 471.95 88.3168 492.099 37.352 446.05
4 0.942383 206.338 523.947 244.557 553.398 229.412 573.053 191.193 543.602
4 0.94043 227.154 503.514 261.73 532.608 245.846 551.486 211.27 522.392
2 0.939453 433.117 270.929 480.687 314.579 461.883 335.071 414.313 291.421
2 0.939453 381.268 52.5821 444.7 104.152 428.732 123.793 365.3 72.2226
2 0.938477 274.964 166.158 332.498 226.587 312.536 245.592 255.002 185.163
4 0.935547 567.616 123.662 603.047 149.856 589.384 168.338 553.953 142.144
2 0.932617 336.423 97.3896 396.904 150.704 379.577 170.36 319.096 117.046
2 0.932617 173.539 132.419 310.331 251.519 292.211 272.331 155.419 153.231
3 0.931641 111.865 387.753 155.544 421.841 140.01 441.747 96.3305 407.659
4 0.928711 545.947 146.875 583.893 176.117 569.053 195.375 531.107 166.133
2 0.927734 148.616 219.824 252.826 309.717 233.884 331.676 129.674 241.783
3 0.918945 11.665 468.943 64.0681 523.815 45.4912 541.557 -6.91189 486.685
3 0.917969 15.1003 497.018 36.7666 557.571 10.4622 566.982 -11.2041 506.429
3 0.90625 169.303 284.393 230.435 338.951 212.447 359.107 151.315 304.549
4 0.902344 384.62 456.866 409.55 480.895 394.38 496.634 369.45 472.605
2 0.894531 154.032 166.556 286.803 291.038 266.968 312.194 134.197 187.712
2 0.880859 130.758 -10.9002 203.049 13.351 193.492 41.8377 121.201 17.5865
3 0.853027 166.306 321.432 209.348 362.286 192.944 379.568 149.902 338.714
3 0.81543 27.1689 149.871 60.6068 151.308 59.5186 176.629 26.0807 175.192
2 0.77832 202.977 -3.28641 236.717 -2.45814 236.273 15.6458 202.533 14.8175
4 0.726074 626.93 212.609 626.93 183.891 640.07 183.891 640.07 212.609
4 0.580078 458.137 241.966 501.113 276.038 484.863 296.534 441.887 262.462
