4 0.945312 183.934 381.129 194.313 336.861 217.816 342.371 207.437 386.639
4 0.941406 475.273 471.476 486.675 427.428 510.227 433.524 498.825 477.572
2 0.941406 17.4372 352.483 34.108 290.724 61.1253 298.017 44.4545 359.776
4 0.938477 156.515 372.692 167.048 328.75 190.235 334.308 179.702 378.25
0 0.935547 410.89 460.745 422.44 405.662 449.11 411.255 437.56 466.338
4 0.93457 210.757 388.811 221.345 344.977 244.993 350.689 234.405 394.523
4 0.932617 129.753 366.166 139.831 321.444 163.747 326.834 153.669 371.556
2 0.928711 366.696 454.205 384.748 392.836 411.804 400.795 393.752 462.164
2 0.923828 384.159 280.892 410.191 201.685 437.341 210.608 411.309 289.815
4 0.923828 79.4949 349.083 90.8317 306.892 113.255 312.917 101.918 355.108
4 0.923828 53.3146 344.41 63.7341 297.843 87.1854 303.09 76.7659 349.657
4 0.920898 446.894 463.19 458.065 418.986 481.106 424.81 469.935 469.014
2 0.919922 541.781 333.699 564.422 254.432 590.219 261.801 567.578 341.068
3 0.917969 64.4526 186.375 85.5 114.975 112.297 122.875 91.25 194.275
4 0.917969 568.902 499.016 579.887 454.508 604.098 460.484 593.113 504.992
4 0.912109 537.411 491.369 548.295 445.614 573.589 451.631 562.705 497.386
2 0.912109 481.059 310.5 502.407 231.716 527.441 238.5 506.093 317.284
3 0.90625 34.097 171.773 58.818 89.5981 85.8405 97.7274 61.1195 179.902
2 0.900391 268.882 243.73 313.684 108.983 341.618 118.27 296.816 253.017
3 0.899414 133.455 205.86 145.437 153.302 171.045 159.14 159.063 211.698
4 0.898438 192.842 461.939 201.27 429.839 221.158 435.061 212.73 467.161
3 0.898438 97.833 198.128 112.002 143.304 137.417 149.872 123.248 204.696
2 0.895508 503.698 77.1229 529.166 -7.24176 557.302 1.25213 531.834 85.6168
3 0.885742 3.93647 166.749 26.798 73.5112 55.8135 80.6257 32.952 173.864
2 0.876953 343.59 271.778 405.56 93.7553 434.91 103.972 372.94 281.995
2 0.870605 459.694 -3.62043 492.769 -4.73706 493.806 25.9954 460.731 27.1121
3 0.867188 238.472 235.523 264.415 161.5 290.028 170.477 264.085 244.5
2 0.863281 301.247 259.56 368.33 71.2787 398.253 81.94 331.17 270.221
3 0.806641 -7.01967 156.206 -5.31155 63.7839 22.3087 64.2944 20.6006 156.716
3 0.798828 213.873 231.6 227.576 174.535 248.877 179.65 235.174 236.715
3 0.701172 330.204 -2.8055 358.802 -2.01564 358.296 16.3055 329.698 15.5156
2 0.654297 -2.17219 319.711 0.71016 277.403 13.7191 278.289 10.8367 320.597
4 0.589355 -1.6139 318.281 -1.09603 278.566 10.6452 278.719 10.1273 318.434
2 0.487305 329.607 -2.32159 357.59 -2.0211 357.393 16.3372 329.41 16.0367
0 0.365967 -1.5299 318.861 -0.835767 277.96 9.73302 278.139 9.03889 319.04
