0 0.928711 432.056 444.162 435.933 389.425 462.944 391.338 459.067 446.075
4 0.928711 166.381 397.631 170.483 352.19 194.619 354.369 190.517 399.81
4 0.925781 221.966 405.125 227.327 359.501 251.784 362.375 246.423 407.999
4 0.924805 194.723 401.527 199.42 355.987 223.527 358.473 218.83 404.013
2 0.923828 387.386 445.384 395.251 381.617 423.614 385.116 415.749 448.883
4 0.921875 86.8326 386.577 91.8714 342.678 115.792 345.423 110.754 389.322
4 0.920898 496.881 444.098 502.212 399.541 526.119 402.402 520.788 446.959
4 0.917969 138.935 395.089 142.925 349.764 167.315 351.911 163.325 397.236
2 0.917969 26.2866 399.221 32.9121 336.916 59.8384 339.779 53.2129 402.084
4 0.915039 466.825 441.765 472.218 395.862 496.675 398.735 491.282 444.638
2 0.90918 376.756 270.769 391.722 190.21 418.744 195.231 403.778 275.79
4 0.905273 58.6773 385.48 63.7763 337.877 88.4477 340.52 83.3487 388.123
3 0.904297 80.9176 232.265 88.5923 175.879 115.082 179.485 107.408 235.871
3 0.904297 48.5751 225.919 57.3614 155.843 85.1749 159.331 76.3886 229.407
2 0.902344 477.079 285.474 487.588 206.042 513.921 209.526 503.412 288.958
4 0.897461 562.708 455.403 567.759 407.984 592.292 410.597 587.241 458.016
4 0.895508 593.622 457.115 599.656 411.607 624.378 414.885 618.344 460.393
2 0.890625 541.533 299.519 551.241 216.9 577.467 219.981 567.759 302.6
2 0.886719 465.55 53.5357 469.089 -1.81999 498.95 0.0892792 495.411 55.445
4 0.886719 215.781 480.459 219.305 446.799 240.719 449.041 237.195 482.701
3 0.884766 14.5876 222.482 23.3479 136.741 52.9749 139.768 44.2146 225.509
3 0.880859 116.126 237.229 122.307 182.546 148.624 185.521 142.443 240.204
3 0.870605 226.962 249.411 237.619 172.71 265.538 176.589 254.881 253.29
2 0.868164 337.227 267.296 362 80.0523 395.273 84.4543 370.5 271.698
2 0.864258 258.54 258.02 278.334 113.115 308.46 117.23 288.666 262.135
2 0.856445 293.755 274.19 320.654 67.6845 354.245 72.0599 327.346 278.565
3 0.819824 -4.09272 222.199 -1.58643 127.42 22.2802 128.051 19.7739 222.83
2 0.707031 408.982 -1.79744 440.367 -0.641459 440.018 8.82087 408.633 7.6649
3 0.694824 280.983 -1.82107 309.105 -0.785292 308.517 15.1804 280.395 14.1447
2 0.435791 280.983 -0.841381 307.967 -0.924168 308.017 15.1226 281.033 15.2054
0 0.415039 -0.80414 375.794 -0.617667 327.17 8.7807 327.206 8.59423 375.83
4 0.391357 -0.951295 375.341 -0.634424 327.092 9.49817 327.159 9.1813 375.408
2 0.290771 -0.212749 376.179 0.463715 328.184 10.1893 328.321 9.51285 376.316
