4 0.955078 288.467 419.943 322.804 451.16 306.533 469.057 272.196 437.84
4 0.952148 248.098 459.608 282.254 490.186 266.402 507.892 232.246 477.314
4 0.952148 267.515 439.901 301.197 471.093 284.985 488.599 251.303 457.407
0 0.951172 464.636 254.488 504.772 291.772 487.364 310.512 447.228 273.228
4 0.949219 513.814 211.384 545.706 243.968 528.186 261.116 496.294 228.532
2 0.946289 172.656 533.6 215.942 578.511 196.344 597.4 153.058 552.489
2 0.945312 436.276 281.263 479.871 327.905 459.724 346.737 416.129 300.095
4 0.945312 309.81 399.854 342.646 432.69 325.19 450.146 292.354 417.31
2 0.943359 355.802 99.8519 410.601 158.48 391.698 176.148 336.899 117.52
4 0.939453 492.07 233.11 523.89 264.93 506.93 281.89 475.11 250.07
4 0.938477 211.571 494.759 242.638 526.794 225.679 543.241 194.612 511.206
4 0.938477 584.208 145.441 616.605 175.536 600.792 192.559 568.395 162.464
2 0.9375 287.194 163.918 340.221 226.547 319.806 243.832 266.779 181.203
3 0.9375 46.7169 401.883 95.7197 452.568 76.5331 471.117 27.5303 420.432
2 0.935547 190.079 119.574 314.827 250.2 294.171 269.926 169.423 139.3
4 0.935547 189.781 513.179 225.102 544.799 208.969 562.821 173.648 531.201
2 0.935547 157.788 205.579 253.122 304.49 232.962 323.921 137.628 225.01
2 0.932617 405.277 58.9205 462.333 116.327 444.723 133.829 387.667 76.4227
3 0.932617 18.1627 415.201 69.5485 477.815 49.4623 494.299 -1.92352 431.685
4 0.927734 561.573 166.76 593.85 200.145 576.427 216.99 544.15 183.605
3 0.923828 82.5048 392.938 116.638 430.832 98.6202 447.062 64.4868 409.168
3 0.923828 106.855 369.193 146.739 407.517 129.645 425.307 89.7609 386.983
3 0.908203 175.074 272.57 228.349 330.989 208.676 348.93 155.401 290.511
4 0.90625 372.175 461.753 394.387 488.316 378.325 501.747 356.113 475.184
2 0.878906 172.395 -8.99395 225.702 3.493 219.355 30.5877 166.048 18.1007
3 0.865723 16.4441 442.977 36.4415 510.386 12.384 517.523 -7.61337 450.114
3 0.862305 18.0081 493.537 19.3598 533.577 -6.87524 534.463 -8.227 494.423
3 0.850586 165.813 310.285 207.231 353.654 190.937 369.215 149.519 325.846
3 0.821289 41.6328 124.77 75.89 127.614 73.8047 152.73 39.5475 149.886
2 0.724609 239.964 -0.863019 264.104 -0.714895 264.036 10.5036 239.895 10.3555
