4 0.946289 249.132 395.317 261.289 439.779 237.868 446.183 225.711 401.721
4 0.943359 276.154 386.86 287.901 431.432 264.346 437.64 252.599 393.068
4 0.943359 221.169 402.981 233.005 447.335 209.831 453.519 197.995 409.165
4 0.939453 194.411 411.232 208.247 455.855 184.339 463.268 170.503 418.645
0 0.932617 479.932 327.39 496.979 380.634 472.068 388.61 455.021 335.366
2 0.931641 93.0805 443.416 109.656 504.034 82.0445 511.584 65.4691 450.966
2 0.931641 442.893 338.167 458.58 399.989 431.607 406.833 415.92 345.011
4 0.929688 513.602 321.126 526.118 364.285 503.398 370.874 490.882 327.715
2 0.928711 516.409 125.592 538.372 203.103 512.591 210.408 490.628 132.897
4 0.926758 542.812 311.744 554.613 355.428 531.188 361.756 519.387 318.072
4 0.923828 145.574 427.058 156.092 470.168 132.426 475.942 121.908 432.832
4 0.921875 118.926 432.991 131.995 480.216 107.449 487.009 94.38 439.784
2 0.921875 453.189 139.021 474.056 218.193 448.311 224.979 427.444 145.807
4 0.918945 606.521 292.896 617.572 338.804 593.479 344.604 582.428 298.696
3 0.917969 41.1229 268.424 57.6256 336.065 30.9396 342.576 14.4369 274.935
2 0.916992 361.61 164.026 378.193 247.393 351.39 252.724 334.807 169.357
2 0.916016 228.855 138.439 266.895 275.897 237.395 284.061 199.355 146.603
3 0.912109 109.009 267.278 125.251 319.661 100.866 327.222 84.6235 274.839
2 0.904297 297.564 83.542 344.645 255.721 315.436 263.708 268.355 91.5288
3 0.902344 75.9093 276.103 90.2448 329.169 65.3407 335.897 51.0052 282.831
4 0.898438 642.717 285.139 644.301 332.05 620.283 332.861 618.699 285.95
3 0.883789 17.5854 281.3 19.9009 349.886 -4.21039 350.7 -6.52588 282.114
2 0.883789 252.988 82.4971 308.135 272.662 278.512 281.253 223.365 91.0877
4 0.882812 302.125 470.143 309.167 503.917 287.875 508.357 280.833 474.583
3 0.880859 212.684 210.177 232.914 287.9 206.316 294.823 186.086 217.1
4 0.838867 480.219 327 496.678 378.955 471.281 387 454.822 335.045
3 0.827637 189.56 242.66 203.235 297.255 180.94 302.84 167.265 248.245
3 0.816406 151.057 29.4689 182.997 26.3231 185.443 51.1561 153.503 54.3019
2 0.758789 394.17 -1.69995 426.2 -1.99476 426.33 12.1453 394.3 12.4401
2 0.743652 339.816 -3.45438 370.018 -3.73236 370.184 14.3763 339.982 14.6542
