4 0.951172 478.6 166.369 518.181 187.448 506.9 208.631 467.319 187.552
4 0.947266 299.773 450.457 340.144 469.324 330.227 490.543 289.856 471.676
0 0.947266 441.553 219.756 491.167 244.349 479.447 267.994 429.833 243.401
2 0.946289 421.426 252.671 477.734 285.142 464.074 308.829 407.766 276.358
4 0.946289 315.619 426.078 355.752 445.59 345.381 466.922 305.248 447.41
4 0.945312 285.992 474.583 327.104 493.034 317.508 514.417 276.396 495.966
4 0.943359 462.669 192.774 502.281 212.637 491.831 233.476 452.219 213.613
4 0.943359 243.669 541.17 286.466 563.042 275.331 584.83 232.534 562.958
3 0.943359 76.9324 470.963 137.728 505.28 124.318 529.037 63.5219 494.72
4 0.942383 259.252 518.083 298.419 538.941 287.248 559.917 248.081 539.059
4 0.941406 330.445 401.411 370.598 421.238 360.055 442.589 319.902 422.762
3 0.94043 108.654 452.651 155.134 478.7 142.721 500.849 96.2411 474.8
2 0.9375 232.31 564.571 287.015 595.119 273.44 619.429 218.735 588.881
2 0.935547 295.799 99.2211 366.247 138.56 353.701 161.029 283.253 121.69
2 0.93457 247.334 177.988 315.95 224.91 300.666 247.262 232.05 200.34
4 0.931641 528.073 83.201 569.175 102.718 558.927 124.299 517.825 104.782
2 0.931641 133.685 250.92 251.486 323.756 237.065 347.08 119.264 274.244
2 0.931641 332.938 45.8707 405.194 86.0742 393.062 107.879 320.806 67.6758
3 0.928711 126.333 423.126 176.809 450.206 164.917 472.374 114.441 445.294
4 0.925781 511.936 110.302 554.988 131.315 544.064 153.698 501.012 132.685
2 0.923828 143.924 161.841 298.135 253.951 283.826 277.909 129.615 185.799
3 0.920898 49.7011 493.621 119.445 532.427 106.674 555.379 36.9304 516.573
2 0.912109 117.039 193.64 284.966 298.541 270.711 321.36 102.784 216.459
4 0.908203 407.235 444.611 436.417 462.778 425.765 479.889 396.583 461.722
3 0.904297 18.8593 546.907 88.8715 583.368 76.5157 607.093 6.50349 570.632
3 0.904297 34.4786 520.946 103.571 560.649 91.2714 582.054 22.1786 542.351
3 0.896484 162.732 310.664 234.56 352.379 221.518 374.836 149.69 333.121
2 0.886719 34.7393 -6.7888 154.266 42.7209 142.511 71.1013 22.9838 21.5916
3 0.834961 165.942 346.006 219.347 381.218 206.308 400.994 152.903 365.782
