4 0.949219 288.624 394.162 307.341 435.359 285.376 445.338 266.659 404.141
4 0.949219 237.04 418.941 256.852 460.664 234.96 471.059 215.148 429.336
0 0.948242 479.183 299.029 504.39 349.105 480.817 360.971 455.61 310.895
4 0.945312 263.207 406.295 282.451 447.973 260.293 458.205 241.049 416.527
4 0.943359 212.251 432.559 233.211 473.261 211.499 484.441 190.539 443.739
4 0.94043 538.652 273.38 556.735 314.86 534.348 324.62 516.265 283.14
2 0.939453 118.89 480.513 144.061 536.832 117.985 548.487 92.8136 492.168
4 0.9375 597.545 243.493 616.598 286.833 593.455 297.007 574.402 253.667
2 0.9375 443.569 316.513 470.087 376.337 444.931 387.487 418.413 327.663
2 0.933594 479.479 94.6844 514.674 167.361 491.021 178.816 455.826 106.139
4 0.932617 166.724 455.568 184.32 496.442 162.276 505.932 144.68 465.058
4 0.929688 511.322 287.023 530.811 327.583 509.178 337.977 489.689 297.417
4 0.928711 141.073 466.687 161.595 510.252 139.177 520.813 118.655 477.248
2 0.928711 334.333 161.675 365.993 237.452 341.167 247.825 309.507 172.048
2 0.924805 256.69 89.6489 334.484 251.554 306.81 264.851 229.016 102.946
2 0.923828 419.292 119.473 454.924 193.05 430.708 204.777 395.076 131.2
2 0.920898 199.775 158.674 262.311 284.349 234.725 298.076 172.189 172.401
4 0.919922 627.846 230.905 641.815 273.189 620.154 280.345 606.185 238.061
3 0.918945 72.7576 319.721 94.05 368.563 70.6174 378.779 49.325 329.937
3 0.917969 103.651 304.855 127.735 353.257 104.849 364.645 80.7648 316.243
3 0.90918 36.3211 318.007 60.7171 376.397 36.5539 386.493 12.1579 328.103
3 0.904297 18.027 335.958 26.4115 400.667 0.363625 404.042 -8.02088 339.333
4 0.893555 329.22 471.669 340.374 503.456 320.78 510.331 309.626 478.544
3 0.882812 194.325 229.878 227.881 303.738 203.925 314.622 170.369 240.762
3 0.839844 175.333 261.302 200.787 318.726 179.417 328.198 153.963 270.774
3 0.819824 108.145 58.1333 138.563 60.5648 136.73 83.4917 106.312 81.0602
4 0.726074 628.701 228.991 650.725 245.117 643.299 255.259 621.275 239.133
3 0.691406 -4.79332 400.666 14.2864 405.946 11.9652 414.334 -7.11456 409.054
3 0.586914 283.526 -3.27903 313.998 -4.12065 314.474 13.1228 284.002 13.9644
2 0.563477 283.178 -4.00127 314.13 -4.33364 314.322 13.5247 283.37 13.8571
2 0.442871 212.583 0.24774 233.582 0.0222492 233.667 7.9632 212.668 8.18869
