4 0.941406 212.284 390.995 222.331 346.65 245.966 352.005 235.919 396.35
4 0.939453 130.831 369.443 140.305 325.068 163.669 330.057 154.195 374.432
4 0.938477 157.703 376.083 166.648 331.248 190.047 335.917 181.102 380.752
2 0.9375 18.3556 356.961 33.78 295.782 60.5819 302.539 45.1575 363.718
4 0.93457 184.95 383.698 194.946 339.021 218.55 344.302 208.554 388.979
4 0.931641 477.899 468.578 488.826 424.635 512.101 430.422 501.174 474.365
0 0.929688 413.532 458.322 423.743 404.055 450.968 409.178 440.757 463.445
2 0.926758 369.065 453.409 385.79 391.73 412.935 399.091 396.21 460.77
4 0.923828 448.88 460.534 459.37 416.773 483.12 422.466 472.63 466.227
4 0.921875 80.0614 353.237 90.687 310.539 113.689 316.263 103.063 358.961
2 0.921875 383.806 278.399 408.329 200.938 435.694 209.601 411.171 287.062
3 0.921875 62.173 190.383 82.1695 119.136 108.827 126.617 88.8305 197.864
2 0.920898 542.4 329.587 562.804 251.199 588.6 257.913 568.196 336.301
2 0.919922 479.84 307.431 501.226 228.204 526.66 235.069 505.274 314.296
3 0.917969 95.2681 198.466 110.562 145.766 135.607 153.034 120.313 205.734
4 0.916016 52.8951 349.618 63.1062 302.237 86.9799 307.382 76.7688 354.763
4 0.908203 572.627 494.559 582.485 450.14 606.373 455.441 596.515 499.86
3 0.908203 130.919 209.209 142.625 156.749 168.581 162.541 156.875 215.001
4 0.90625 540.498 487.854 550.22 441.36 575.502 446.646 565.78 493.14
2 0.90625 265.585 245.64 309.418 108.736 337.915 117.86 294.082 254.764
4 0.902344 196.192 465.38 202.145 432.922 222.308 436.62 216.355 469.078
3 0.89502 30.4606 177.171 53.9239 96.319 80.6644 104.079 57.2011 184.931
3 0.884766 0.746838 171.288 22.7348 81.7613 51.0344 88.7118 29.0464 178.239
3 0.87793 236.549 235.758 260.672 162.503 286.451 170.992 262.328 244.247
2 0.875 342.279 271.961 396.889 91.9365 427.721 101.289 373.111 281.314
2 0.874023 454.566 -3.96552 486.904 -4.56086 487.434 24.2155 455.096 24.8109
2 0.845215 297.539 275.86 360.82 68.6837 390.961 77.89 327.68 285.066
3 0.802246 212.199 233.241 226.22 175.288 247.801 180.509 233.78 238.462
3 0.792969 -6.36215 155.414 -3.42028 73.4046 19.0496 74.2106 16.1078 156.22
3 0.65625 324.164 -3.01014 352.098 -2.5816 351.836 14.4633 323.902 14.0347
2 0.648926 -3.46491 325.565 1.00111 281.604 14.1055 282.935 9.63951 326.896
2 0.456055 324.772 -2.21676 351.411 -1.9307 351.228 15.1152 324.589 14.8291
4 0.321289 -1.08317 323.54 -0.485932 282.795 10.755 282.96 10.1578 323.705
0 0.280518 -1.25054 324.412 -0.928847 282.007 9.6646 282.088 9.34291 324.493
