4 0.949219 452.453 143.839 495.175 158.172 487.547 180.911 444.825 166.578
2 0.949219 270.761 574.909 330.719 595.536 321.239 623.091 261.281 602.464
4 0.949219 332.899 425.271 375.297 438.989 368.101 461.229 325.703 447.511
4 0.946289 320.908 451.295 363.512 465.588 356.092 487.705 313.488 473.412
2 0.945312 409.063 238.108 470.186 259.662 460.937 285.892 399.814 264.338
4 0.943359 311.001 477.718 354.303 490.854 347.499 513.282 304.197 500.146
4 0.943359 342.589 398.531 386.089 413.198 378.411 435.969 334.911 421.302
4 0.94043 441.633 171.935 483.237 186.821 475.367 208.815 433.763 193.929
4 0.939453 291.78 525.499 333.571 540.235 325.72 562.501 283.929 547.765
4 0.938477 425.229 201.303 478.725 218.07 470.771 243.447 417.275 226.68
3 0.9375 131.101 484.97 180.285 504.377 171.149 527.53 121.965 508.123
4 0.933594 278.708 550.702 324.445 565.268 316.792 589.298 271.055 574.732
3 0.928711 103.044 506.617 162.563 530.313 152.581 555.383 93.0624 531.687
2 0.928711 226.207 191.747 301.066 227.012 289.293 252.003 214.434 216.738
3 0.924805 144.286 452.517 198.831 470.908 190.714 494.983 136.169 476.592
2 0.918945 261.655 104.6 337.169 133.729 327.845 157.9 252.331 128.771
4 0.917969 477.266 82.7046 522.53 97.8121 514.734 121.17 469.47 106.063
4 0.914062 489.522 53.3265 532.09 67.8248 524.478 90.1735 481.91 75.6752
2 0.908203 125.545 280.877 252.862 334.761 241.705 361.123 114.388 307.239
2 0.908203 121.785 192.622 287.578 257.747 277.215 284.128 111.422 219.003
2 0.904297 100.625 229.187 278.086 300.155 267.625 326.313 90.1643 255.345
2 0.900391 290.059 46.3074 366.778 73.6252 357.941 98.4426 281.222 71.1248
3 0.899414 70.1302 563.453 139.451 591.421 130.12 614.547 60.7995 586.579
3 0.898438 167.343 337.103 240.973 364.858 231.157 390.897 157.527 363.142
3 0.896484 84.5567 535.761 152.567 560.331 143.568 585.239 75.5579 560.669
3 0.876953 51.2275 589.618 135.583 617.199 127.022 643.382 42.6669 615.801
2 0.870117 5.68982 95.4274 52.6265 127.103 34.3414 154.198 -12.5953 122.522
3 0.816406 -6.16221 251 21.7988 248.116 24.3653 273 -3.59571 275.884
3 0.800781 174.908 373.064 231.479 394.686 222.592 417.936 166.021 396.314
4 0.705078 469.683 -2.05698 499.963 -1.77828 499.817 14.1117 469.537 13.833
2 0.624023 467.121 -2.4956 499.934 -2.39494 499.879 15.6362 467.066 15.5356
