4 0.948242 267.987 409.113 288.961 449.842 267.513 460.887 246.539 420.158
4 0.947266 291.946 395.134 313.643 434.843 292.554 446.366 270.857 406.657
4 0.947266 242.419 423.694 263.948 463.529 243.081 474.806 221.552 434.971
0 0.945312 477.316 291.018 505.54 338.769 483.184 351.982 454.96 304.231
4 0.942383 217.994 437.542 241.321 477.007 220.256 489.458 196.929 449.993
2 0.938477 407.865 114.177 447.663 187.013 425.135 199.323 385.337 126.487
2 0.9375 127.392 491.527 155.38 547.13 130.858 559.473 102.87 503.87
4 0.9375 592.807 229.505 614.635 270.952 593.193 282.245 571.365 240.798
4 0.9375 620.714 214.375 639.506 254.747 618.286 264.625 599.494 224.253
4 0.9375 535.328 261.816 556.301 302.546 534.672 313.684 513.699 272.954
4 0.935547 173.52 463.528 194.017 502.886 172.73 513.972 152.233 474.614
4 0.935547 148.645 476.179 171.007 518.015 149.855 529.321 127.493 487.485
2 0.932617 443.424 310.764 473.392 367.667 448.576 380.736 418.608 323.833
4 0.931641 509.093 276.967 530.636 316.83 509.907 328.033 488.364 288.17
2 0.929688 323.999 158.34 362.702 236.118 338.501 248.16 299.798 170.382
2 0.928711 466.776 88.1135 507.133 156.391 484.724 169.636 444.367 101.359
2 0.927734 246.171 94.5301 329.589 252.339 303.329 266.22 219.911 108.411
2 0.919922 189.184 167.942 258.357 286.631 232.316 301.808 163.143 183.119
3 0.916992 103.095 316.013 130.083 363.146 107.655 375.987 80.6674 328.854
3 0.915039 73.2544 332.973 98.7775 382.538 75.4956 394.527 49.9725 344.962
3 0.911133 17.9407 352.34 32.5571 415.611 6.37176 421.66 -8.24463 358.389
3 0.911133 36.5079 332.353 67.8016 392.443 44.3671 404.647 13.0734 344.557
4 0.911133 337.922 470.825 350.502 502.849 330.578 510.675 317.998 478.651
3 0.889648 190.47 236.185 226.944 308.648 201.78 321.315 165.306 248.852
3 0.825684 92.7708 71.0819 124.056 69.4487 125.229 91.9181 93.9437 93.5513
3 0.746094 -4.82289 414.986 18.3972 421.759 14.3854 435.514 -8.83466 428.741
4 0.674316 640.232 210.566 644.687 241.923 628.768 244.184 624.313 212.827
2 0.659668 265.695 -6.09592 297.036 -6.48056 297.305 15.3928 265.964 15.7774
2 0.600586 193.684 -0.881805 225.543 -0.930677 225.566 14.1396 193.707 14.1885
4 0.46582 630.207 179.469 630.207 156.031 639.793 156.031 639.793 179.469
3 0.445312 265.272 -4.83965 296.812 -5.46871 297.228 15.3865 265.688 16.0156
4 0.320068 193.409 -1.66026 224.112 -1.61316 224.091 12.5196 193.388 12.4725
