4 0.948242 243.746 389.23 253.116 434.872 229.254 439.77 219.884 394.128
0 0.939453 479.39 338.814 492.313 392.499 466.61 398.686 453.687 345.001
4 0.938477 188.537 402.41 198.83 447.596 174.713 453.09 164.42 407.904
4 0.9375 215.737 395.771 224.736 441.01 201.013 445.729 192.014 400.49
4 0.931641 270.876 383.52 280.24 429.131 256.624 433.98 247.26 388.369
2 0.928711 85.3518 426.985 96.6201 488.556 69.5232 493.515 58.2549 431.944
2 0.925781 442.346 347.535 453.365 408.802 424.654 413.965 413.635 352.698
4 0.924805 543.195 327.44 550.99 372.363 526.805 376.56 519.01 331.637
4 0.923828 513.601 334.857 522.161 378.59 498.899 383.143 490.339 339.41
4 0.920898 606.99 312.764 615.882 358.947 591.01 363.736 582.118 317.553
4 0.918945 111.015 419.059 120.044 466.743 95.2352 471.441 86.2057 423.757
2 0.916016 371.948 167.226 383.22 252.169 356.052 255.774 344.78 170.831
3 0.915039 114.145 252.777 125.588 306.829 100.105 312.223 88.6625 258.171
4 0.912109 138.696 414.45 146.061 458.495 121.804 462.55 114.439 418.505
2 0.912109 528.38 140.3 545.549 219.012 520.62 224.45 503.451 145.738
3 0.90918 45.5839 249.991 57.1175 318.971 29.9786 323.509 18.445 254.529
2 0.908203 241.719 133.248 269.331 274.321 239.031 280.252 211.419 139.179
2 0.908203 465.301 150.625 480.715 229.381 455.199 234.375 439.785 155.619
4 0.907227 641.738 307.27 643.11 351.999 619.262 352.73 617.89 308.001
4 0.897461 292.773 469.47 297.134 503.126 274.727 506.03 270.366 472.374
4 0.889648 440.652 347.065 453.403 409.176 425.348 414.935 412.597 352.824
3 0.886719 80.0895 260.09 90.2638 312.932 64.4105 317.91 54.2362 265.068
2 0.883789 311.075 78.093 349.709 257.863 320.425 264.157 281.791 84.3865
3 0.87793 220.054 204.032 234.99 281.607 208.446 286.718 193.51 209.143
2 0.875 268.201 79.2649 307.999 261.725 279.299 267.985 239.501 85.5251
3 0.871582 18.8156 259.417 22.1553 327.397 -1.98748 328.583 -5.32715 260.603
3 0.837891 193.506 232.569 205.408 289.654 182.494 294.431 170.592 237.346
3 0.813477 173.838 18.2603 204.24 19.38 203.412 41.8647 173.01 40.745
2 0.748047 361.318 -3.4018 389.925 -3.75288 390.182 17.1362 361.575 17.4873
2 0.728027 415.771 -1.95783 446.828 -2.57723 447.229 17.5281 416.172 18.1475
