4 0.955078 263.985 437.344 296.312 470.07 279.015 487.156 246.688 454.43
4 0.955078 286.985 418.511 317.396 452.481 299.515 468.489 269.104 434.519
4 0.951172 517.156 218.854 547.734 251.27 529.844 268.146 499.266 235.73
4 0.949219 243.725 457.415 275.997 489 259.275 506.085 227.003 474.5
4 0.949219 308.257 399.568 338.425 434.004 320.243 449.932 290.075 415.496
2 0.947266 165.155 526.586 207.543 575.119 186.595 593.414 144.207 544.881
4 0.943359 205.849 491.324 234.912 524.192 217.401 539.676 188.338 506.808
0 0.942383 466.829 259.229 505.579 298.699 487.171 316.771 448.421 277.301
2 0.94043 197.805 117.325 318.487 248.847 297.695 267.925 177.013 136.403
2 0.939453 414.899 63.1825 468.716 120.76 450.601 137.692 396.784 80.115
4 0.9375 182.376 508.779 216.977 542.854 199.874 560.221 165.273 526.146
4 0.9375 591.208 154.41 621.36 186.669 603.792 203.09 573.64 170.831
2 0.9375 438.289 284.665 480.037 333.667 458.711 351.835 416.963 302.833
3 0.9375 45.1125 392.145 89.0046 445.627 68.0125 462.855 24.1204 409.373
2 0.935547 295.007 163.226 343.392 228.886 321.493 245.024 273.108 179.364
4 0.935547 495.065 238.771 525.822 271.276 508.435 287.729 477.678 255.224
2 0.93457 364.373 101.387 415.728 161.664 396.127 178.363 344.772 118.086
3 0.931641 79.7805 384.441 114.194 424.089 95.2195 440.559 60.8061 400.911
4 0.926758 566.93 174.496 599.03 210.687 580.07 227.504 547.97 191.313
2 0.920898 161.09 198.381 255.996 301.812 234.41 321.619 139.504 218.188
3 0.916016 104.662 361.376 142.498 398.98 124.963 416.624 87.1272 379.02
3 0.914062 14.7803 409.053 64.7206 466.59 45.876 482.947 -4.06437 425.41
3 0.910156 177.58 264.834 228.057 328.103 206.67 345.166 156.193 281.897
4 0.907227 367.137 464.539 386.973 491.458 371.363 502.961 351.527 476.042
3 0.888672 17.6215 438.993 35.795 501.661 8.73783 509.507 -9.43558 446.839
2 0.873047 188.275 -8.21241 234.709 -2.26831 230.975 26.8999 184.541 20.9558
3 0.858887 166.845 301.71 205.509 349.415 187.155 364.29 148.491 316.585
2 0.836914 111.527 -7.75049 165.933 6.41089 157.723 37.9536 103.317 23.7922
3 0.833496 16.0039 482.223 17.7241 522.249 -6.19135 523.277 -7.91157 483.251
3 0.80957 49.4657 118.955 82.1219 118.905 82.1593 143.295 49.5031 143.345
2 0.800781 159.133 129.219 277.95 281.468 257.367 297.531 138.55 145.282
2 0.727051 121.785 559.398 156.599 592.851 141.465 608.602 106.651 575.149
2 0.685059 251.008 -1.1802 273.721 -0.69234 273.492 9.95364 250.779 9.46578
3 0.664062 186.374 -7.4592 234.082 -2.46461 231.126 25.7717 183.418 20.7771
