4 0.958008 282.283 446.195 319.377 471.561 306.217 490.805 269.123 465.439
4 0.953125 265.349 467.89 303.376 493.383 290.151 513.11 252.124 487.617
4 0.952148 301.33 423.585 338.852 449.925 325.17 469.415 287.648 443.075
4 0.949219 498.259 190.322 534.439 215.472 520.741 235.178 484.561 210.028
2 0.948242 199.788 550.386 249.02 588.686 231.962 610.614 182.73 572.314
4 0.947266 319.616 401.064 356.396 428.43 341.884 447.936 305.104 420.57
4 0.945312 233.053 508.001 267.858 534.147 253.697 552.999 218.892 526.853
3 0.943359 58.305 435.508 115.386 479.494 98.82 500.992 41.7388 457.006
2 0.943359 144.212 225.528 251.811 312.733 233.788 334.972 126.189 247.767
4 0.943359 479.108 212.96 515.832 239.504 501.892 258.79 465.168 232.246
2 0.941406 328.356 97.7657 391.254 148.106 375.144 168.234 312.246 117.894
2 0.941406 430.93 267.215 479.494 308.078 462.07 328.785 413.506 287.922
4 0.94043 213.46 528.679 252.724 554.567 239.04 575.321 199.776 549.433
2 0.9375 373.87 50.6695 435.216 100.544 419.13 120.33 357.784 70.4555
2 0.935547 271.179 167.277 328.929 226.281 309.321 245.473 251.571 186.469
3 0.935547 91.9371 421.654 132.857 453.588 117.438 473.346 76.5178 441.412
2 0.933594 165.544 138.73 307.376 251.179 290.456 272.52 148.624 160.071
0 0.931641 455.61 237.317 501.401 270.415 486.39 291.183 440.599 258.085
3 0.923828 113.516 394.754 158.544 425.953 144.484 446.246 99.4555 415.047
4 0.921875 560.063 114.882 597.349 139.796 583.937 159.868 546.651 134.954
3 0.918945 12.4989 479.159 72.5077 530.923 56.1886 549.841 -3.82021 498.077
3 0.917969 8.48802 505.563 51.9104 559.988 31.2932 576.437 -12.1292 522.012
4 0.914062 540.469 138.862 579.194 166.852 564.531 187.138 525.806 159.148
4 0.914062 389.161 454.532 414.614 477.959 400.339 493.468 374.886 470.041
3 0.910156 168.961 290.409 230.792 340.678 213.789 361.591 151.958 311.322
2 0.908203 142.982 168.395 285.431 292.42 266.768 313.855 124.319 189.83
2 0.87207 111.168 -9.81516 193.473 17.7954 183.832 46.5339 101.527 18.9234
3 0.848633 167.402 328.689 210.688 366.964 195.348 384.311 152.062 346.036
3 0.830078 24.3665 155.563 58.4926 163.612 52.696 188.187 18.5699 180.138
2 0.805664 190.008 -4.90776 228.285 -4.37927 227.992 16.8687 189.715 16.3402
4 0.77832 627.759 171.231 652.978 186.294 642.241 204.269 617.022 189.206
