4 0.949219 266.303 408.622 286.726 449.665 265.197 460.378 244.774 419.335
0 0.948242 478.188 293.934 505.529 342.197 482.812 355.066 455.471 306.803
4 0.947266 240.825 421.636 261.999 462.755 240.425 473.864 219.251 432.745
4 0.946289 290.571 394.957 311.674 435.479 290.429 446.543 269.326 406.021
4 0.943359 536.641 265.999 555.983 306.733 534.359 317.001 515.017 276.267
4 0.941406 216.577 435.972 238.851 476.148 217.423 488.028 195.149 447.852
2 0.94043 470.868 90.152 509.671 160.397 487.132 172.848 448.329 102.603
4 0.939453 621.859 220.499 639.193 260.26 619.141 269.001 601.807 229.24
4 0.9375 595.038 235.085 615.636 276.005 593.962 286.915 573.364 245.995
4 0.935547 509.74 280.645 531.198 319.915 510.26 331.355 488.802 292.085
2 0.935547 124.271 488.459 151.415 543.645 127.229 555.541 100.085 500.355
2 0.935547 443.021 312.833 472.684 369.156 447.979 382.167 418.316 325.844
4 0.932617 171.671 460.918 190.494 501.034 169.079 511.082 150.256 470.966
4 0.932617 146.345 473.752 168.056 514.978 146.655 526.248 124.944 485.022
2 0.931641 328.73 159.625 363.454 237.962 338.27 249.125 303.546 170.788
2 0.928711 248.971 92.1897 331.492 252.441 305.529 265.81 223.008 105.559
3 0.928711 73.6592 328.627 97.547 378.342 74.5908 389.373 50.703 339.658
3 0.925781 35.5352 327.553 67.5419 391.139 43.0898 403.447 11.0831 339.861
2 0.924805 412.442 115.678 448.913 189.54 425.558 201.072 389.087 127.21
2 0.917969 192.913 165.978 259.461 284.297 232.837 299.272 166.289 180.953
3 0.915039 18.1413 347.002 30.6746 411.037 5.32741 415.998 -7.20584 351.963
3 0.911133 102.813 312.224 130.158 359.981 107.812 372.776 80.467 325.019
4 0.908203 334.57 471.21 347.518 503.02 328.43 510.79 315.482 478.98
3 0.889648 190.957 232.815 227.655 306.564 202.293 319.185 165.595 245.436
2 0.834473 209.945 126.261 295.924 273.784 274.555 286.239 188.576 138.716
3 0.833496 99.4601 66.3572 130.536 66.6909 130.29 89.6428 99.2136 89.3091
4 0.765625 641.84 214.963 643.711 248.817 626.16 249.787 624.289 215.933
3 0.753418 9.08798 401.985 13.4715 429.229 -0.736414 431.515 -5.11991 404.271
2 0.647949 200.424 -0.381359 229.096 -0.337376 229.076 12.5454 200.404 12.5014
2 0.625977 271.266 -5.35547 301.234 -5.35547 301.234 14.7539 271.266 14.7539
3 0.600586 271.089 -4.59414 300.794 -5.50576 301.411 14.6098 271.706 15.5214
