4 0.9375 206.612 382.201 210.983 428.024 187.138 430.299 182.767 384.476
0 0.931641 476.193 356.8 482.779 413.041 455.807 416.2 449.221 359.959
4 0.928711 263.693 376.708 267.836 423.148 243.807 425.292 239.664 378.852
4 0.925781 180.29 385.551 184.455 432.241 159.71 434.449 155.545 387.759
4 0.923828 235.513 379.552 239.953 426.09 215.237 428.448 210.797 381.91
4 0.921875 509.908 357.58 514.466 402.443 490.092 404.92 485.534 360.057
2 0.920898 73.4343 396.499 78.5689 460.732 50.1907 463.001 45.0561 398.768
2 0.919922 436.227 361.308 441.608 423.795 413.773 426.192 408.392 363.705
4 0.918945 539.838 354.274 543.397 398.788 519.162 400.726 515.603 356.212
4 0.917969 605.399 347.612 609.415 394.251 584.601 396.388 580.585 349.749
4 0.916016 127.643 390.865 131.619 435.438 106.982 437.635 103.006 393.062
2 0.908203 548.582 167.178 557.4 246.691 531.418 249.572 522.6 170.059
4 0.904297 637.062 344.768 639.663 389.348 615.938 390.732 613.337 346.152
2 0.904297 484.342 169.063 491.085 250.284 465.158 252.437 458.415 171.216
3 0.901367 87.7918 230.908 93.5966 286.355 67.4582 289.092 61.6534 233.645
4 0.899414 99.3587 392.69 104.334 440.212 79.5163 442.81 74.5412 395.288
2 0.897461 388.624 175.121 391.454 258.948 363.876 259.879 361.046 176.052
2 0.895508 262.077 123.101 274.972 267.652 244.173 270.399 231.278 125.848
3 0.892578 54.2904 215.642 58.7696 279.016 32.7096 280.858 28.2304 217.484
3 0.892578 123.244 227.594 129.327 282.445 102.631 285.406 96.5482 230.555
3 0.880859 22.6791 214.118 25.275 291.012 -0.491552 291.882 -3.08752 214.988
4 0.865723 272.02 463.602 275.245 497.417 254.48 499.398 251.255 465.583
3 0.857422 233.975 192.057 240.785 271.139 214.025 273.443 207.215 194.361
2 0.857422 451.285 -1.06233 487.595 0.498208 486.215 32.5936 449.905 31.033
2 0.856445 340.861 80.0696 356.91 259.98 326.639 262.68 310.59 82.7699
2 0.833496 315.166 73.1799 334.916 273.71 303.334 276.82 283.584 76.2904
2 0.817871 301.821 77.1782 316.469 275.764 285.179 278.072 270.531 79.4863
3 0.806641 209.143 2.46082 239.844 2.7434 239.607 28.5079 208.906 28.2253
3 0.776367 203.859 217.904 209.784 274.501 187.391 276.846 181.466 220.249
2 0.761719 397.41 -1.34363 427.925 -1.53087 428.09 25.4999 397.575 25.6871
3 0.658203 397.64 -1.59427 428.483 -1.45232 428.36 25.2505 397.517 25.1086
