4 0.957031 294.24 421.784 329.218 450.49 314.26 468.716 279.282 440.01
4 0.951172 273.372 443.1 308.291 471.136 293.628 489.4 258.709 461.364
4 0.949219 315.074 400.295 348.098 431.64 331.426 449.205 298.402 417.86
4 0.949219 507.673 202.484 541.237 231.798 525.327 250.016 491.763 220.702
4 0.948242 254.617 463.73 291.213 491.134 276.883 510.27 240.287 482.866
4 0.947266 220.912 500.827 253.492 531 237.588 548.173 205.008 518
2 0.946289 182.291 541.092 230.018 582.262 212.209 602.908 164.482 561.738
2 0.943359 433 274.392 481.355 319.311 462.5 339.608 414.145 294.689
0 0.943359 460.506 247.315 502.92 282.232 486.494 302.185 444.08 267.268
2 0.943359 345.9 98.7369 401.614 153.771 383.1 172.513 327.386 117.479
2 0.942383 183.063 129.178 310.361 247.432 291.187 268.072 163.889 149.818
4 0.941406 486.533 224.449 521.01 253.368 505.967 271.301 471.49 242.382
2 0.939453 279.86 165.796 335.046 225.939 315.14 244.204 259.954 184.061
2 0.939453 391.701 55.4489 452.084 108.022 435.299 127.301 374.916 74.728
4 0.938477 574.606 131.487 609.673 160.627 594.394 179.013 559.327 149.873
4 0.9375 199.829 520.018 237.101 550.511 221.171 569.982 183.899 539.489
3 0.935547 85.3078 405.523 123.093 440.194 106.317 458.477 68.5323 423.806
3 0.929688 52.222 416.75 102.132 464.123 83.028 484.25 33.1181 436.877
4 0.924805 553.016 154.7 588.339 186.224 571.984 204.55 536.661 173.026
3 0.916992 109.916 380.052 151.616 414.704 135.209 434.448 93.5088 399.796
4 0.916016 379.649 460.46 403.321 483.987 389.851 497.54 366.179 474.013
2 0.914062 149.973 212.44 253.588 307.515 234.277 328.56 130.662 233.485
3 0.905273 171.632 280.557 228.686 335.38 210.368 354.443 153.314 299.62
3 0.905273 17.9541 496.688 30.0991 547.828 2.79593 554.312 -9.34906 503.172
3 0.899414 10.7312 456.259 54.2386 519.259 33.2688 533.741 -10.2386 470.741
2 0.876953 146.848 -11.0174 213.056 9.06671 204.402 37.5955 138.194 17.5114
3 0.853027 165.318 316.98 208.383 358.488 192.932 374.52 149.867 333.012
3 0.810059 34.9754 139.68 67.2663 142.761 64.8996 167.57 32.6087 164.489
2 0.779297 219.856 -0.75058 249.322 -0.388953 249.144 14.11 219.678 13.7483
2 0.441406 166.318 278.792 228.639 336.686 211.432 355.208 149.111 297.314
