4 0.951172 239.169 419.894 258.919 461.818 237.081 472.106 217.331 430.182
4 0.948242 289.72 394.775 309.816 435.632 288.28 446.225 268.184 405.368
4 0.948242 264.751 407.408 284.841 448.893 262.749 459.592 242.659 418.107
4 0.947266 214.503 433.727 235.437 474.688 213.747 485.773 192.813 444.812
0 0.94043 477.994 296.584 504.961 344.877 482.506 357.416 455.539 309.123
4 0.9375 510.643 283.764 530.718 324.107 509.357 334.736 489.282 294.393
2 0.9375 475.021 92.083 512.415 163.088 489.479 175.167 452.085 104.162
4 0.935547 537.697 269.516 556.31 310.486 534.303 320.484 515.69 279.514
2 0.93457 121.143 484.645 148.03 540.165 122.857 552.355 95.9704 496.835
4 0.93457 168.89 458.072 187.753 498.273 166.11 508.428 147.247 468.227
4 0.932617 596.57 239.124 616.194 281.28 593.43 291.876 573.806 249.72
2 0.931641 443.465 314.785 471.561 371.905 446.535 384.215 418.439 327.095
4 0.928711 144.028 469.976 164.786 512.839 142.722 523.524 121.964 480.661
4 0.927734 624.913 224.432 641.878 266.853 620.087 275.568 603.122 233.147
2 0.926758 252.342 91.6572 333.426 251.52 307.158 264.843 226.074 104.98
3 0.923828 102.703 308.556 128.496 355.25 106.422 367.444 80.6286 320.75
2 0.923828 416.661 118.201 450.553 191.012 426.839 202.049 392.947 129.238
2 0.920898 331.747 159.652 365.412 239.535 339.753 250.348 306.088 170.465
3 0.917969 72.7059 324.238 94.7423 371.58 71.7941 382.262 49.7577 334.92
2 0.914062 195.543 162.803 260.858 283.658 233.957 298.197 168.642 177.342
4 0.902344 332.836 471.876 344.143 503.476 324.164 510.624 312.857 479.024
3 0.902344 37.0819 322.46 63.507 383.075 38.3556 394.04 11.9305 333.425
3 0.898438 18.5505 343.179 27.8724 406.022 2.26204 409.821 -7.05993 346.978
3 0.876953 191.894 230.974 228.058 304.499 203.606 316.526 167.442 243.001
3 0.819336 101.867 63.4683 133.951 61.8428 135.133 85.1567 103.049 86.7822
3 0.806641 175.065 268.998 201.353 321.224 180.935 331.502 154.647 279.276
4 0.753906 629.481 224.923 650.584 244.287 642.519 253.077 621.416 233.713
2 0.746094 277.619 -4.5312 307.971 -5.18314 308.381 13.9062 278.029 14.5581
3 0.708496 -4.96122 407.434 15.8001 409.286 14.8831 419.566 -5.87821 417.714
2 0.658203 206.664 0.297795 233.32 0.256905 233.336 10.8975 206.68 10.9384
3 0.504883 277.661 -3.98289 308.156 -5.10609 308.839 13.4438 278.344 14.567
4 0.250977 206.032 0.191061 231.375 -0.0421963 231.468 10.0433 206.125 10.2766
