4 0.939453 230.405 373.473 233.069 419.114 208.845 420.527 206.181 374.886
4 0.928711 201.804 373.873 204.042 419.443 179.946 420.627 177.708 375.057
4 0.928711 174.27 375.059 177.631 420.623 152.98 422.441 149.619 376.877
0 0.927734 472.133 367.965 476.728 423.305 449.867 425.535 445.272 370.195
4 0.921875 259.328 372.467 261.168 418.555 236.672 419.533 234.832 373.445
4 0.917969 537.081 369.547 538.316 414.28 513.919 414.953 512.684 370.22
2 0.912109 432.401 370.015 435.119 433.238 406.099 434.485 403.381 371.262
2 0.911133 68.4132 380.223 70.4925 441.813 41.9618 442.777 39.8825 381.187
2 0.907227 558.244 182.924 562.194 263.327 536.756 264.576 532.806 184.173
4 0.901367 122.251 377.358 123.719 420.833 99.7485 421.642 98.2808 378.167
3 0.900391 62.7786 197.002 63.439 268.749 36.4089 268.998 35.7485 197.251
4 0.899414 506.344 370.711 508.258 415.232 483.656 416.289 481.742 371.768
4 0.898438 261.394 458.927 265.687 492.876 244.356 495.573 240.063 461.624
3 0.897461 95.8359 214.039 96.8471 268.967 70.0391 269.461 69.0279 214.533
4 0.892578 94.3934 376.757 97.0531 424.871 72.2316 426.243 69.5719 378.129
2 0.892578 493.854 178.806 496.151 261.962 469.646 262.694 467.349 179.538
2 0.886719 369.189 263.342 371.352 179.933 399.311 180.658 397.148 264.067
3 0.885742 130.783 214.78 132.115 269.045 104.592 269.72 103.26 215.455
4 0.883789 603.108 367.132 604.812 413.413 578.892 414.368 577.188 368.087
4 0.876953 634.66 367.229 635.616 411.75 611.34 412.271 610.384 367.75
3 0.874023 30.4762 183.402 31.2257 264.836 2.7738 265.098 2.02428 183.664
2 0.866211 273.73 118.977 280.273 271.212 249.77 272.523 243.227 120.288
3 0.863281 242.782 185.823 244.973 265.168 217.468 265.927 215.277 186.582
2 0.861328 502.293 -4.06135 511.173 42.0603 478.707 48.3113 469.827 2.18973
2 0.834473 354.701 75.4765 361.112 265.368 334.299 266.273 327.888 76.3817
3 0.823242 230.155 -0.589937 258.995 -1.03238 259.345 21.7931 230.505 22.2355
2 0.817871 312.978 67.8948 319.508 280.67 289.022 281.605 282.492 68.8304
3 0.812012 211.721 212.794 213.255 268.335 190.779 268.956 189.245 213.415
2 0.776367 417.47 2.66935 451.251 1.2175 452.53 30.9869 418.749 32.4387
4 0.618164 417.349 1.71686 452.35 3.16735 451.151 32.0956 416.15 30.6452
2 0.450684 229.532 -0.33345 258.42 -2.28616 259.968 20.6147 231.08 22.5674
3 0.376465 419.477 -0.128246 453.406 6.45849 448.023 34.1907 414.094 27.604
4 0.300781 432.707 368.661 434.486 433.074 406.793 433.839 405.014 369.426
