4 0.949219 301.638 450.684 343.035 469.262 333.362 490.816 291.965 472.238
2 0.948242 235.705 565.963 292.544 595.786 279.295 621.037 222.456 591.214
4 0.947266 317.263 425.969 357.832 444.929 347.737 466.531 307.168 447.571
4 0.946289 263.115 519.624 302.044 539.52 291.385 560.376 252.456 540.48
2 0.946289 420.007 251.329 476.978 282.232 463.993 306.171 407.022 275.268
4 0.945312 288.727 475.06 330.264 493.168 320.773 514.94 279.236 496.832
0 0.943359 440.438 217.893 488.949 240.746 478.062 263.857 429.551 241.004
4 0.942383 475.964 164.405 515.37 183.339 505.036 204.845 465.63 185.911
3 0.942383 79.0827 474.973 139.528 508.121 126.417 532.027 65.9723 498.879
4 0.942383 331.671 401.346 371.696 420.578 361.329 442.154 321.304 422.922
4 0.94043 461.057 190.465 499.903 210.318 489.443 230.785 450.597 210.932
4 0.939453 247.687 542.942 290.627 563.9 279.813 586.058 236.873 565.1
2 0.931641 244.935 179.346 314.09 224.79 299.065 247.654 229.91 202.21
3 0.927734 110.351 456.164 157.61 481.705 145.649 503.836 98.3904 478.295
2 0.923828 328.931 45.6322 400.571 84.4914 388.569 106.618 316.929 67.7586
2 0.923828 139.62 165.734 295.257 253.901 281.88 277.516 126.243 189.349
3 0.923828 127.801 426.071 178.871 451.386 167.449 474.429 116.379 449.114
4 0.921875 525.288 80.4896 565.432 98.654 555.712 120.135 515.568 101.971
2 0.918945 131.543 254.513 251.418 325.367 237.457 348.987 117.582 278.133
2 0.917969 293.968 98.6365 362.97 138.994 350.032 161.113 281.03 120.756
4 0.916992 408.747 442.823 438.689 460.459 428.253 478.177 398.311 460.541
3 0.915039 22.2026 550.435 91.6006 585.768 79.4849 609.565 10.0869 574.232
2 0.912109 117.863 198.134 279.009 294.721 265.137 317.866 103.991 221.279
3 0.908203 54.9761 498.035 123.115 536.635 109.899 559.965 41.7602 521.365
4 0.90625 508.806 107.845 550.616 127.62 540.194 149.655 498.384 129.88
3 0.905273 34.1427 523.298 102.517 561.479 90.1073 583.702 21.733 545.521
3 0.890625 168.572 316.203 234.518 354.232 220.928 377.797 154.982 339.768
2 0.886719 33.6466 -5.04037 150.826 50.3815 137.478 78.6029 20.2988 23.181
2 0.84082 104.883 -12.9496 187.745 -0.788044 182.867 32.4496 100.005 20.288
3 0.823242 165.009 348.857 221.45 382.217 208.491 404.143 152.05 370.783
3 0.793945 3.29284 208.304 35.1041 206.055 36.8634 230.946 5.05215 233.195
3 0.706543 615.624 93.255 646.609 96.2107 644.376 119.62 613.391 116.664
3 0.680176 0.509564 572.193 18.4877 589.79 9.66231 598.807 -8.31582 581.21
2 0.428711 158.486 312.701 235.396 356.738 222.764 378.799 145.854 334.762
