4 0.94043 189.373 392.814 197.201 347.548 221.127 351.686 213.299 396.952
4 0.9375 217.513 399.233 224.535 353.582 248.487 357.267 241.465 402.918
4 0.933594 458.375 450.972 466.378 406.276 490.125 410.528 482.122 455.224
2 0.928711 20.445 378.356 32.5405 315.923 59.4925 321.144 47.397 383.577
2 0.928711 379.14 450.547 389.981 387.567 418.36 392.453 407.519 455.433
4 0.928711 487.88 457.172 495.758 412.232 519.12 416.328 511.242 461.268
4 0.928711 134.074 382.194 141.083 337.49 165.426 341.306 158.417 386.01
4 0.925781 161.489 386.594 168.87 341.571 192.261 345.406 184.88 390.429
2 0.925781 479.087 295.327 495.295 217.816 520.913 223.173 504.705 300.684
0 0.923828 422.404 451.432 430.208 396.799 456.596 400.568 448.792 455.201
4 0.921875 82.7449 369.416 91.2797 326.379 115.005 331.084 106.47 374.121
3 0.918945 54.4514 207.222 69.2533 135.611 96.6736 141.278 81.8717 212.889
2 0.914062 380.579 275.647 399.341 195.758 427.421 202.353 408.659 282.242
4 0.912109 583.84 475.297 591.732 431.026 615.16 435.203 607.268 479.474
4 0.908203 551.984 470.835 560.324 424.867 584.016 429.165 575.676 475.133
4 0.905273 55.6461 367.864 62.9483 320.454 86.8539 324.136 79.5517 371.546
3 0.902344 121.768 221.701 131.952 168.702 158.482 173.799 148.298 226.798
2 0.901367 542.548 314.408 557.058 234.782 583.452 239.592 568.942 319.218
3 0.895508 21.7529 196.837 39.9104 112.583 68.1221 118.663 49.9646 202.917
4 0.892578 206.06 473.971 211.572 440.167 232.19 443.529 226.678 477.333
3 0.890625 87.9103 213.985 98.8382 160.911 124.84 166.265 113.912 219.339
2 0.888672 261.414 249.805 290.537 115.297 320.086 121.695 290.963 256.203
2 0.874023 483.292 64.2468 492.937 -3.3182 523.208 1.00318 513.563 68.5682
3 0.874023 -5.21784 195.126 4.02653 105.665 32.6553 108.624 23.411 198.085
2 0.854004 340.12 271.73 382.663 85.7846 415.38 93.27 372.837 279.215
2 0.853027 296.296 265.284 346.324 71.2543 377.204 79.2164 327.176 273.246
3 0.849609 230.501 243.968 247.835 166.637 275.249 172.782 257.915 250.113
2 0.807617 433.577 -4.39486 462.591 -4.1278 462.423 14.137 433.409 13.87
3 0.804688 204.976 238.18 216.153 181.65 239.774 186.32 228.597 242.85
2 0.772949 -2.43722 352.806 0.397994 305.923 13.1403 306.694 10.3051 353.577
3 0.699707 303.695 -2.0941 331.439 -0.987002 330.805 14.9066 303.061 13.7995
2 0.418457 302.196 -0.999419 329.852 -0.91457 329.804 14.7416 302.148 14.6568
4 0.28125 -0.857944 350.743 -0.50895 306.182 9.03763 306.257 8.68864 350.818
