4 0.926758 200.077 410.724 202.166 363.676 226.923 364.776 224.834 411.824
4 0.923828 172.502 408.232 174.011 362.976 197.748 363.768 196.239 409.024
2 0.921875 32.3714 419.353 35.3484 357.299 63.4411 358.647 60.4641 420.701
4 0.921875 505.286 431.651 507.478 387.643 531.714 388.849 529.522 432.857
4 0.919922 475.987 429.881 478.52 385.798 501.513 387.119 498.98 431.202
0 0.917969 429.844 389.131 484.511 402.113 478.156 428.869 423.489 415.887
4 0.917969 228.513 411.888 230.927 365.826 255.487 367.112 253.073 413.174
2 0.915039 396.078 440.583 398.427 378.815 427.422 379.917 425.073 441.685
4 0.914062 143.449 406.513 145.967 362.053 171.301 363.487 168.783 407.947
4 0.90625 91.7364 402.221 94.3695 358.331 118.514 359.779 115.881 403.669
2 0.904297 374.841 267.269 381.594 184.482 409.159 186.731 402.406 269.518
2 0.902344 63.6977 403.133 65.9891 356.626 91.1773 357.867 88.8859 404.374
2 0.900391 474.527 275.122 478.963 191.99 504.973 193.378 500.537 276.51
3 0.899414 43.2104 245.789 45.4116 173.385 72.6021 174.211 70.4009 246.615
2 0.893555 255.556 261.888 262.806 113.439 291.944 114.862 284.694 263.311
4 0.889648 570.374 436.511 572.931 391.584 597.626 392.989 595.069 437.916
4 0.888672 602.446 437.09 605.082 392.949 629.554 394.41 626.918 438.551
3 0.888672 75.1567 247.141 78.3289 194.768 104.593 196.359 101.421 248.732
3 0.878906 108.747 250.849 114.164 196.274 140.628 198.901 135.211 253.476
3 0.878906 9.64139 243.524 14.2791 163.659 41.2649 165.226 36.6272 245.091
2 0.876953 539.546 284.419 543.754 202.214 570.454 203.581 566.246 285.786
4 0.874023 223.027 483.651 233.499 451.994 254.223 458.849 243.751 490.506
2 0.858887 336.041 274.574 348.886 80.1231 379.959 82.1757 367.114 276.627
3 0.856445 221.594 256.468 229.048 178.637 256.656 181.282 249.202 259.113
2 0.827637 293.388 285.791 303.898 60.4106 337.112 61.9593 326.602 287.339
3 0.826172 196.579 257.825 199.304 197.137 222.421 198.175 219.696 258.863
2 0.824219 270.061 272.097 281.594 88.9601 312.439 90.9027 300.906 274.04
3 0.807617 259.645 -1.67681 287.764 -1.11599 287.355 19.3643 259.236 18.8035
4 0.78125 64.0022 402.875 65.7968 355.69 90.3728 356.625 88.5782 403.81
2 0.772949 434.245 15.3441 476.952 1.16291 486.755 30.6871 444.048 44.8683
3 0.720703 0.273439 229.828 0.273436 165.922 7.67578 165.922 7.67578 229.828
3 0.6875 -1.88991 163.922 20.7598 229.76 11.843 232.828 -10.8067 166.99
3 0.63916 -13.207 171.283 30.3263 236.005 22.9492 240.967 -20.5841 176.245
3 0.580078 6.37446 202.201 6.63715 245.012 0.563044 245.049 0.300352 202.238
