4 0.9375 492.713 450.615 499.774 406.078 523.787 409.885 516.726 454.422
2 0.93457 382.778 448.051 392.379 384.586 421.222 388.949 411.621 452.414
4 0.93457 192 396.932 198.275 351.772 222 355.068 215.725 400.228
4 0.929688 219.568 402.347 225.778 356.358 250.182 359.653 243.972 405.642
0 0.928711 427.908 448.106 433.441 392.254 460.092 394.894 454.559 450.746
4 0.928711 163.793 392.817 169.404 347.223 193.457 350.183 187.846 395.777
4 0.923828 84.7228 379.006 90.9539 334.566 115.402 337.994 109.171 382.434
2 0.920898 23.7493 388.982 33.38 326.375 60.3132 330.518 50.6825 393.125
2 0.917969 478.296 291.12 490.732 210.068 517.204 214.13 504.768 295.182
4 0.915039 463.155 446.477 468.468 401.635 492.845 404.523 487.532 449.365
4 0.914062 57.4342 376.796 62.5867 330.048 86.6908 332.704 81.5383 379.452
4 0.912109 136.976 389.175 142.201 344.039 166.274 346.825 161.049 391.961
2 0.912109 542.27 306.701 552.72 225.81 579.73 229.299 569.28 310.19
2 0.910156 379.031 274.69 394.927 193.799 422.969 199.31 407.073 280.201
4 0.910156 589.031 466.436 595.849 422.335 619.969 426.064 613.151 470.165
4 0.902344 210.931 477.232 214.605 443.902 236.069 446.268 232.395 479.598
3 0.898438 82.5646 221.443 93.1443 169.095 118.935 174.307 108.356 226.655
3 0.898438 120.121 229.313 127.632 175.554 153.629 179.187 146.118 232.946
3 0.89502 50.6686 217.424 62.1105 144.441 90.0814 148.826 78.6395 221.809
4 0.888672 556.15 462.504 563.14 416.122 588.85 419.996 581.86 466.378
3 0.883789 18.3668 208.538 32.6457 124.429 60.8207 129.212 46.5418 213.321
2 0.87207 339.222 265.576 371.739 87.902 403.278 93.674 370.761 271.348
3 0.870605 227.364 242.014 244.356 167.745 271.636 173.986 254.644 248.255
2 0.870605 258.723 252.123 285.998 109.584 316.277 115.377 289.002 257.916
3 0.866211 -6.34007 197.533 -1.40703 115.306 26.2776 116.967 21.3445 199.194
2 0.841309 295.327 276.755 331.998 65.4125 364.173 70.9955 327.502 282.338
2 0.824219 474.371 60.0098 481.029 -3.36011 511.129 -0.197256 504.471 63.1726
2 0.791016 421.202 -3.64079 451.083 -2.08091 450.298 12.9689 420.417 11.409
2 0.729004 427.35 448.472 433.115 391.827 459.65 394.528 453.885 451.173
3 0.677246 292.453 -1.81402 320.578 -0.864522 320.047 14.8609 291.922 13.9114
2 0.675293 -2.29549 366.874 -0.540507 317.187 11.8892 317.626 10.1343 367.313
0 0.384766 -0.755219 365.78 -0.565032 316.187 7.89584 316.22 7.70566 365.813
4 0.353271 421.3 -2.31935 451.451 -1.76427 451.2 11.8897 421.049 11.3346
