2 0.945312 98.3106 451.237 115.205 512.286 88.1894 519.763 71.2948 458.714
4 0.943359 252.058 397.202 264.922 441.562 241.692 448.298 228.828 403.938
4 0.943359 224.455 406.121 237.494 450.071 214.545 456.879 201.506 412.929
4 0.9375 279.232 388.583 291.865 432.652 268.268 439.417 255.635 395.348
4 0.935547 542.339 304.501 554.835 346.624 531.661 353.499 519.165 311.376
4 0.935547 513.637 314.257 527.482 357.501 504.863 364.743 491.018 321.499
4 0.933594 198.072 416.351 213.179 459.402 189.678 467.649 174.571 424.598
2 0.929688 447.166 136.376 470.951 213.086 445.834 220.874 422.049 144.164
2 0.928711 509.88 119.795 535.268 196.647 510.12 204.955 484.732 128.103
0 0.928711 480.826 321.209 499.013 374.074 473.674 382.791 455.487 329.926
2 0.927734 443.283 333.742 461.681 395.759 434.717 403.758 416.319 341.741
4 0.925781 122.768 439.561 136.363 486.442 112.232 493.439 98.637 446.558
3 0.924805 39.7304 278.678 57.7811 344.692 31.7071 351.822 13.6564 285.808
4 0.921875 605.429 283.07 618.71 328.35 594.571 335.43 581.29 290.15
4 0.915039 149.593 432.166 161.182 476.133 137.657 482.334 126.068 438.367
2 0.914062 221.769 146.554 265.738 275.646 236.231 285.696 192.262 156.604
2 0.912109 355.89 163.018 376.813 243.402 349.61 250.482 328.687 170.098
3 0.90918 107.276 274.363 125.145 325.287 101.349 333.637 83.4797 282.713
4 0.908203 640.358 273.566 644.305 319.396 620.642 321.434 616.695 275.604
2 0.904297 288.865 81.4274 344.925 258.385 315.135 267.823 259.075 90.8651
3 0.904297 74.9489 285.466 89.8671 336.91 65.3011 344.034 50.3829 292.59
4 0.901367 307.892 470.785 315.846 504.741 294.608 509.715 286.654 475.759
2 0.895508 247.645 84.8602 305.95 272.904 275.355 282.39 217.05 94.3463
3 0.883789 209.302 213.723 232.161 290.778 205.198 298.777 182.339 221.722
3 0.875 16.9795 293.865 22.4352 359.577 -2.35451 361.635 -7.81019 295.923
3 0.838867 186.448 246.1 202.971 301.175 180.552 307.9 164.029 252.825
3 0.800781 141.926 37.5776 173.306 31.6354 177.574 54.1724 146.194 60.1146
2 0.741699 327.727 -3.90115 357.617 -4.17626 357.773 12.7761 327.883 13.0513
2 0.730469 382.46 -2.07511 413.96 -2.26839 414.04 10.7079 382.54 10.9012
4 0.568359 480.884 320.761 499.487 374.838 473.616 383.739 455.013 329.662
3 0.497559 327.673 -2.78778 357.165 -3.96465 357.827 12.6159 328.335 13.7928
