2 0.951172 285.189 577.258 345.497 595.149 337.311 622.742 277.003 604.851
4 0.949219 443.661 137.02 486.054 149.596 479.339 172.23 436.946 159.654
4 0.945312 327.252 450.994 371.479 462.942 365.248 486.006 321.021 474.058
4 0.945312 302.356 527.078 344.321 539.667 337.644 561.922 295.679 549.333
4 0.942383 338.063 423.955 380.937 436.104 374.437 459.045 331.563 446.896
4 0.941406 318.699 477.577 363.19 489.012 357.301 511.923 312.81 500.488
4 0.94043 346.893 397.256 390.713 409.964 384.107 432.744 340.287 420.036
4 0.935547 292.546 552.659 337.326 565.645 330.454 589.341 285.674 576.355
4 0.93457 433.288 166.047 476.076 178.384 469.712 200.453 426.924 188.116
2 0.931641 405.947 232.77 466.66 252.517 458.053 278.98 397.34 259.233
3 0.921875 140.152 494.279 190.082 510.097 182.598 533.721 132.668 517.903
0 0.920898 418.397 196.671 471.367 211.242 464.603 235.829 411.633 221.258
2 0.916992 218.792 195.215 297.809 227.378 286.958 254.035 207.941 221.872
2 0.914062 120.523 292.328 253.897 339.589 244.477 366.172 111.103 318.911
4 0.914062 475.856 44.9218 519.016 56.8655 512.644 79.8907 469.484 67.947
3 0.912109 152.334 461.746 206.683 477.417 199.666 501.754 145.317 486.083
4 0.90918 465.508 74.9421 510.768 88.0674 503.992 111.433 458.732 98.3076
3 0.908203 109.881 516.193 176 538.599 167.119 564.807 101 542.401
2 0.902344 113.831 202.779 287.001 259.986 278.169 286.721 104.999 229.514
2 0.900391 2.71738 61.4272 102.171 92.2639 92.6576 122.948 -6.79646 92.1111
3 0.900391 97.3502 547.984 166.491 570.004 158.525 595.016 89.3842 572.996
2 0.895508 98.2298 240.203 271.394 299.776 262.27 326.297 89.1059 266.724
2 0.892578 244.405 105.366 327.588 133.697 319.095 158.634 235.912 130.303
3 0.883789 84.1335 578.127 161.191 601.631 153.492 626.873 76.434 603.369
2 0.882812 274.687 47.2037 354.032 73.4157 345.813 98.2963 266.468 72.0843
4 0.870605 419.193 196.462 471.591 210.876 464.807 235.538 412.409 221.124
2 0.867188 24.9396 19.8608 130.45 45.9462 123.31 74.8267 17.7996 48.7413
3 0.866211 166.434 344.241 243.208 369.866 234.566 395.759 157.792 370.134
2 0.854004 -1.97181 123.776 39.6516 133.795 32.2062 164.724 -9.41727 154.705
3 0.845703 62.6002 609.748 151.872 621.176 148.15 650.252 58.8782 638.824
3 0.78125 -7.9642 270.85 17.8479 264.322 23.4955 286.65 -2.31668 293.178
4 0.769531 404.856 233.286 465.629 252.642 457.644 277.714 396.871 258.358
3 0.724121 30.1566 624.681 63.2167 625.086 62.9684 645.319 29.9083 644.914
2 0.37207 449.664 -0.222656 478.836 -0.222656 478.836 8.37109 449.664 8.37109
