2 0.952148 15.649 304.33 41.8406 245.969 67.9135 257.67 41.7219 316.031
2 0.946289 344.638 460.746 372.095 401.76 397.862 413.754 370.405 472.74
4 0.942383 200.943 371.961 218.852 329.556 241.307 339.039 223.398 381.444
4 0.942383 176.011 359.898 193.225 317.139 215.489 326.102 198.275 368.861
0 0.942383 388.793 473.654 407.296 420.501 432.707 429.346 414.204 482.499
4 0.942383 449.737 493.584 467.481 451.925 489.763 461.416 472.019 503.075
4 0.942383 150.28 346.195 167.76 304.085 189.97 313.305 172.49 355.415
2 0.9375 389.288 291.05 427.328 218.619 452.712 231.95 414.672 304.381
4 0.933594 124.932 336.55 140.992 293.445 163.818 301.95 147.758 345.055
2 0.931641 536.69 367.885 571.843 292.214 595.31 303.115 560.157 378.786
4 0.929688 78.3571 312.251 94.9338 271.391 116.768 280.249 100.191 321.109
4 0.928711 52.451 302.788 69.5015 257.45 92.799 266.212 75.7485 311.55
4 0.927734 538.308 536.016 555.362 493.934 577.692 502.984 560.638 545.066
2 0.926758 479.811 335.656 514.089 262.749 537.689 273.844 503.411 346.751
4 0.926758 422.13 480.508 440.812 439.638 462.37 449.492 443.688 490.362
3 0.924805 88.0697 149.618 120.534 79.3832 145.68 91.0065 113.216 161.242
3 0.914062 60.3083 129.844 98.8272 50.3046 123.817 62.4065 85.2978 141.945
3 0.914062 152.135 179.691 173.042 127.471 197.615 137.309 176.708 189.529
2 0.912109 276.933 239.286 342.714 112.736 370.567 127.214 304.786 253.764
4 0.910156 507.328 523.758 525.083 480.14 548.672 489.742 530.917 533.36
4 0.908203 171.095 440.829 184.795 409.404 204.905 418.171 191.205 449.596
3 0.908203 118.198 164.765 143.11 112.041 166.802 123.235 141.89 175.959
3 0.90625 33.0108 115.798 71.9724 32.1793 97.2392 43.9522 58.2776 127.571
2 0.899414 312.176 264.219 404.219 85.8129 430.324 99.2812 338.281 277.687
2 0.897461 349.953 278.229 439.289 105.882 467.047 120.271 377.711 292.618
3 0.886719 4.35534 106.286 42.8171 21.5432 69.0822 33.4641 30.6204 118.207
3 0.855469 253.804 220.423 289.325 153.659 312.196 165.827 276.675 232.591
2 0.848633 498.542 42.2071 533.323 -11.4799 563.458 8.04292 528.677 61.7299
3 0.842773 377.62 -4.53565 411.01 -5.56038 411.88 22.7856 378.49 23.8104
4 0.828613 -7.52446 269.076 -3.01791 225.464 18.3682 227.674 13.8617 271.286
2 0.819824 615.533 491.315 646.448 487.839 649.467 514.685 618.552 518.161
3 0.810059 228.443 214.869 256.743 159.494 277.557 170.131 249.257 225.506
3 0.794434 8.24872 11.1274 45.658 -2.03169 53.8138 21.1538 16.4045 34.3129
4 0.770996 614.168 494.968 643.991 486.74 650.832 511.532 621.009 519.76
3 0.695312 -15.3026 18.7839 22.8333 5.33631 28.1464 20.4036 -9.98958 33.8512
4 0.666016 630.168 485.531 630.168 464.969 639.832 464.969 639.832 485.531
3 0.521973 -11.8692 32.2436 14.1269 9.60971 20.2677 16.6626 -5.72851 39.2965
2 0.347412 -6.18486 271.726 -4.16996 226.365 16.2942 227.274 14.2793 272.635
