4 0.951172 295.086 449.172 335.035 470.29 323.914 491.328 283.965 470.21
4 0.949219 311.695 425.678 351.469 446.859 340.305 467.822 300.531 446.641
4 0.949219 280.653 472.804 321.172 493.434 310.347 514.696 269.828 494.066
0 0.948242 445.343 224.766 493.125 250.589 481.157 272.734 433.375 246.911
4 0.947266 483.593 172.317 522.555 194.074 510.907 214.933 471.945 193.176
2 0.946289 424.129 256.501 477.984 291.538 463.371 313.999 409.516 278.962
4 0.946289 327.292 401.67 366.737 423.459 355.208 444.33 315.763 422.541
2 0.945312 223.628 562.336 277.432 592.381 263.872 616.664 210.068 586.619
3 0.945312 102.997 446.13 147.222 471.905 135.003 492.87 90.7784 467.095
3 0.942383 71.7999 462.16 130.31 499.086 115.95 521.84 57.44 484.914
4 0.941406 467.016 197.933 505.972 218.987 494.984 239.317 456.028 218.263
4 0.938477 252.613 515.749 291.526 538.349 279.387 559.251 240.474 536.651
2 0.935547 251.949 174.499 319.368 224.501 303.051 246.501 235.632 196.499
2 0.93457 136.798 244.959 250.768 319.853 235.202 343.54 121.232 268.647
4 0.932617 519.158 117.549 561.277 139.978 549.842 161.451 507.723 139.022
3 0.929688 123.962 415.954 172.922 444.589 159.788 467.046 110.828 438.411
4 0.929688 236.193 539.071 277.844 561.581 266.307 582.929 224.656 560.419
2 0.929688 151.504 157.127 300.038 252.467 285.496 275.123 136.962 179.783
4 0.926758 537.242 90.1645 577.368 112.01 565.758 133.336 525.632 111.49
2 0.926758 345.775 46.348 412.77 89.4957 399.225 110.527 332.23 67.3793
3 0.923828 44.7237 484.142 112.47 525.743 98.2763 548.858 30.5297 507.257
2 0.921875 302.25 97.3241 372.58 140.809 358.75 163.176 288.42 119.691
3 0.917969 13.9429 536.74 82.1745 576.928 68.4321 600.26 0.200489 560.072
2 0.916992 119.941 187.801 280.147 292.026 265.559 314.449 105.353 210.224
3 0.912109 28.7713 511.051 97.8725 553.192 84.6037 574.949 15.5025 532.808
4 0.901367 401.84 447.101 430.443 466.725 418.66 483.899 390.057 464.275
3 0.892578 162.513 307.213 233.099 347.199 219.737 370.787 149.151 330.801
2 0.882812 51.211 -8.23029 163.594 32.7605 153.164 61.3553 40.7812 20.3645
2 0.829102 138.921 -12.7422 200.481 -5.91533 196.829 27.0078 135.269 20.181
3 0.806641 170.247 345.707 217.944 378.431 205.003 397.293 157.306 364.569
3 0.802246 8.10703 188.466 41.6436 191.302 39.3617 218.284 5.82518 215.448
4 0.667969 623.272 110.608 648.509 113.25 646.728 130.267 621.491 127.625
2 0.294678 624.502 106.707 650.667 113.431 645.498 133.543 619.333 126.819
