4 0.952148 250.612 429.941 276.95 466.735 257.638 480.559 231.3 443.765
4 0.952148 274.803 413.518 301.006 451.212 281.197 464.982 254.994 427.288
4 0.948242 227.953 446.548 255.426 482.542 236.547 496.952 209.074 460.958
0 0.946289 473.67 277.6 506.73 321.75 485.83 337.4 452.77 293.25
4 0.946289 529.458 243.688 554.033 280.712 533.542 294.312 508.967 257.288
4 0.945312 610.269 188.889 634.212 226.065 614.731 238.611 590.788 201.435
4 0.945312 298.657 397.527 323.418 435.587 302.843 448.973 278.082 410.913
4 0.941406 161.94 490.753 189.821 529.325 170.56 543.247 142.679 504.675
2 0.94043 141.847 507.084 175.339 560.333 152.153 574.916 118.661 521.667
4 0.939453 504.67 260.04 530.284 298.248 509.83 311.96 484.216 273.752
4 0.939453 186.458 475.651 210.462 512.302 190.542 525.349 166.538 488.698
2 0.9375 442.136 299.321 476.76 353.814 453.364 368.679 418.74 314.186
2 0.9375 446.391 75.9979 492.539 140.886 471.109 156.127 424.961 91.2386
2 0.933594 311.425 159.323 355.493 232.591 332.075 246.677 288.007 173.409
4 0.932617 583.173 206.54 608.94 245.36 588.827 258.71 563.06 219.89
2 0.932617 390.415 107.476 435.105 175.256 413.085 189.774 368.395 121.994
2 0.928711 223.416 99.9435 325.179 251.739 301.584 267.557 199.821 115.761
3 0.928711 38.0605 357.092 73.3655 413.225 50.8145 427.408 15.5095 371.275
2 0.924805 179.027 181.299 255.939 291.943 231.473 308.951 154.561 198.307
3 0.923828 183.123 247.106 226.98 316.835 204.627 330.894 160.77 261.165
3 0.920898 73.9462 354.602 102.111 397.606 81.0538 411.398 52.8887 368.394
3 0.917969 103.768 334.946 133.475 379.703 112.607 393.554 82.8997 348.797
3 0.912109 18.6239 375.45 44.0569 440.196 18.9698 450.05 -6.46314 385.304
4 0.908203 350.971 469.526 365.858 499.676 347.029 508.974 332.142 478.824
2 0.849609 213.589 236.134 254.784 299.032 233.661 312.866 192.466 249.968
3 0.845703 16.2287 423.469 18.3815 467.291 -6.86929 468.531 -9.02213 424.709
2 0.807617 160.338 -7.11523 197.33 -7.90977 197.912 19.1777 160.92 19.9723
3 0.805664 74.8731 86.2282 107.083 88.803 105.127 113.272 72.9171 110.697
2 0.779297 235.639 -8.17804 269.356 -7.8677 269.111 18.7562 235.394 18.4458
4 0.737793 636.884 123.841 648.465 150.973 628.116 159.659 616.535 132.527
3 0.657715 233.266 -7.40616 268.599 -8.27354 269.234 17.6249 233.901 18.4923
