4 0.942383 186.226 385.412 195.894 341.047 219.024 346.088 209.356 390.453
4 0.942383 213.406 393.154 222.913 348.371 246.344 353.346 236.837 398.129
4 0.93457 158.7 377.91 167.801 333.84 190.8 338.59 181.699 382.66
4 0.933594 480.115 464.938 490.8 421.289 514.385 427.062 503.7 470.711
2 0.931641 371.978 453.277 387.023 390.62 414.522 397.223 399.477 459.88
2 0.931641 18.391 362.576 32.1934 301.33 59.234 307.424 45.4316 368.67
4 0.929688 130.991 372.057 140.562 327.767 164.509 332.943 154.938 377.233
4 0.927734 451.232 458.28 461.33 413.787 485.268 419.22 475.17 463.713
4 0.919922 80.7824 356.895 90.8045 314.693 113.593 320.105 103.57 362.307
2 0.918945 382.996 278.595 405.666 198.881 433.004 206.655 410.334 286.369
2 0.917969 480.372 305.263 499.735 226.032 525.128 232.237 505.765 311.468
0 0.917969 416.203 457.288 426.077 402.864 452.797 407.712 442.923 462.136
4 0.917969 54.192 353.948 63.2588 307.003 86.808 311.552 77.7412 358.497
3 0.916992 60.0773 194.939 78.3609 122.653 105.673 129.561 87.3891 201.847
2 0.914062 542.979 325.184 560.972 247.298 587.021 253.316 569.028 331.202
3 0.912109 94.1895 202.469 107.061 149.8 132.56 156.031 119.689 208.7
3 0.910156 128.113 212.527 139.985 159.656 165.887 165.473 154.015 218.344
4 0.905273 543.335 482.688 554.445 437.374 578.665 443.312 567.555 488.626
4 0.904297 575.158 490.019 585.111 445.012 609.842 450.481 599.889 495.488
3 0.901367 29.1972 184.04 50.4326 99.6073 77.6778 106.46 56.4424 190.893
2 0.892578 263.526 247.579 304.154 109.168 333.974 117.921 293.346 256.332
4 0.885742 198.384 466.181 204.627 434.35 224.866 438.319 218.623 470.15
3 0.875 233.338 238.064 257.966 162.935 284.662 171.686 260.034 246.815
2 0.874023 341.883 271.008 392.195 87.0129 424.117 95.7416 373.805 279.737
3 0.864746 -0.266224 176.297 18.9647 88.6957 46.3287 94.7028 27.0978 182.304
2 0.854492 297.415 270.784 354.602 76.7876 386.585 86.2156 329.398 280.212
3 0.836914 208.993 234.009 225.872 176.139 248.507 182.741 231.628 240.611
2 0.825684 450.156 -3.47489 481.765 -3.57187 481.844 22.053 450.235 22.15
4 0.807617 415.974 456.611 426.142 401.351 453.526 406.389 443.358 461.649
3 0.757324 319.017 -2.84549 347.793 -2.31572 347.483 14.5096 318.707 13.9798
3 0.741699 -2.83465 157.617 -2.19602 81.8695 14.2565 82.0082 13.6179 157.756
2 0.593262 -3.86955 331.365 1.97607 287.408 14.9633 289.135 9.11768 333.092
3 0.351807 450.66 -3.57747 480.379 -3.53188 480.34 21.9993 450.621 21.9538
0 0.269287 -1.04971 331.44 -0.649109 287.973 8.82705 288.06 8.42645 331.527
4 0.264404 -0.865091 330.712 -0.290248 288.153 9.69322 288.288 9.11837 330.847
