4 0.948242 297.53 449.875 337.585 470.037 326.97 491.125 286.915 470.963
2 0.946289 423.092 254.148 477.743 288.638 463.408 311.352 408.757 276.862
4 0.946289 313.819 425.744 353.921 446.161 343.181 467.256 303.079 446.839
2 0.945312 226.992 564.069 282.836 594.36 269.508 618.931 213.664 588.64
4 0.945312 282.826 473.86 324.19 493.037 314.174 514.64 272.81 495.463
0 0.945312 442.522 222.869 492.02 246.559 480.978 269.631 431.48 245.941
4 0.945312 480.91 169.745 520.293 190.796 509.09 211.755 469.707 190.704
4 0.943359 255.627 517.419 295.125 538.453 283.873 559.581 244.375 538.547
3 0.943359 106.358 449.024 152.476 476.57 139.392 498.476 93.2738 470.93
4 0.942383 329.404 401.439 368.843 422.519 357.596 443.561 318.157 422.481
4 0.938477 464.77 194.954 504.59 215.847 493.73 236.546 453.91 215.653
3 0.938477 74.7372 465.597 133.518 503.838 118.513 526.903 59.7323 488.662
2 0.9375 135.511 249.545 251.496 321.751 236.739 345.455 120.754 273.249
4 0.935547 533.178 87.3622 573.404 107.533 562.822 128.638 522.596 108.467
2 0.935547 250.519 175.841 317.69 225.021 301.481 247.159 234.31 197.979
3 0.932617 124.872 419.947 174.633 446.84 162.628 469.053 112.867 442.16
4 0.929688 238.921 539.878 282.535 561.164 271.329 584.122 227.715 562.836
2 0.928711 338.135 46.6547 408.819 87.8504 396.365 109.22 325.681 68.0246
2 0.925781 147.828 159.111 299.044 253.25 284.172 277.139 132.956 183
2 0.919922 298.69 96.7434 368.036 140.507 354.31 162.257 284.964 118.493
3 0.917969 45.7723 487.016 113.656 528.272 99.8527 550.984 31.9688 509.728
4 0.916016 516.836 114.085 558.063 137.106 546.164 158.415 504.937 135.394
2 0.914062 120.89 193.053 280.628 295.93 266.61 317.697 106.872 214.82
3 0.90918 16.2008 542.042 85.9619 580.298 72.9867 603.958 3.22563 565.702
4 0.90625 404.028 445.983 433.123 464.407 421.972 482.017 392.877 463.593
3 0.904297 28.5909 513.417 97.8288 555.933 84.5341 577.583 15.2962 535.067
3 0.889648 162.244 308.055 234.263 349.439 220.756 372.945 148.737 331.561
2 0.81543 125.979 -11.713 195.665 -3.33503 191.771 29.0567 122.085 20.6788
3 0.813477 169.971 347.392 218.151 379.906 205.529 398.608 157.349 366.094
4 0.599609 443.756 222.181 490.832 248.186 478.744 270.069 431.668 244.064
