4 0.941406 162.826 389.221 169.53 344.787 192.674 348.279 185.97 392.713
4 0.9375 190.625 394.842 197.845 349.381 221.625 353.158 214.405 398.619
2 0.933594 380.776 449.294 391.115 386.419 420.224 391.206 409.885 454.081
4 0.932617 490.299 453.594 497.902 408.861 521.701 412.906 514.098 457.639
0 0.931641 424.833 449.72 431.982 394.336 458.667 397.78 451.518 453.164
4 0.929688 218.124 400.851 225.194 354.891 249.626 358.649 242.556 404.609
4 0.926758 460.906 448.901 467.594 404.022 491.594 407.599 484.906 452.478
4 0.921875 135.507 386.123 140.966 340.417 165.743 343.377 160.284 389.083
2 0.919922 21.7893 383.324 32.4927 321.779 60.6482 326.676 49.9448 388.221
2 0.919922 479.101 294.27 492.648 214.284 518.899 218.73 505.352 298.716
4 0.914062 83.8765 374.119 90.858 330.993 114.873 334.881 107.892 378.007
2 0.90918 379.218 274.4 397.002 193.392 425.282 199.6 407.498 280.608
4 0.907227 56.207 372.341 62.8355 325.684 87.293 329.159 80.6645 375.816
3 0.907227 120.761 225.983 129.945 172.04 156.239 176.517 147.055 230.46
2 0.904297 542.448 310.198 554.498 230.226 581.552 234.302 569.502 314.274
3 0.904297 52.9779 211.508 64.7631 140.353 92.7721 144.992 80.9869 216.147
4 0.901367 208.249 474.866 213.225 441.074 234.001 444.134 229.025 477.926
4 0.899414 553.729 467.089 561.633 421.17 586.271 425.411 578.367 471.33
4 0.898438 585.99 471.291 592.594 427.063 617.01 430.709 610.406 474.937
3 0.89502 20.0969 203.848 36.6782 117.551 64.5281 122.902 47.9468 209.199
3 0.883789 86.9079 218.02 96.9215 165.688 121.967 170.48 111.953 222.812
2 0.876953 259.785 250.614 289.296 110.82 319.215 117.136 289.704 256.93
3 0.875977 228.896 244.35 245.068 167.598 272.604 173.4 256.432 250.152
2 0.873047 338.985 270.927 379.413 86.4293 412.015 93.5732 371.587 278.071
2 0.864258 479.393 62.1884 487.903 -3.89085 518.107 -0.000852585 509.597 66.0784
3 0.860352 -6.25143 202.48 1.075 110.271 29.3764 112.52 22.05 204.729
2 0.84375 294.45 272.151 339.212 67.8726 371.05 74.8492 326.288 279.127
2 0.819824 279.179 263.564 319.754 83.1968 350.821 90.1858 310.246 270.553
3 0.794434 203.76 243.177 212.965 183.793 235.74 187.323 226.535 246.707
4 0.765625 425.2 449.772 431.656 394.554 458.8 397.728 452.344 452.946
2 0.736328 -1.96242 361.184 0.066792 310.788 13.1812 311.316 11.152 361.712
2 0.734375 428.12 -2.94834 456.737 -2.28975 456.38 13.1983 427.763 12.5397
3 0.599121 296.559 -1.74643 325.435 -0.815919 324.941 14.5277 296.065 13.5972
2 0.580078 423.211 450.716 431.069 394.481 458.289 398.284 450.431 454.519
2 0.483887 296.599 -1.17343 324.473 -1.04515 324.401 14.5562 296.527 14.428
0 0.375977 -0.875822 358.606 -0.678789 310.357 8.4227 310.394 8.22566 358.643
4 0.305664 -0.891613 358.234 -0.592563 310.703 9.42286 310.766 9.12381 358.297
