4 0.952148 325.205 451.073 368.875 463.737 362.295 486.427 318.625 473.763
2 0.949219 281.19 576.718 341.454 595.404 332.81 623.282 272.546 604.596
4 0.947266 446.619 139.644 488.834 152.805 481.881 175.106 439.666 161.945
4 0.947266 335.549 424.215 379.087 436.769 372.451 459.785 328.913 447.231
4 0.943359 345.27 397.656 388.74 410.988 381.73 433.844 338.26 420.512
4 0.943359 299.038 526.725 340.585 540.028 333.462 562.275 291.915 548.972
4 0.943359 315.839 477.742 360.144 489.274 354.161 512.258 309.856 500.726
4 0.942383 436.694 167.441 479.384 180.966 472.306 203.309 429.616 189.784
2 0.939453 406.913 234.94 467.858 255.282 459.087 281.56 398.142 261.219
0 0.928711 420.193 198.109 473.878 213.143 466.807 238.391 413.122 223.357
4 0.923828 287.086 551.703 333.436 565.222 326.414 589.297 280.064 575.778
3 0.923828 109.588 513.739 175.002 537.031 165.662 563.261 100.248 539.969
2 0.921875 221.405 194.275 299.935 226.803 289.095 252.975 210.565 220.447
4 0.920898 480.963 47.4865 523.955 60.4562 517.037 83.3885 474.045 70.4188
3 0.920898 150.088 458.187 203.218 474.125 195.662 499.313 142.532 483.375
4 0.917969 469.215 78.1647 513.812 90.6538 507.285 113.96 462.688 101.471
2 0.916016 121.313 288.708 253.862 337.516 244.187 363.792 111.638 314.984
3 0.916016 137.699 491.476 188.643 509.002 180.551 532.524 129.607 514.998
2 0.912109 257.399 107.526 330.839 133.803 322.101 158.224 248.661 131.947
3 0.908203 80.4611 573.551 150.732 597.725 142.914 620.449 72.6435 596.275
3 0.908203 96.4668 544.87 163.711 568.234 155.408 592.13 88.1641 568.766
2 0.904297 5.39392 54.7264 105.12 89.7202 94.7936 119.149 -4.93245 84.1548
2 0.901367 120.893 199.719 287.201 260.668 277.357 287.531 111.049 226.582
4 0.899414 419.157 197.844 473.828 213.064 466.843 238.156 412.172 222.936
2 0.898438 101.126 236.844 270.274 299.128 260.874 324.656 91.7265 262.372
2 0.897461 279.469 47.1281 358.87 73.7646 350.531 98.6219 271.13 71.9854
4 0.883789 428.62 425.855 461.345 436.777 454.38 457.645 421.655 446.723
3 0.87793 166.138 342.5 241.196 368.321 232.362 394 157.304 368.179
3 0.859863 65.4033 604.307 142.039 621.023 136.222 647.693 59.5861 630.977
2 0.848633 13.0573 108.447 45.2673 144.873 21.8802 165.553 -10.3298 129.127
3 0.827637 -7.35338 264.621 19.4128 259.765 23.6971 283.379 -3.06905 288.235
3 0.805664 177.609 379.197 232.24 399.409 224.141 421.303 169.51 401.091
3 0.751953 25.7994 622.499 61.4627 623.812 60.7006 644.501 25.0373 643.188
4 0.589355 464.523 0.179688 486.477 0.179688 486.477 7.67188 464.523 7.67188
