4 0.938477 211.511 390.394 218.214 435.587 194.489 439.106 187.786 393.913
4 0.935547 542.328 339.057 548.521 383.629 524.672 386.943 518.479 342.371
4 0.935547 268.107 381.014 275.111 426.319 251.393 429.986 244.389 384.681
0 0.93457 478.192 346.319 488.505 401.711 461.808 406.681 451.495 351.289
4 0.93457 240.104 385.529 247.045 431.35 223.146 434.971 216.205 389.15
2 0.932617 439.671 353.216 448.147 417.093 420.329 420.784 411.853 356.907
4 0.928711 133.122 404.778 139.311 448.34 115.503 451.722 109.314 408.16
4 0.925781 184.193 395.886 192.263 440.76 168.057 445.114 159.987 400.24
2 0.918945 80.0986 414.616 87.8449 477.422 59.7764 480.884 52.0301 418.078
4 0.916016 607.054 327.516 613.522 374.069 588.946 377.484 582.478 330.931
3 0.912109 49.6311 235.025 57.7087 305.879 30.5564 308.975 22.4788 238.121
4 0.911133 639.138 322.995 641.745 367.669 618.862 369.005 616.255 324.331
4 0.910156 512.202 344.015 519.202 389.289 495.298 392.985 488.298 347.711
2 0.908203 473.526 157.578 485.393 237.577 459.474 241.422 447.607 161.423
2 0.90625 538.405 150.418 550.83 230.776 524.595 234.832 512.17 154.474
2 0.90625 379.127 170.361 387.873 253.905 359.373 256.889 350.627 173.345
4 0.901367 106.305 408.161 113.493 455.62 88.9453 459.339 81.7566 411.88
3 0.898438 82.8391 246.416 91.6855 301.396 65.6609 305.584 56.8145 250.604
3 0.895508 117.491 241.278 127.559 295.349 101.384 300.222 91.3163 246.151
2 0.883789 248.64 132.295 272.831 271.712 242.61 276.955 218.419 137.538
2 0.869141 324.061 80.6146 353.828 262.064 324.439 266.885 294.672 85.4358
3 0.868164 19.802 242.993 22.7218 310.93 -2.33322 312.007 -5.25302 244.07
4 0.866211 284.16 467.264 288.125 501.126 265.84 503.736 261.875 469.874
2 0.864746 281.633 79.1099 313.687 274.498 283.867 279.39 251.813 84.0019
3 0.848633 227.154 199.113 237.516 275.413 210.096 279.137 199.734 202.837
2 0.847168 378.709 -2.1645 406.504 -2.50561 406.791 20.9145 378.996 21.2556
3 0.808594 187.008 12.2815 218.085 9.65333 220.242 35.156 189.165 37.7842
2 0.766602 429.57 -3.71526 463.247 -4.54199 463.93 23.2778 430.253 24.1045
