4 0.949219 262.077 405.186 280.51 447.467 257.923 457.314 239.49 415.033
4 0.946289 287.291 393.146 305.482 435.226 283.209 444.854 265.018 402.774
4 0.946289 235.121 417.277 254.123 459.272 232.129 469.223 213.127 427.228
0 0.941406 479.513 301.403 504.533 352.27 480.487 364.097 455.467 313.23
4 0.941406 210.671 430.155 230.889 471.578 208.829 482.345 188.611 440.922
2 0.94043 443.977 319.189 469.963 377.812 444.023 389.311 418.037 330.688
4 0.938477 598.678 248.502 617.142 291.757 594.322 301.498 575.858 258.243
4 0.9375 539.253 276.615 557.251 318.779 534.747 328.385 516.749 286.221
2 0.935547 116.194 477.041 140.593 534.445 114.681 545.459 90.2815 488.055
4 0.932617 511.876 290.592 530.645 331.903 508.624 341.908 489.855 300.597
4 0.929688 164.783 452.644 181.398 494.565 159.217 503.356 142.602 461.435
2 0.928711 483.508 98.7103 517.442 170.743 493.992 181.79 460.058 109.757
2 0.928711 422.968 120.764 456.886 195.421 432.532 206.486 398.614 131.829
2 0.928711 336.556 162.047 366.885 238.568 341.944 248.453 311.615 171.932
4 0.920898 138.357 463.211 159.035 507.634 136.143 518.289 115.465 473.866
2 0.918945 260.889 87.5393 333.572 250.161 306.611 262.211 233.928 99.5893
3 0.918945 72.5983 315.659 93.4643 365.6 70.1517 375.341 49.2857 325.4
4 0.915039 630.529 236.029 641.88 279.638 619.471 285.471 608.12 241.862
3 0.915039 104.106 301.023 127.197 350.631 103.894 361.477 80.8032 311.869
2 0.915039 202.319 157.718 261.271 285.389 234.431 297.782 175.479 170.111
3 0.912109 36.5425 313.743 60.3765 373.342 35.5825 383.257 11.7485 323.658
4 0.911133 327.24 472.351 337.198 504.467 317.26 510.649 307.302 478.533
3 0.890625 16.6444 330.483 26.5195 395.677 1.16808 399.517 -8.70702 334.323
3 0.883789 198.554 230.422 227.867 302.435 202.946 312.578 173.633 240.566
2 0.865723 224.364 96.4834 301.13 280.216 272.886 292.017 196.12 108.284
3 0.824219 178.745 264.736 202.457 316.089 181.505 325.764 157.793 274.411
3 0.80957 111.415 55.9427 142.455 56.6095 141.96 79.6823 110.92 79.0155
4 0.783203 630.13 236.274 649.478 253.595 642.87 260.976 623.522 243.655
3 0.652344 0.164063 412.023 0.164062 391.977 8.07031 391.977 8.07031 412.023
2 0.651855 289.137 -4.14899 319.309 -4.24155 319.363 13.4146 289.191 13.5072
3 0.592773 -5.94894 396.197 14.0932 399.865 12.6403 407.803 -7.40178 404.135
2 0.458008 218.755 0.462549 237.112 0.124613 237.245 7.34995 218.888 7.68789
3 0.354492 288.242 -3.73717 318.343 -4.42992 318.758 13.6278 288.657 14.3205
