4 0.955078 262.202 436.799 292.465 470.188 274.798 486.201 244.535 452.812
4 0.955078 284.889 418.025 314.653 452.315 296.611 467.975 266.847 433.685
2 0.947266 161.514 525.177 203.05 572.588 182.236 590.823 140.7 543.412
4 0.946289 240.847 456.246 272.973 487.98 256.403 504.754 224.277 473.02
4 0.945312 306.169 399.404 336.661 433.888 318.331 450.096 287.839 415.612
0 0.943359 468.482 262.673 505.588 301.647 487.018 319.327 449.912 280.353
4 0.943359 519.108 222.589 549.038 255.816 530.892 272.161 500.962 238.934
2 0.94043 438.089 286.712 479.205 336.813 457.911 354.288 416.795 304.187
4 0.94043 203.173 489.482 231.642 523.317 213.577 538.518 185.108 504.683
4 0.938477 496.427 242.254 526.231 275.341 508.573 291.246 478.769 258.159
4 0.938477 180.992 506.253 212.147 541.486 193.758 557.747 162.603 522.514
4 0.9375 593.751 158.818 623.951 192.138 606.249 208.182 576.049 174.862
2 0.935547 419.89 64.3653 472.145 124.197 453.61 140.385 401.355 80.5535
2 0.935547 202.818 116.132 318.631 248.327 297.182 267.118 181.369 134.923
2 0.935547 297.518 161.362 344.951 228.711 321.982 244.888 274.549 177.539
3 0.935547 44.5755 388.06 88.8752 443.064 67.2995 460.44 22.9998 405.436
2 0.933594 366.667 101.764 418.536 163.408 398.833 179.986 346.964 118.342
4 0.931641 569.919 179.023 601.081 215.037 582.081 231.477 550.919 195.463
3 0.929688 79.6741 380.16 112.886 422.183 93.0759 437.84 59.8641 395.817
3 0.927734 104.497 357.627 142.073 396.973 124.378 413.873 86.8019 374.527
2 0.917969 162.801 196.281 256.752 300.58 234.949 320.22 140.998 215.92
3 0.912109 14.8879 406.7 63.0223 462.329 43.9871 478.8 -4.14727 423.171
4 0.908203 364.871 464.949 385.123 492.608 368.129 505.051 347.877 477.392
3 0.908203 177.141 263.063 227.327 326.563 206.609 342.937 156.423 279.437
3 0.871582 20.2181 439.634 31.2244 497.758 4.25065 502.866 -6.75567 444.742
2 0.853027 195.602 -9.13468 239.536 -4.12598 236.148 25.5878 192.214 20.5791
3 0.853027 167.05 299.932 205.332 347.464 187.2 362.068 148.918 314.536
3 0.821289 52.4785 112.656 86.4358 114.899 84.7715 140.094 50.8142 137.851
3 0.810059 12.5736 482.517 17.8552 514.712 -2.08145 517.983 -7.36299 485.788
3 0.804688 195.106 -7.31606 238.675 -3.69876 236.394 23.7848 192.825 20.1675
2 0.798828 164.218 126.971 279.546 280.005 258.282 296.029 142.954 142.995
2 0.598145 257.969 0.236328 279.031 0.236328 279.031 7.48242 257.969 7.48242
