4 0.946289 250.616 396.366 262.885 440.7 239.634 447.134 227.365 402.8
2 0.939453 96.454 447.025 112.566 508.156 84.796 515.475 68.6837 454.344
4 0.938477 277.667 387.693 289.639 432.011 266.333 438.307 254.361 393.989
4 0.9375 222.682 404.542 235.249 448.89 212.068 455.458 199.501 411.11
4 0.93457 542.91 308.127 554.641 352.089 531.09 358.373 519.359 314.411
4 0.933594 196.606 413.599 210.266 457.655 186.894 464.901 173.234 420.845
4 0.933594 147.253 430.06 158.05 473.166 134.997 478.94 124.2 435.834
4 0.932617 514.084 317.115 527.105 361.006 503.916 367.885 490.895 323.994
2 0.931641 443.216 336.363 460.022 397.826 433.284 405.137 416.478 343.674
4 0.929688 120.846 436.515 133.649 482.776 109.404 489.485 96.6014 443.224
2 0.924805 513.247 122.938 537.124 199.946 511.753 207.812 487.876 130.804
0 0.924805 479.987 323.758 498.043 376.503 472.513 385.242 454.457 332.497
2 0.921875 450.2 137.916 472.691 215.471 447.3 222.834 424.809 145.279
4 0.917969 605.684 288.433 618.019 333.008 594.316 339.567 581.981 294.992
2 0.916992 358.867 163.259 377.675 245.831 350.633 251.991 331.825 169.419
3 0.912109 75.317 280.514 91.3593 334.591 66.433 341.986 50.3907 287.909
4 0.90918 641.453 279.11 644.674 324.684 620.547 326.39 617.326 280.816
3 0.908203 40.2251 273.755 57.4354 338.248 31.2124 345.245 14.0021 280.752
2 0.90625 291.016 81.8589 345.792 254.765 316.984 263.891 262.208 90.9852
3 0.90625 108.871 270.786 124.612 323.257 99.7538 330.714 84.0126 278.243
2 0.90625 226.201 141.169 266.932 276.941 237.299 285.831 196.568 150.059
4 0.896484 305.215 470.545 312.87 504.153 291.785 508.955 284.13 475.347
3 0.880859 17.3173 287.193 22.1821 356.021 -3.08295 357.807 -7.94777 288.979
4 0.87793 566.226 387.742 576.307 426.967 553.774 432.758 543.693 393.533
2 0.87793 248.662 83.4166 309.403 275.15 278.838 284.833 218.097 93.0997
3 0.875977 212.733 211.385 231.235 290.372 203.517 296.865 185.015 217.878
3 0.835938 187.935 244.016 203.043 299.269 180.315 305.484 165.207 250.231
3 0.833496 147.764 33.6154 177.833 29.9067 180.736 53.4471 150.667 57.1558
4 0.680176 481.549 324.551 497.201 377.31 471.451 384.949 455.799 332.19
2 0.680176 388.722 -1.18753 419.315 -1.09367 419.278 10.9141 388.685 10.8202
3 0.679199 333.831 -2.77093 363.195 -3.58192 363.669 13.5522 334.305 14.3632
2 0.533203 334.269 -3.29727 364.017 -3.66235 364.231 13.7738 334.483 14.1389
