4 0.942383 245.126 390.812 254.598 436.241 230.874 441.188 221.402 395.759
4 0.9375 216.959 397.271 227.478 442.18 203.791 447.729 193.272 402.82
4 0.935547 190.319 404.745 200.584 449.81 176.681 455.255 166.416 410.19
2 0.933594 86.8111 430.835 99.6755 493.497 72.0639 499.165 59.1995 436.503
4 0.932617 513.34 331.035 523.286 374.698 500.16 379.965 490.214 336.302
4 0.931641 543.556 323.647 552.396 368.089 528.444 372.853 519.604 328.411
4 0.929688 272.741 384.371 282.426 429.436 258.259 434.629 248.574 389.564
2 0.928711 441.952 344.638 454.69 406.687 427.048 412.362 414.31 350.313
4 0.928711 139.695 417.602 148.519 460.581 125.055 465.398 116.231 422.419
0 0.928711 479.193 334.866 493.553 389.349 467.807 396.134 453.447 341.651
2 0.921875 526.027 136.722 544.771 215.652 518.973 221.778 500.229 142.848
4 0.920898 113.061 422.806 122.676 469.641 98.0643 474.694 88.449 427.859
4 0.917969 607.42 308.036 616.436 354.099 591.58 358.964 582.564 312.901
3 0.915039 79.0037 263.352 91.1643 319.104 65.7463 324.648 53.5857 268.896
3 0.914062 44.8525 254.503 55.8137 322.626 28.6475 326.997 17.6863 258.874
2 0.911133 369.761 167.191 382.777 251.378 355.739 255.559 342.723 171.372
2 0.90918 237.197 136.606 267.406 275.1 238.553 281.394 208.344 142.9
4 0.908203 643.104 301.589 644.109 348.391 619.896 348.911 618.891 302.109
2 0.90625 461.015 145.49 479.31 226.961 453.485 232.76 435.19 151.289
3 0.905273 112.492 255.641 125.989 308.83 100.258 315.359 86.7609 262.17
4 0.890625 294.792 469.963 299.94 503.255 278.708 506.537 273.56 473.245
2 0.890625 307.681 77.1822 348.991 258.537 320.319 265.068 279.009 83.7131
2 0.883789 262.894 79.0691 307.011 262.334 279.606 268.931 235.489 85.6662
3 0.880859 218.189 205.438 233.614 282.981 206.811 288.312 191.386 210.769
3 0.879883 18.443 265.001 20.5538 333.781 -2.85705 334.499 -4.96786 265.719
3 0.848633 191.994 235.232 204.682 291.732 182.256 296.768 169.568 240.268
2 0.814453 409.742 -3.38148 442.567 -4.48967 443.258 15.983 410.433 17.0912
2 0.79248 356.549 -3.81623 385.829 -3.9959 385.951 15.9256 356.671 16.1053
3 0.785645 166.713 22.0945 197.496 18.0578 200.787 43.1555 170.004 47.1922
4 0.727051 479.438 335.377 493.703 389.497 468.562 396.123 454.297 342.003
3 0.623535 355.566 -2.97678 383.948 -3.67352 384.434 16.0862 356.052 16.7829
