2 0.951172 267.249 574.338 326.817 596.065 316.751 623.662 257.183 601.935
4 0.949219 317.762 451.337 361.767 465.874 354.238 488.663 310.233 474.126
4 0.946289 330.602 425.148 373.218 440.175 365.398 462.352 322.782 447.325
4 0.946289 341.037 398.793 384.836 413.936 376.963 436.707 333.164 421.564
4 0.945312 307.878 477.729 351.37 490.777 344.622 513.271 301.13 500.223
2 0.943359 411.245 239.53 471.202 262.447 461.255 288.47 401.298 265.553
4 0.943359 455.446 146.258 498.061 161.285 490.054 183.992 447.439 168.965
4 0.941406 287.171 524.898 329.606 539.496 321.829 562.102 279.394 547.504
4 0.94043 443.544 173.707 485.973 188.888 477.956 211.293 435.527 196.112
4 0.935547 493.958 56.8212 536.644 71.3597 529.042 93.6788 486.356 79.1403
0 0.93457 426.826 203.813 479.398 220.291 471.674 244.937 419.102 228.459
3 0.931641 128.274 481.319 177.921 501.085 168.726 524.181 119.079 504.415
2 0.927734 228.888 189.465 303.475 225.304 291.112 251.035 216.525 215.196
4 0.924805 275.058 549.219 320.704 565.236 312.442 588.781 266.796 572.764
2 0.920898 294.919 46.5195 370.171 74.7546 361.081 98.9805 285.829 70.7454
3 0.918945 142.592 448.625 196.023 468.299 187.158 492.375 133.727 472.701
3 0.917969 100.03 503.33 160.101 527.997 149.97 552.67 89.8992 528.003
2 0.914062 124.974 188.284 288.091 257.32 277.026 283.466 113.909 214.43
2 0.914062 126.067 277.574 252.883 332.627 241.683 358.426 114.867 303.373
4 0.912109 480.878 85.8991 526.474 101.195 518.622 124.601 473.026 109.305
2 0.90918 264.748 103.129 340.65 134.16 330.752 158.371 254.85 127.34
3 0.907227 83.259 532.641 147.792 558.104 138.616 581.359 74.083 555.896
4 0.904297 427.123 203.589 478.627 220.429 470.377 245.661 418.873 228.821
3 0.904297 66.2514 559.915 135.688 587.93 126.749 610.085 57.3124 582.07
2 0.901367 103.466 225.403 277.639 300.381 266.784 325.597 92.6114 250.619
3 0.899414 54.456 586.928 129.585 613.68 120.544 639.072 45.4147 612.32
3 0.893555 165.853 334.755 239.354 362.849 229.647 388.245 156.146 360.151
2 0.885742 6.33702 30.7578 116.469 78.5688 103.913 107.492 -6.21927 59.6812
2 0.869141 8.95541 88.2863 55.4581 125.505 35.4821 150.464 -11.0206 113.245
3 0.831543 -6.07399 245.707 23.0181 244.322 24.2302 269.793 -4.86184 271.178
3 0.791016 590.089 52.7964 632.487 62.5225 626.911 86.8286 584.513 77.1025
4 0.766602 475.388 -3.41322 505.731 -3.22704 505.612 16.2257 475.269 16.0395
2 0.705566 472.681 -5.34015 505.617 -5.6433 505.819 16.3714 472.883 16.6745
2 0.461914 157.253 332.969 240.797 367.274 231.247 390.531 147.703 356.226
