2 0.941406 16.7944 346.214 33.9428 286.177 60.5806 293.786 43.4322 353.823
4 0.94043 129.739 362.704 140.304 319.219 163.261 324.796 152.696 368.281
4 0.939453 473.122 473.869 485.116 430.237 508.378 436.631 496.384 480.263
4 0.938477 156.182 369.849 166.74 326.137 189.568 331.651 179.01 375.363
4 0.9375 182.916 377.899 194.834 334.312 217.834 340.601 205.916 384.188
4 0.93457 209.51 387.16 221.704 343.357 244.99 349.84 232.796 393.643
2 0.931641 364.232 455.083 383.352 393.417 410.768 401.917 391.648 463.583
3 0.929688 67.929 181.282 89.8812 110.482 116.446 118.718 94.4938 189.518
2 0.927734 385.592 281.854 411.078 203.652 437.908 212.396 412.422 290.598
4 0.926758 444.316 465.087 456.25 421.18 479.184 427.413 467.25 471.32
0 0.926758 408.326 461.5 420.985 407.27 447.674 413.5 435.015 467.73
4 0.924805 51.9352 339.495 63.4968 293.488 87.4398 299.505 75.8782 345.512
4 0.924805 79.1392 345.088 91.3205 302.841 114.111 309.412 101.929 351.659
2 0.921875 480.654 313.611 503.806 236.382 528.846 243.889 505.694 321.118
4 0.918945 190.79 460.475 198.888 427.583 218.96 432.525 210.862 465.417
2 0.915039 542.264 339.411 563.342 258.938 588.736 265.589 567.658 346.062
4 0.915039 533.915 495.76 546.323 449.586 571.085 456.24 558.677 502.414
3 0.914062 35.9456 167.841 62.3142 86.772 88.8669 95.4085 62.4983 176.478
3 0.912109 134.564 203.011 148.525 149.877 173.686 156.489 159.725 209.623
4 0.912109 566.306 503.746 576.814 459.573 600.694 465.254 590.186 509.427
2 0.912109 269.776 241.942 315.715 113.007 343.224 122.808 297.285 251.743
3 0.904297 99.274 192.616 115.728 139.186 140.726 146.884 124.272 200.314
3 0.893555 5.43772 160.258 32.1592 69.2243 60.7498 77.6165 34.0283 168.651
2 0.87793 507.677 82.2372 533.081 -6.38081 564.323 2.57527 538.919 91.1933
2 0.876953 344.033 272.596 409.032 95.6572 438.967 106.654 373.968 283.593
2 0.876953 301.403 263.383 372.621 76.6265 402.097 87.8671 330.879 274.624
3 0.874023 239.792 232.955 266.528 160.946 291.708 170.295 264.972 242.304
2 0.87207 463.812 -1.46976 498.108 -3.78814 500.188 26.9854 465.892 29.3038
3 0.839355 -9.44389 154.678 -0.872377 62.1999 27.4126 64.8215 18.8411 157.3
3 0.830078 214.743 229.374 233.46 171.941 255.507 179.126 236.79 236.559
3 0.770996 335.694 -4.15151 364.021 -3.84733 363.806 16.214 335.479 15.9098
3 0.619141 0.705079 69.8359 0.705077 39.1016 8.59961 39.1016 8.59961 69.8359
3 0.60791 -12.1034 59.5355 16.3368 44.5297 20.2597 51.9645 -8.18059 66.9703
2 0.592285 -4.15551 313.166 -0.227199 270.471 14.593 271.834 10.6647 314.529
2 0.55957 408.715 460.831 422.371 406.972 448.785 413.669 435.129 467.528
4 0.403809 -1.72175 313.722 -1.31675 271.161 10.9561 271.278 10.5511 313.839
