4 0.951172 461.788 150.778 503.513 167.464 494.712 189.472 452.987 172.786
4 0.951172 326.831 425.507 368.997 441.401 360.669 463.493 318.503 447.599
4 0.949219 313.925 451.567 355.886 467.385 347.575 489.433 305.614 473.615
2 0.949219 257.6 572.031 315.99 596.427 304.9 622.969 246.51 598.573
4 0.948242 338.607 398.906 381.442 416.265 372.393 438.594 329.558 421.235
4 0.947266 302.453 477.32 345.561 491.781 338.047 514.18 294.939 499.719
4 0.942383 279.988 523.58 321.815 540.009 313.012 562.42 271.185 545.991
2 0.9375 413.434 242.01 474.365 268.019 463.066 294.49 402.135 268.481
0 0.93457 430.263 208.299 482.696 227.059 474.237 250.701 421.804 231.941
4 0.931641 266.409 548.269 312.229 564.822 303.591 588.731 257.771 572.178
3 0.929688 94.4589 495.619 157.779 524.27 146.416 549.381 83.0965 520.73
4 0.929688 503.014 62.5609 545.64 79.0036 536.986 101.439 494.36 84.9964
4 0.928711 448.906 178.839 489.909 194.8 481.594 216.161 440.591 200.2
2 0.928711 125.762 271.54 252.225 329.23 240.488 354.96 114.025 297.27
2 0.927734 233.18 186.43 306.191 224.169 293.32 249.07 220.309 211.331
2 0.925781 273.442 102.311 348.115 135.275 337.558 159.189 262.885 126.225
4 0.925781 489.645 92.4503 533.046 108.432 524.855 130.675 481.454 114.693
3 0.920898 137.637 442.786 191.406 464.865 181.613 488.714 127.844 466.635
2 0.917969 127.991 181.548 291.301 255.442 279.759 280.952 116.449 207.058
3 0.916016 73.1966 521.818 144.075 554.678 133.178 578.182 62.3002 545.322
3 0.914062 123.25 474.908 174.064 496.599 164.25 519.592 113.436 497.901
4 0.908203 418.686 435.156 450.312 449.174 441.814 468.344 410.188 454.326
3 0.908203 56.4372 549.502 129.795 581.885 119.813 604.498 46.4548 572.115
2 0.902344 303.352 46.362 380.382 76.0759 371.148 100.013 294.118 70.2991
3 0.902344 43.7912 575.904 118.78 608.458 108.084 633.096 33.0953 600.542
2 0.895508 108.841 217.34 277.523 300.632 265.659 324.66 96.9771 241.368
2 0.89502 10.3694 18.2468 126.897 72.7054 113.818 100.691 -2.70938 46.2321
2 0.879883 9.05872 73.8977 64.2202 115.867 43.8788 142.602 -11.2827 100.633
3 0.87793 161.058 326.959 237.667 359.382 227.442 383.541 150.833 351.118
3 0.847168 -5.80767 230.614 27.6544 231.282 27.0889 259.636 -6.37317 258.968
2 0.839844 34.6889 -10.1243 163.333 15.2596 157.311 45.7805 28.6666 20.3966
3 0.821289 173.419 366.126 225.479 389.489 216.331 409.874 164.271 386.511
3 0.806641 5.71259 589.815 39.6639 611.023 27.6937 630.185 -6.25766 608.977
3 0.802246 598.61 59.2016 650.052 72.0871 642.39 102.673 590.948 89.7879
4 0.792969 429.992 207.909 482.66 227.12 474.008 250.841 421.34 231.63
4 0.763672 489.494 -5.3904 521.397 -4.31332 520.506 22.0779 488.603 21.0008
3 0.654297 -1.89035 623.782 19.3275 623.977 19.1872 639.218 -2.03063 639.023
4 0.48584 226.921 622.835 274.255 623.779 273.829 645.165 226.495 644.221
4 0.451172 461.406 -0.734262 485.216 -0.405521 485.094 8.42176 461.284 8.09302
