4 0.929688 262.387 375.772 266.201 421.708 241.863 423.728 238.049 377.792
4 0.928711 205.201 380.547 209.147 426.378 185.049 428.453 181.103 382.622
0 0.927734 475.747 359.577 481.276 415.712 453.753 418.423 448.224 362.288
4 0.926758 234.13 377.765 238.123 424.125 213.62 426.235 209.627 379.875
4 0.918945 177.844 382.776 182.559 429.194 157.656 431.724 152.941 385.306
4 0.918945 539.229 357.991 542.563 403.18 517.771 405.009 514.437 359.82
2 0.915039 71.8781 393.052 76.8433 455.167 48.3094 457.448 43.3442 395.333
4 0.911133 126.063 387.129 129.862 431.247 105.187 433.371 101.388 389.253
2 0.910156 435.132 363.109 439.383 425.997 411.368 427.891 407.117 365.003
4 0.908203 604.44 353.368 608.194 398.587 583.56 400.632 579.806 355.413
4 0.908203 509.034 360.619 513.144 405.149 488.966 407.381 484.856 362.851
4 0.902344 98.5555 388.367 102.126 436.767 76.8195 438.633 73.2493 390.233
2 0.897461 390.357 176.497 392.416 260.346 365.643 261.003 363.584 177.154
4 0.89502 637.192 350.449 639.797 395.092 614.808 396.551 612.203 351.908
3 0.890625 89.3255 226.744 93.4988 278.952 67.7995 281.006 63.6262 228.798
3 0.888672 124.868 224.098 129.948 277.356 103.257 279.902 98.1766 226.644
2 0.886719 486.156 171.409 492.133 252.439 466.344 254.341 460.367 173.311
4 0.886719 269.907 463.188 271.886 497.099 251.093 498.312 249.114 464.401
2 0.883789 551.004 170.467 558.071 252.538 531.996 254.783 524.929 172.712
3 0.882812 23.7093 199.286 26.5878 284.55 -0.490513 285.464 -3.36906 200.2
3 0.880859 56.3639 210.121 60.3448 282.136 33.3236 283.629 29.3426 211.614
2 0.874023 264.666 121.018 275.361 265.999 245.084 268.232 234.389 123.251
3 0.860352 237.349 192.579 241.734 271.896 214.151 273.421 209.766 194.104
2 0.849609 457.007 -0.874966 495.011 2.16293 492.493 33.6562 454.489 30.6183
2 0.848633 346.105 78.8743 356.474 266.463 326.395 268.126 316.026 80.5371
2 0.822266 304.428 73.3546 319.251 274.309 287.572 276.645 272.749 75.6914
2 0.802246 403.474 -0.511633 434.769 -0.799683 435.026 27.1366 403.731 27.4247
3 0.798828 206.995 214.042 211.271 272.01 188.255 273.708 183.979 215.74
3 0.77832 213.392 1.85275 244.157 1.61678 244.358 27.9129 213.593 28.1488
4 0.753906 639.135 444.057 641.679 469.885 625.865 471.443 623.321 445.615
3 0.661621 403.232 -1.34919 433.743 -0.834302 433.268 27.3023 402.757 26.7874
