4 0.943359 179.739 371.326 193.68 327.784 216.761 335.174 202.82 378.716
0 0.941406 401.421 466.666 416.597 412.989 442.579 420.334 427.403 474.011
4 0.94043 153.772 361.258 167.069 317.874 189.478 324.742 176.181 368.126
2 0.939453 15.8028 330.455 36.1272 270.856 63.0722 280.045 42.7478 339.644
4 0.9375 464.436 481.79 478.619 438.524 502.064 446.21 487.881 489.476
4 0.935547 206.142 381.379 220.527 338.113 243.108 345.621 228.723 388.887
2 0.935547 357.025 457.795 378.678 398.001 405.475 407.705 383.822 467.499
4 0.929688 127.106 352.995 139.854 309.285 162.894 316.005 150.146 359.715
4 0.926758 436.581 471.899 450.249 428.467 472.919 435.601 459.251 479.033
2 0.926758 480.693 321.685 509.148 245.314 533.307 254.315 504.852 330.686
4 0.926758 78.5808 332.266 91.9505 291.134 113.794 298.234 100.425 339.366
4 0.923828 51.8278 325.8 65.0923 280.45 88.1722 287.2 74.9077 332.55
3 0.921875 74.2264 169.184 99.7191 98.4504 126.399 108.066 100.906 178.8
2 0.920898 541.009 350.344 566.185 271.714 590.991 279.656 565.815 358.286
4 0.920898 556.413 515.849 570.127 472.268 593.587 479.651 579.873 523.232
3 0.918945 140.944 193.943 156.612 141.679 182.056 149.307 166.388 201.571
2 0.915039 386.839 285.552 417.895 209.256 444.161 219.948 413.105 296.244
4 0.912109 524.403 505.787 539.426 461.088 563.597 469.213 548.574 513.912
2 0.908203 274.067 242.279 321.029 111.187 350.433 121.721 303.471 252.813
3 0.908203 106.614 179.392 126.027 128.133 150.386 137.358 130.973 188.617
3 0.897461 16.4674 143.582 46.67 55.9529 73.4076 65.1685 43.205 152.797
3 0.895508 45.0036 152.372 76.9427 71.2455 102.996 81.5027 71.0573 162.629
4 0.89502 183.708 453.892 193.121 421.709 213.292 427.608 203.879 459.791
2 0.890625 350.875 271.089 417.243 100.012 446.625 111.411 380.257 282.488
3 0.890625 -7.51283 137.729 11.0039 45.3794 40.3878 51.2711 21.8711 143.621
3 0.886719 243.838 229.954 275.683 156.906 300.662 167.796 268.817 240.844
2 0.873047 476.602 5.14563 519.379 -2.75099 525.398 29.8544 482.621 37.751
2 0.873047 303.54 267.006 382.063 79.6722 411.46 91.9944 332.937 279.328
3 0.845215 352.931 -4.54539 381.443 -4.10799 381.069 20.2641 352.557 19.8267
3 0.779297 218.912 224.057 238.426 164.451 262.838 172.443 243.324 232.049
3 0.774414 -6.59894 60.281 -2.20057 22.442 20.6146 25.094 16.2162 62.933
4 0.603516 631.654 485.148 631.654 464.852 639.346 464.852 639.346 485.148
