4 0.9375 220.566 403.808 226.483 358.001 251.184 361.192 245.267 406.999
4 0.933594 495.068 447.369 500.536 403.175 524.432 406.131 518.964 450.325
2 0.932617 385.084 446.763 393.679 383.343 422.416 387.237 413.821 450.657
4 0.931641 165.133 394.775 170.804 349.756 194.367 352.725 188.696 397.744
4 0.927734 193.114 399.123 198.808 353.351 223.136 356.377 217.442 402.149
2 0.926758 25.0766 393.162 33.1142 331.686 61.0484 335.338 53.0108 396.814
0 0.926758 429.554 446.473 434.276 390.766 460.946 393.027 456.224 448.734
4 0.916016 85.5873 382.752 90.8392 338.783 115.663 341.748 110.411 385.717
4 0.914062 137.489 392.356 142.267 346.636 166.261 349.144 161.483 394.864
4 0.912109 465.494 442.943 472.258 398.517 495.506 402.057 488.742 446.483
3 0.911133 81.4791 227.085 91.1452 173.099 116.646 177.665 106.98 231.651
2 0.911133 378.023 273.663 393.548 191.937 421.977 197.337 406.452 279.063
3 0.910156 47.4743 223.048 60.0323 147.585 87.7757 152.202 75.2177 227.665
2 0.908203 477.634 288.58 488.771 207.277 515.366 210.92 504.229 292.223
2 0.908203 542.458 303.572 551.78 222.356 578.542 225.428 569.22 306.644
4 0.908203 57.8104 382.606 63.0391 334.703 87.6896 337.394 82.4609 385.297
4 0.889648 592.015 462.406 596.767 418.474 620.985 421.094 616.233 465.026
3 0.888672 15.5132 214.716 28.5334 129.202 56.9868 133.534 43.9666 219.048
4 0.883789 558.476 458.365 563.973 412.568 589.524 415.635 584.027 461.432
2 0.875977 258.366 256.123 282.24 111.202 312.134 116.127 288.26 261.048
3 0.875 117.314 233.557 123.653 179.522 150.686 182.693 144.347 236.728
2 0.875 337.842 265.868 366.499 83.9865 399.158 89.1323 370.501 271.014
4 0.871582 211.914 477.972 219.001 444.463 240.586 449.028 233.499 482.537
3 0.864746 -7.18471 213.093 -3.24483 120.802 22.6535 121.907 18.7136 214.198
4 0.858398 483.346 524.852 487.147 485.001 509.654 487.148 505.853 526.999
2 0.853027 294.708 278.303 326.97 65.864 358.792 70.6968 326.53 283.136
3 0.848633 227.348 246.051 240.873 168.281 269.152 173.199 255.627 250.969
2 0.817871 470.748 56.7365 474.161 -2.32127 503.752 -0.611479 500.339 58.4463
3 0.744141 201.051 245.81 209.917 186.627 233.699 190.19 224.833 249.373
3 0.677246 287.453 -1.98457 315.197 -0.877471 314.547 15.4064 286.803 14.2993
2 0.595703 414.364 -1.65212 445.267 -1.27286 445.136 9.39822 414.233 9.01895
2 0.478516 -2.04896 371.758 -0.0989594 323.328 10.1818 323.742 8.23177 372.172
2 0.478027 286.516 -0.828125 313.984 -0.828125 313.984 15.125 286.516 15.125
0 0.458008 -0.547681 373.179 -0.268596 322.774 8.20784 322.821 7.92875 373.226
3 0.354492 415.237 -1.09149 444.406 -0.688766 444.263 9.69306 415.094 9.29033
4 0.262695 -0.772155 369.503 -0.344639 322.411 9.19403 322.497 8.76651 369.589
