4 0.955078 269.747 440.703 303.832 471.501 287.753 489.297 253.668 458.499
4 0.953125 290.712 420.124 324.789 451.393 308.288 469.376 274.211 438.107
4 0.951172 250.639 460.534 284.842 491.06 268.861 508.966 234.658 478.44
4 0.947266 311.263 400.11 344.786 431.928 327.737 449.89 294.214 418.072
4 0.947266 511.131 208.61 544.518 239.246 527.869 257.39 494.482 226.754
2 0.946289 435.575 278.728 480.293 325.123 460.425 344.272 415.707 297.877
2 0.945312 351.535 99.3163 408.195 156.676 389.965 174.684 333.305 117.324
2 0.945312 176.667 536.522 220.553 580.14 201.333 599.478 157.447 555.86
0 0.941406 462.935 251.973 504.431 288.214 487.565 307.527 446.069 271.286
4 0.941406 489.906 229.898 523.5 260.723 507.094 278.602 473.5 247.777
4 0.939453 213.864 497.002 246.389 527.874 230.136 544.998 197.611 514.126
2 0.935547 400.111 56.6667 458.445 113.761 440.389 132.208 382.055 75.1138
2 0.935547 284.854 164.198 338.841 225.253 318.146 243.552 264.159 182.497
4 0.932617 191.965 515.473 228.574 546.759 212.535 565.527 175.926 534.241
3 0.931641 46.7697 405.444 96.9951 455.362 77.9178 474.556 27.6924 424.638
2 0.931641 188.06 122.363 313.238 249.087 292.94 269.137 167.762 142.413
4 0.929688 581.679 141.403 614.05 170.742 598.321 188.097 565.95 158.758
2 0.928711 156.105 209.285 252.294 304.009 232.395 324.215 136.206 229.491
4 0.927734 558.854 162.576 592.582 195.084 575.146 213.174 541.418 180.666
3 0.923828 108.325 372.761 147.718 410.152 130.55 428.239 91.1571 390.848
3 0.919922 83.0865 396.819 120.311 434.503 102.414 452.181 65.1895 414.497
3 0.912109 15.2838 419.015 71.6254 479.108 53.0912 496.485 -3.25044 436.392
4 0.90625 374.035 461.379 396.889 486.595 381.965 500.121 359.111 474.905
3 0.904297 174.495 275.832 228.107 331.97 208.005 351.168 154.393 295.03
3 0.885742 16.0279 448.069 45.9636 512.38 22.2221 523.431 -7.71356 459.12
3 0.882812 20.064 495.093 22.0723 538.703 -4.08744 539.907 -6.09577 496.297
2 0.871582 162.506 -10.3106 221.95 3.51775 215.244 32.3419 155.8 18.5135
3 0.836914 160.889 310.634 206.924 354.869 190.111 372.366 144.076 328.131
3 0.817871 38.3637 131.972 71.8299 131.561 72.1363 156.528 38.6701 156.939
2 0.75 232.996 -0.778974 259.543 -0.697529 259.504 11.8024 232.957 11.721
