4 0.935547 187.242 387.665 196.361 343.503 219.758 348.335 210.639 392.497
4 0.935547 159.228 381.038 167.787 336.541 190.772 340.962 182.213 385.459
4 0.932617 482.741 462.307 492.312 418.017 516.259 423.193 506.688 467.483
4 0.932617 214.277 394.662 223.65 349.404 247.473 354.338 238.1 399.596
4 0.931641 132.308 375.843 140.756 331.134 164.692 335.657 156.244 380.366
2 0.928711 374.016 451.782 387.377 389.672 415.484 395.718 402.123 457.828
2 0.928711 19.4248 369.155 32.4302 306.235 59.5752 311.845 46.5698 374.765
4 0.925781 454.164 456.791 463.327 411.458 486.836 416.209 477.673 461.542
2 0.924805 382.325 276.82 404.384 197.583 431.675 205.18 409.616 284.417
4 0.920898 81.462 361.834 90.418 318.755 114.038 323.666 105.082 366.745
2 0.918945 479.52 302.472 497.07 222.82 522.98 228.528 505.43 308.18
0 0.915039 418.702 455.973 427.146 400.866 454.298 405.027 445.854 460.134
2 0.914062 542.016 322.032 559.346 242.652 585.984 248.468 568.654 327.848
4 0.914062 54.248 359.003 62.2542 311.897 86.377 315.997 78.3708 363.103
3 0.912109 57.8131 199.416 75.3507 127.653 102.687 134.334 85.1493 206.097
4 0.912109 577.673 485.656 586.782 440.854 611.327 445.844 602.218 490.646
4 0.905273 546.358 479.162 556.086 433.595 580.642 438.838 570.914 484.405
3 0.904297 125.696 215.776 137.463 162.465 163.554 168.224 151.787 221.535
3 0.897461 25.7542 189.813 45.6452 105.117 74.6833 111.937 54.7923 196.633
3 0.893555 92.4492 204.224 103.815 154.058 129.051 159.776 117.685 209.942
2 0.890625 263.38 247.965 298.882 111.895 329.12 119.785 293.618 255.855
4 0.880859 200.187 468.788 205.983 436.555 226.313 440.212 220.517 472.445
3 0.873047 231.322 239.138 256.145 163.415 282.678 172.112 257.855 247.835
3 0.873047 -4.70638 182.563 16.7458 89.3758 46.3314 96.1865 24.8792 189.374
2 0.867188 297.177 267.451 353.645 74.8065 384.323 83.7987 327.855 276.444
2 0.866211 342.047 265.122 389.262 88.1881 419.953 96.3783 372.738 273.312
2 0.848633 443.97 -2.92227 475.064 -2.87458 475.03 19.6723 443.936 19.6246
4 0.839844 418.147 455.312 426.529 399.974 454.353 404.188 445.971 459.526
3 0.825684 208.355 235.565 224.7 177.542 247.395 183.935 231.05 241.958
3 0.75293 313.284 -2.70463 341.886 -1.56327 341.216 15.2203 312.614 14.0789
3 0.730469 0.250001 152.531 0.249999 85.8438 10.9141 85.8438 10.9141 152.531
3 0.654297 -16.3033 151.816 16.9064 84.4295 28.0767 89.9345 -5.133 157.321
3 0.603516 -5.807 91.6786 24.4882 134.976 15.9554 140.946 -14.3397 97.649
4 0.59668 -1.23409 334.502 -0.113411 294.205 10.3903 294.498 9.26966 334.795
2 0.352295 -3.86367 335.338 1.89841 294.556 13.2621 296.162 7.50003 336.944
