4 0.953125 283.908 446.535 322.323 470.86 309.592 490.965 271.177 466.64
4 0.951172 302.608 423.985 340.544 449.333 327.392 469.015 289.456 443.667
4 0.949219 236.233 509.133 272.346 534.649 258.767 553.867 222.654 528.351
4 0.947266 267.744 469.116 305.736 493.175 293.256 512.883 255.264 488.825
4 0.947266 496.287 187.13 532.492 212.298 518.713 232.12 482.508 206.952
4 0.945312 320.639 400.956 358.094 427.335 343.861 447.544 306.406 421.165
2 0.943359 429.22 265.222 479.579 305.022 462.78 326.278 412.421 286.478
2 0.943359 203.463 551.695 253.744 590.935 236.287 613.305 186.006 574.065
2 0.942383 368.002 49.4814 432.539 97.8071 417.498 117.894 352.961 69.5679
2 0.94043 266.601 169.604 328.106 224.495 309.899 244.896 248.394 190.005
4 0.94043 477.482 210.603 513.88 235.987 500.518 255.147 464.12 229.763
3 0.939453 60.0592 438.903 116.596 482.47 100.316 503.597 43.7792 460.03
2 0.938477 162.794 142.126 306.112 250.823 289.956 272.124 146.638 163.427
0 0.9375 453.346 235.047 499.008 265.255 484.654 286.953 438.992 256.745
2 0.935547 322.673 96.8148 387.703 146.767 371.827 167.435 306.797 117.483
4 0.93457 216.594 530.903 257.147 556.583 244.156 577.097 203.603 551.417
4 0.931641 556.662 110.339 593.82 135.499 580.338 155.411 543.18 130.251
2 0.931641 142.966 228.205 252.706 314.935 235.034 337.295 125.294 250.565
3 0.931641 93.4649 425.946 134.202 456.941 119.66 476.054 78.9232 445.059
4 0.920898 537.113 135.13 575.849 161.969 561.887 182.12 523.151 155.281
3 0.919922 115.06 399.065 160.581 429.988 146.69 450.435 101.169 419.512
3 0.917969 12.6868 483.221 76.9257 535.284 61.1257 554.779 -3.11322 502.716
3 0.911133 8.02899 508.143 56.5923 563.065 36.471 580.857 -12.0923 525.935
4 0.90918 390.895 454.068 416.743 475.818 403.605 491.432 377.757 469.682
3 0.904297 166.871 293.513 231.083 341.75 215.129 362.987 150.917 314.75
2 0.898438 137.311 170.816 283.893 291.112 266.189 312.684 119.607 192.387
2 0.867188 101.704 -9.76405 187.832 20.7552 177.796 49.0765 91.6684 18.5573
3 0.858887 166.066 329.113 211.512 367.951 196.184 385.887 150.738 347.049
4 0.813477 454.749 234.696 498.996 266.781 483.751 287.804 439.504 255.719
2 0.804688 181.568 -5.97206 224.505 -5.84033 224.432 17.8158 181.495 17.6841
3 0.734375 19.6115 165.81 52.8202 164.995 53.451 190.69 20.2423 191.505
