4 0.923828 229.427 413.38 231.793 367.347 256.573 368.62 254.207 414.653
0 0.920898 468.175 378.091 469.04 434.491 441.825 434.909 440.96 378.509
4 0.919922 201.993 411.831 203.457 366.386 227.757 367.169 226.293 412.614
4 0.917969 172.799 410.953 174.276 364.758 198.951 365.547 197.474 411.742
2 0.916016 397.737 439.514 399.54 376.634 429.263 377.486 427.46 440.366
4 0.915039 506.431 428.148 508.214 383.871 532.569 384.852 530.786 429.129
4 0.912109 143.339 408.751 148.73 363.761 173.661 366.749 168.27 411.739
4 0.912109 476.907 427.335 479.638 382.699 503.593 384.165 500.862 428.801
2 0.90918 33.9676 424.105 36.0167 361.951 64.6574 362.895 62.6083 425.049
2 0.904297 373.699 266.342 378.967 183.635 406.801 185.408 401.533 268.115
4 0.899414 92.8377 406.012 94.3012 362.662 118.787 363.488 117.324 406.838
2 0.894531 473.798 271.865 477.131 191.059 503.202 192.135 499.869 272.941
4 0.892578 604.107 431.118 606.702 387.445 630.893 388.882 628.298 432.555
2 0.890625 538.661 279.773 540.88 199.991 567.339 200.727 565.12 280.509
3 0.888672 39.4686 251.143 44.2616 176.797 72.3439 178.607 67.5509 252.953
4 0.886719 570.977 432.32 573.531 386.266 599.023 387.68 596.469 433.734
3 0.883789 108.862 255.808 111.784 200.041 138.513 201.442 135.591 257.209
3 0.883789 74.2005 251.77 76.5271 198.352 102.424 199.48 100.098 252.898
2 0.879883 254.501 265.287 259.5 112.994 288.999 113.963 284 266.256
4 0.875 65.1052 411.986 67.1488 360.526 92.0198 361.514 89.9762 412.974
4 0.875 227.344 486.195 235.759 453.866 256.656 459.305 248.241 491.634
3 0.870605 219.701 258.021 225.23 180.217 253.549 182.229 248.02 260.033
2 0.869141 332.346 266.998 341.633 83.3576 374.154 85.0021 364.867 268.642
3 0.856445 9.05573 245.254 11.6461 165.109 39.1005 165.996 36.5101 246.141
2 0.855469 430.366 14.9499 470.25 0.0897789 481.134 29.3001 441.25 44.1602
2 0.835938 292.607 281.926 299.472 64.5344 332.393 65.574 325.528 282.966
3 0.81543 251.784 -1.52953 281.846 -1.34507 281.716 19.7483 251.654 19.5638
3 0.810059 195.066 259.837 196.724 199.298 219.184 199.913 217.526 260.452
3 0.720215 9.61779 167.865 10.2178 233.05 0.975962 233.135 0.375993 167.95
3 0.700684 -10.2452 172.453 22.627 218.675 15.7765 223.547 -17.0957 177.325
2 0.473145 222.252 260.504 227.152 173.892 255.498 175.496 250.598 262.108
4 0.337158 398.07 440.775 400.529 375.634 429.43 376.725 426.971 441.866
