4 0.945312 242.77 388.19 251.178 433.351 227.23 437.81 218.822 392.649
4 0.939453 213.561 393.594 222.42 438.86 199.189 443.406 190.33 398.14
4 0.935547 270.117 382.69 278.458 429.071 254.883 433.31 246.542 386.929
4 0.935547 186.787 400.338 197.243 444.974 172.963 450.662 162.507 406.026
0 0.93457 478.959 340.516 491.324 395.582 465.041 401.484 452.676 346.418
4 0.931641 543.023 331.567 550.004 376.718 525.977 380.433 518.996 335.282
2 0.931641 83.8436 423.6 93.6233 484.38 65.5314 488.9 55.7517 428.12
4 0.924805 108.841 414.815 117.789 462.069 93.4094 466.685 84.4613 419.431
2 0.920898 441.737 348.859 451.889 411.954 422.763 416.641 412.611 353.546
2 0.917969 373.985 169.711 383.139 250.004 356.515 253.039 347.361 172.746
2 0.917969 531.726 143.625 548.017 221.757 522.274 227.125 505.983 148.993
2 0.917969 244.174 133.981 269.692 273.415 239.076 279.019 213.558 139.585
4 0.917969 513.859 338.122 521.21 382.929 497.141 386.878 489.79 342.071
4 0.916992 607.432 317.887 614.599 364.243 589.568 368.113 582.401 321.757
2 0.914062 467.433 152.835 482.398 231.868 457.067 236.665 442.102 157.632
3 0.90918 46.5637 245.532 55.303 309.879 28.8738 313.468 20.1345 249.121
4 0.908203 642.299 312.065 643.274 357.429 619.701 357.935 618.726 312.571
4 0.90625 136.442 410.195 144.151 454.625 120.058 458.805 112.349 414.375
3 0.896484 115.013 248.981 126.727 303.487 100.987 309.019 89.2729 254.513
3 0.895508 81.5611 255.75 89.6785 308.251 63.8139 312.25 55.6965 259.749
2 0.890625 318.817 81.7158 350.855 259.858 320.683 265.284 288.645 87.1421
3 0.87793 222.353 202.549 235.526 279.872 208.647 284.451 195.474 207.128
4 0.873047 288.34 468.783 293.861 501.191 273.16 504.717 267.639 472.309
2 0.871582 276.465 79.1963 317.752 271.31 287.535 277.804 246.248 85.6901
3 0.860352 18.9863 249.864 22.379 323.536 -1.51753 324.636 -4.91027 250.964
3 0.817871 194.948 226.902 207.429 287.696 183.552 292.598 171.071 231.804
3 0.812012 176.349 19.3606 207.503 14.3969 211.151 37.2956 179.997 42.2593
2 0.77832 367.195 -2.74377 395.616 -3.00536 395.805 17.5563 367.384 17.8179
2 0.720703 421.926 -2.69178 452.655 -3.2575 453.074 19.4887 422.345 20.0544
3 0.491211 366.666 -1.66359 395.485 -2.85788 396.334 17.6402 367.515 18.8344
