4 0.951172 286.24 447.37 324.659 470.8 312.26 491.13 273.841 467.7
4 0.951172 494.02 183.494 531.01 208.457 517.48 228.506 480.49 203.543
4 0.949219 303.819 424.81 342.166 448.358 329.681 468.69 291.334 445.142
4 0.948242 270.037 469.367 309.347 493.257 296.963 513.633 257.653 489.743
4 0.948242 321.243 401.157 360.074 426.166 346.757 446.843 307.926 421.834
2 0.945312 205.875 555.073 258.179 590.022 242.875 612.927 190.571 577.978
2 0.945312 427.509 264.023 479.862 302.231 463.991 323.977 411.638 285.769
2 0.941406 363.264 49.8874 428.868 95.3423 414.736 115.738 349.132 70.2827
4 0.941406 475.478 208.155 512.816 232.364 500.022 252.095 462.684 227.886
2 0.94043 263.706 170.043 326.56 225.108 308.294 245.957 245.44 190.892
2 0.94043 161.252 144.524 305.528 251.526 289.248 273.476 144.972 166.474
4 0.939453 239.537 509.904 276.165 535.449 262.463 555.096 225.835 529.551
3 0.9375 96.467 429.301 138.995 461.761 124.158 481.199 81.6305 448.739
2 0.9375 319.672 96.6952 385.133 145.245 369.328 166.555 303.867 118.005
3 0.935547 61.2695 443.77 115.486 483.98 99.3555 505.73 45.139 465.52
4 0.935547 219.964 531.782 261.261 556.794 248.286 578.218 206.989 553.206
0 0.933594 451.671 232.577 498.772 262.404 484.829 284.423 437.728 254.596
4 0.926758 553.884 106.002 590.411 131.31 577.116 150.498 540.589 125.19
2 0.924805 140.865 233.015 251.908 315.37 235.135 337.985 124.092 255.63
3 0.923828 116.98 401.75 162.611 433.887 148.27 454.25 102.639 422.113
4 0.919922 533.645 131.968 571.982 157.84 558.355 178.032 520.018 152.16
3 0.914062 6.79369 513.808 63.0597 564.804 44.5813 585.192 -11.6847 534.196
3 0.910156 167.126 296.403 231.102 342.645 214.874 365.097 150.898 318.855
3 0.908203 15.4507 488.059 80.9976 538.569 65.2993 558.941 -0.247551 508.431
2 0.907227 133.333 176.366 280.026 291.937 263.917 312.384 117.224 196.813
4 0.905273 393.761 452.711 420.338 473.715 407.239 490.289 380.662 469.285
2 0.898438 92.716 -10.9261 183.417 25.1847 172.534 52.5198 81.8331 16.4091
2 0.842285 176.347 -9.63919 218.854 -8.20414 217.903 19.9517 175.396 18.5166
4 0.828613 452.757 232.96 497.796 263.759 483.243 285.04 438.204 254.241
3 0.753418 16.6644 171.646 50.4969 169.411 52.2106 195.354 18.3781 197.589
4 0.644531 617.603 163.375 648.478 163.469 648.397 189.875 617.522 189.781
