4 0.939453 211.078 388.519 216.697 434.08 193.172 436.981 187.553 391.42
4 0.935547 238.821 384.598 244.425 430.035 221.179 432.902 215.575 387.465
0 0.929688 477.552 348.804 487.553 404.412 460.948 409.196 450.947 353.588
4 0.929688 541.685 342.805 547.228 387.746 523.315 390.695 517.772 345.754
2 0.928711 439.416 356.262 446.336 418.661 418.584 421.738 411.664 359.339
4 0.927734 182.838 393.504 189.772 438.346 166.162 441.996 159.228 397.154
4 0.926758 267.393 379.788 273.456 425.481 249.107 428.712 243.044 383.019
4 0.923828 606.426 332.877 611.861 379.279 587.574 382.123 582.139 335.721
4 0.921875 131.824 401.614 137.168 444.942 113.301 447.886 107.957 404.558
2 0.918945 79.0028 411.954 86.5771 471.852 57.3722 475.546 49.7979 415.648
4 0.916992 511.788 348.194 517.429 392.807 493.712 395.806 488.071 351.193
3 0.912109 118.97 238.088 126.658 292.2 100.53 295.912 92.8419 241.8
4 0.90918 104.448 404.418 111.147 451.57 86.4267 455.082 79.7278 407.93
4 0.908203 639.692 328.307 641.889 373.034 618.308 374.193 616.111 329.466
2 0.907227 476.565 158.817 486.717 241.13 459.935 244.433 449.783 162.12
2 0.901367 381.697 172.595 388.733 254.293 361.303 256.655 354.267 174.957
2 0.901367 540.39 155.68 551.666 236.838 526.61 240.32 515.334 159.162
3 0.890625 50.4751 229.984 58.0805 298.564 31.4624 301.516 23.857 232.936
3 0.883789 84.1309 242.809 91.4634 295.583 65.4941 299.191 58.1616 246.417
2 0.878906 251.598 131.121 272.659 270.16 243.152 274.629 222.091 135.59
4 0.865723 280.991 467.389 285.107 499.943 264.009 502.611 259.893 470.057
3 0.861328 19.6443 238.104 22.184 307.057 -0.61305 307.896 -3.15274 238.943
2 0.850586 383.327 -2.03496 411.249 -1.9493 411.173 22.6912 383.251 22.6055
3 0.850586 229.329 196.806 236.437 276.49 208.921 278.944 201.813 199.26
2 0.849609 285.616 75.7541 311.717 277.195 282.384 280.996 256.283 79.5548
2 0.848633 325.937 77.7298 355.028 258.529 325.563 263.27 296.472 82.4707
3 0.819336 192.517 9.2367 224.851 8.44294 225.483 34.2008 193.149 34.9946
3 0.802246 200.805 223.916 209.486 281.231 185.695 284.834 177.014 227.519
2 0.79541 436.438 -3.26562 469.562 -3.26562 469.562 25.2031 436.438 25.2031
3 0.406738 382.765 -2.22449 411.371 -2.66334 411.735 21.0839 383.129 21.5227
