2 0.945312 16.4036 325.392 38.2027 266.05 64.2215 275.608 42.4223 334.95
4 0.939453 179.057 368.878 193.405 325.502 216.443 333.122 202.095 376.498
4 0.9375 152.682 358.751 166.5 315.105 189.068 322.249 175.25 365.895
4 0.9375 126.596 349.923 140.05 305.934 163.404 313.077 149.95 357.066
0 0.935547 398.841 468.03 414.553 414.768 440.659 422.47 424.947 475.732
4 0.935547 205.111 379.927 218.909 336.372 241.639 343.573 227.841 387.128
2 0.93457 354.873 459.306 376.044 399.009 403.627 408.694 382.456 468.991
4 0.933594 461.558 483.948 476.672 441.032 499.442 449.052 484.328 491.968
3 0.931641 77.5627 164.555 103.016 94.604 130.062 104.445 104.609 174.396
4 0.931641 52.4064 321.328 65.6782 276.306 88.9686 283.172 75.6968 328.194
4 0.928711 78.2902 328.194 92.934 286.868 115.335 294.806 100.691 336.132
2 0.927734 481.012 324.02 510.203 249.2 533.988 258.48 504.797 333.3
4 0.927734 433.682 473.61 448.139 430.599 471.318 438.39 456.861 481.401
2 0.924805 539.893 352.208 568.633 275.609 593.107 284.792 564.367 361.391
2 0.921875 387.706 287.102 419.845 210.509 445.794 221.398 413.655 297.991
4 0.920898 553.022 520.396 566.697 477.229 589.978 484.604 576.303 527.771
3 0.920898 110.434 176.549 129.735 125.581 153.816 134.701 134.515 185.669
4 0.915039 521.591 510.738 535.635 465.133 560.409 472.762 546.365 518.367
3 0.914062 142.834 191.82 159.769 139.032 185.166 147.18 168.231 199.968
3 0.90918 19.0848 138.271 51.3032 51.6971 76.9152 61.2286 44.6968 147.803
2 0.908203 273.495 242.038 327.563 109.788 355.505 121.212 301.437 253.462
3 0.907227 46.8267 148.688 78.6984 68.005 105.423 78.5619 73.5516 159.245
4 0.895508 181.197 451.634 190.229 419.57 210.803 425.366 201.771 457.43
2 0.889648 346.282 272.169 424.166 99.6882 452.718 112.581 374.834 285.062
3 0.888672 -5.63769 131.319 19.134 40.3825 47.7627 48.1811 22.991 139.118
3 0.87793 245.403 228.53 278.846 156.682 303.097 167.97 269.654 239.818
2 0.875977 302.061 265.253 389.924 79.4832 417.439 92.4969 329.576 278.267
2 0.871582 478.469 6.68873 525.092 -3.48062 532.531 30.6238 485.908 40.7931
3 0.819824 -5.26871 55.4841 -1.30411 16.3092 24.2062 18.8909 20.2416 58.0658
3 0.810059 357.783 -4.36871 386.36 -4.19335 386.217 19.1343 357.64 18.959
4 0.614258 629.152 492.742 629.152 466.258 639.848 466.258 639.848 492.742
2 0.564941 -4.72103 294.621 -3.49166 247.918 14.0023 248.379 12.7729 295.082
0 0.5625 -3.25826 294.559 -2.60736 248.219 13.2114 248.442 12.5605 294.781
2 0.490234 358.869 -5.40581 386.491 -4.98206 386.131 18.4527 358.509 18.0289
