4 0.958008 295.809 422.434 331.898 450.957 317.191 469.566 281.102 441.043
4 0.957031 275.292 444.082 312.07 470.923 298.208 489.918 261.43 463.077
4 0.949219 506.646 199.255 540.114 228.394 524.354 246.495 490.887 217.356
4 0.948242 316.219 400.603 350.14 431.348 333.781 449.397 299.86 418.652
4 0.947266 203.205 521.978 241.42 551.332 226.295 571.022 188.08 541.668
4 0.946289 485.321 221.765 519.271 250.243 504.179 268.235 470.229 239.757
4 0.946289 257.751 464.405 294.247 491.734 279.749 511.095 243.253 483.766
4 0.946289 224.215 501.093 258.155 530.736 242.285 548.906 208.345 519.264
2 0.945312 432.267 273.279 480.012 316.553 461.733 336.721 413.988 293.447
2 0.943359 279.113 164.846 333.3 226.89 312.387 245.154 258.2 183.11
2 0.943359 185.741 543.401 234.081 583.949 216.759 604.599 168.419 564.051
2 0.942383 179.367 131.1 309.852 248.276 290.883 269.4 160.398 152.224
3 0.938477 86.5828 410.149 123.798 443.775 107.917 461.351 70.7022 427.725
2 0.935547 340.494 97.4772 399.236 151.878 381.506 171.023 322.764 116.622
3 0.935547 54.0211 422.165 104.057 467.936 85.8539 487.835 35.8182 442.064
0 0.93457 459.126 244.719 502.771 279.104 486.874 299.281 443.229 264.896
4 0.932617 572.303 126.992 606.032 156.449 590.697 174.008 556.968 144.551
2 0.929688 388.897 54.5868 447.443 107.161 430.603 125.913 372.057 73.3388
4 0.926758 549.849 150.819 584.825 181.65 569.151 199.431 534.175 168.6
3 0.925781 111.29 384.568 154.601 419.67 138.585 439.432 95.2735 404.33
2 0.917969 149.782 217.816 253.35 309.395 234.968 330.184 131.4 238.605
3 0.915039 12.7237 463.267 59.5715 521.435 38.7138 538.233 -8.13403 480.065
3 0.910156 170.567 282.722 229.282 336.598 211.683 355.778 152.968 301.902
4 0.904297 381.31 458.376 406.472 481.75 392.19 497.124 367.028 473.75
3 0.902344 13.6554 499.628 37.0582 549.504 11.7664 561.372 -11.6363 511.496
2 0.875 138.447 -10.7593 208.105 11.8976 199.053 39.7281 129.395 17.0712
3 0.850586 165.911 318.991 208.211 359.762 191.589 377.009 149.289 336.238
3 0.828613 32.614 143.335 66.7026 150.989 61.386 174.665 27.2974 167.011
4 0.78125 147.239 577.807 186.3 608.97 171.761 627.193 132.7 596.03
2 0.770996 212.725 -1.06452 244.253 -0.629221 244.025 15.838 212.497 15.4027
4 0.486816 458.515 244.938 502.608 278.593 486.985 299.062 442.892 265.407
