4 0.955078 292.813 421.034 326.574 451.164 310.687 468.966 276.926 438.836
4 0.952148 253.212 461.953 287.689 491.693 272.288 509.547 237.811 479.807
4 0.952148 271.403 441.994 305.749 471.165 290.597 489.006 256.251 459.835
4 0.949219 509.276 206.159 542.319 234.929 526.724 252.841 493.681 224.071
4 0.949219 313.152 400.628 346.317 431.914 329.848 449.372 296.683 418.086
2 0.946289 347.972 99.1753 405.528 154.65 387.528 173.325 329.972 117.85
2 0.946289 434.509 276.897 480.674 321.943 461.491 341.603 415.326 296.557
0 0.945312 462.035 249.618 503.856 284.808 486.965 304.882 445.144 269.692
4 0.943359 217.085 498.936 249.505 528.96 233.665 546.064 201.245 516.04
4 0.942383 488.132 227.017 521.939 257.282 505.868 275.233 472.061 244.968
2 0.941406 178.958 538.685 224.726 581.201 206.042 601.315 160.274 558.799
2 0.935547 282.267 164.704 336.688 225.12 316.233 243.546 261.812 183.13
2 0.935547 185.474 127.713 312.044 247.112 292.776 267.537 166.206 148.138
2 0.935547 395.5 56.3157 454.998 110.91 438 129.434 378.502 74.8398
3 0.93457 84.2556 401.16 123.441 438.813 106.119 456.84 66.934 419.187
4 0.93457 578.184 135.669 611.782 165.746 595.816 183.581 562.218 153.504
3 0.932617 49.5511 410.107 99.1186 461.376 79.4489 480.393 29.8814 429.124
4 0.929688 196.601 518.476 233.279 550.114 217.399 568.524 180.721 536.886
4 0.923828 556.606 158.035 590.215 191.644 572.394 209.465 538.785 175.856
2 0.923828 152.464 210.348 254.175 306.003 234.286 327.152 132.575 231.497
3 0.921875 108.649 376.231 149.111 411.898 132.476 430.769 92.0144 395.102
3 0.920898 18.4719 428.294 72.6169 480.642 55.1531 498.706 1.00814 446.358
3 0.915039 172.917 275.927 228.398 335.285 208.833 353.573 153.352 294.215
4 0.910156 376.641 461.182 399.73 485.885 385.359 499.318 362.27 474.615
3 0.89502 18.04 495.363 24.3909 543.225 -1.32123 546.637 -7.67214 498.775
3 0.890625 15.771 448.599 42.9476 521.712 19.5728 530.401 -7.6039 457.288
2 0.876953 154.528 -11.8685 218.008 6.64598 209.722 35.056 146.242 16.5415
2 0.757324 225.324 -1.27037 255.179 -0.766555 254.926 14.2391 225.071 13.7353
