4 0.953125 272.143 412.116 296.561 450.546 276.357 463.384 251.939 424.954
4 0.951172 247.239 427.73 271.682 466.07 251.761 478.77 227.318 440.43
0 0.949219 475.601 282.425 506.767 328.914 484.899 343.575 453.733 297.086
4 0.949219 223.911 443.236 249.196 480.952 229.339 494.264 204.054 456.548
4 0.947266 531.934 250.646 554.998 289.395 534.066 301.854 511.002 263.105
4 0.945312 506.186 267.373 530.01 305.511 509.814 318.127 485.99 279.989
4 0.943359 296.027 396.235 320.514 435.434 299.973 448.265 275.486 409.066
2 0.942383 442.524 303.094 476.091 358.902 451.976 373.406 418.409 317.598
4 0.941406 613.901 198.264 637.275 237.81 617.099 249.736 593.725 210.19
2 0.939453 136.16 501.796 167.675 555.116 143.84 569.204 112.325 515.884
4 0.938477 181.038 470.966 203.693 509.702 183.462 521.534 160.807 482.798
2 0.935547 452.814 80.3111 498.488 146.448 477.686 160.814 432.012 94.6774
4 0.932617 587.31 215.669 611.841 255.209 590.69 268.331 566.159 228.791
2 0.931641 396.446 109.644 439.841 179.588 418.054 193.106 374.659 123.162
4 0.931641 156.453 484.404 182.391 525.644 161.797 538.596 135.859 497.356
2 0.931641 317.384 160.946 356.962 232.334 333.116 245.554 293.538 174.166
3 0.928711 37.2881 347.493 73.0071 408.565 50.0244 422.007 14.3054 360.935
2 0.928711 233.254 98.2874 327.955 248.857 302.746 264.713 208.045 114.143
3 0.924805 72.7671 345.673 102.173 391.485 80.6079 405.327 51.2023 359.515
2 0.924805 184.062 175.663 258.04 290.527 231.938 307.337 157.96 192.473
3 0.923828 17.9432 368.22 39.1494 429.862 14.6818 438.28 -6.52438 376.638
3 0.914062 103.066 327.582 131.881 372.473 110.934 385.918 82.1192 341.027
4 0.902344 345.355 470.012 359.911 500.912 340.645 509.988 326.089 479.088
3 0.902344 185.316 243.808 227.14 313.831 203.934 327.692 162.11 257.669
3 0.839844 81.5971 83.4613 113.616 79.6118 116.403 102.789 84.3835 106.638
3 0.835938 15.6655 419.447 16.4312 455.095 -4.8608 455.553 -5.62648 419.905
4 0.72998 639.872 138.275 642.764 166.738 628.128 168.225 625.236 139.762
2 0.712891 175.415 -5.59736 207.632 -5.89389 207.835 16.2145 175.618 16.5111
2 0.699219 247.797 -6.67447 279.115 -7.44331 279.703 16.5182 248.385 17.2871
3 0.544922 246.965 -5.93358 279.455 -6.73117 280.035 16.918 247.545 17.7155
