4 0.951172 328.825 425.021 370.991 440.916 362.675 462.979 320.509 447.084
4 0.949219 315.871 451.355 359.07 466.513 351.129 489.145 307.93 473.987
4 0.948242 339.707 399.269 382.453 414.86 374.293 437.231 331.547 421.64
4 0.946289 304.863 477.365 347.83 491.05 340.637 513.635 297.67 499.95
2 0.943359 262.53 572.942 321.51 597.055 310.47 624.058 251.49 599.945
4 0.943359 458.792 148.795 500.532 164.311 492.208 186.705 450.468 171.189
4 0.942383 446.185 176.084 488.21 191.999 479.815 214.166 437.79 198.251
2 0.942383 412.664 241 471.871 264.888 461.336 291 402.129 267.112
4 0.938477 284.737 524.549 325.361 540.363 316.763 562.451 276.139 546.637
0 0.9375 427.76 206.139 480.572 223.406 472.74 247.361 419.928 230.094
4 0.929688 270.389 549.349 315.737 564.794 307.611 588.651 262.263 573.206
2 0.926758 231.568 186.883 304.687 224.82 291.432 250.367 218.313 212.43
2 0.924805 269.891 103.15 344.914 135.31 334.609 159.35 259.586 127.19
4 0.924805 485.06 88.6931 530.19 104.763 521.94 127.932 476.81 111.862
3 0.921875 125.213 478.296 175.413 498.282 166.287 521.204 116.087 501.218
2 0.921875 126.196 274.385 252.468 331.287 241.054 356.615 114.782 299.713
4 0.918945 498.857 59.6596 541.52 75.7419 533.143 97.9653 490.48 81.8831
3 0.918945 139.749 446.326 192.768 465.022 184.251 489.174 131.232 470.478
3 0.917969 96.3376 498.543 162.052 527.191 151.037 552.457 85.323 523.809
2 0.916016 125.678 184.797 290.447 256.327 279.322 281.953 114.553 210.423
3 0.912109 77.3744 526.513 146.959 557.23 136.251 581.487 66.6663 550.77
2 0.90918 299.717 45.6686 376.545 77.0781 366.783 100.956 289.955 69.5469
3 0.902344 61.6917 554.393 134.021 586.322 124.183 608.607 51.8545 576.678
2 0.898438 109.919 221.573 272.745 298.89 261.331 322.927 98.5052 245.61
4 0.897461 420.822 433.634 451.789 448.984 442.678 467.366 411.711 452.016
3 0.886719 46.4042 578.826 119.91 609.273 109.596 634.174 36.0897 603.727
2 0.880859 8.90153 22.5996 121.457 76.6822 107.598 105.525 -4.95747 51.4428
2 0.875977 6.35602 82.4457 59.901 120.279 40.894 147.179 -12.651 109.346
3 0.874023 162.488 330.365 239.505 364.363 229.012 388.135 151.995 354.137
4 0.870605 428.819 205.719 480.308 224.053 471.681 248.281 420.192 229.947
3 0.834473 -5.76834 237.324 22.8168 236.622 23.4871 263.926 -5.09805 264.628
4 0.804688 481.697 -6.06144 511.132 -5.65504 510.803 18.1552 481.368 17.7488
3 0.804688 594.602 56.658 637.249 68.46 630.398 93.217 587.751 81.415
4 0.762207 230.794 623.74 279.824 624.041 279.706 643.26 230.676 642.959
2 0.669922 480.418 -6.86928 511.73 -6.67715 511.582 17.3849 480.27 17.1928
4 0.531738 461.567 0.115501 477.958 0.165787 477.933 8.30637 461.542 8.25609
2 0.390381 460.596 -1.74919 479.669 -1.31025 479.404 10.2414 460.331 9.80244
