4 0.951172 310.92 451.084 353.509 467.363 345.08 489.416 302.491 473.137
4 0.949219 325.523 425.607 366.525 442.738 357.477 464.393 316.475 447.262
4 0.948242 336.381 399.567 379.031 416.548 370.119 438.933 327.469 421.952
4 0.948242 464.7 153.48 505.505 170.677 496.3 192.52 455.495 175.323
2 0.948242 253.729 571.109 312.217 596.075 300.771 622.891 242.283 597.925
4 0.947266 299.76 477.195 342.253 491.522 334.74 513.805 292.247 499.478
4 0.946289 262.018 547.314 307.289 564.539 298.482 587.686 253.211 570.461
4 0.945312 277.198 522.803 317.76 540.411 308.302 562.197 267.74 544.589
3 0.938477 120.972 470.851 169.163 492.835 158.528 516.149 110.337 494.165
0 0.9375 432.986 210.511 483.457 229.625 474.514 253.239 424.043 234.125
3 0.9375 90.1719 491.231 147.815 518.386 136.328 542.769 78.6853 515.614
2 0.9375 414.394 243.995 474.56 270.665 463.106 296.505 402.94 269.835
4 0.931641 451.006 180.831 492.379 197.968 483.494 219.419 442.121 202.282
3 0.931641 136.176 440.066 187.818 460.902 178.324 484.434 126.682 463.598
2 0.931641 277.103 102.025 350.615 135.287 339.897 158.975 266.385 125.713
2 0.931641 128.373 268.474 252.104 328.16 239.627 354.026 115.896 294.34
2 0.929688 235.778 184.788 307.336 224.316 293.722 248.962 222.164 209.434
4 0.928711 493.371 94.7993 536.663 112.112 527.629 134.701 484.337 117.388
2 0.928711 309.498 45.5437 383.256 78.1032 373.002 101.331 299.244 68.7718
4 0.924805 508.248 66.6883 549.114 82.3084 540.752 104.187 499.886 88.5666
2 0.917969 129.342 179.254 292.31 252.994 280.658 278.746 117.69 205.006
3 0.90625 52.4384 544.414 122.769 579.142 111.687 601.586 41.3559 566.858
3 0.904297 68.2972 518.67 137.761 547.443 127.453 572.33 57.9886 543.557
2 0.901367 109.951 214.605 276.296 298.657 264.049 322.895 97.7036 238.843
2 0.899414 17.4793 12.6611 130.483 68.676 116.771 96.3389 3.76699 40.324
3 0.893555 37.2888 570.758 115.567 603.888 104.836 629.242 26.5583 596.112
3 0.885742 160.474 325.707 237.831 358.446 227.526 382.793 150.169 350.054
4 0.883789 416.709 436.703 448.241 450.854 439.291 470.797 407.759 456.646
2 0.865723 65.3966 -10.8885 165.789 12.1411 158.728 42.9198 58.336 19.8901
2 0.830078 8.07508 72.1595 68.0543 106.016 51.9249 134.59 -8.05433 100.734
3 0.812012 20.3567 579.569 26.9344 620.45 2.19018 624.431 -4.38754 583.55
3 0.810059 171.458 362.561 224.501 388.752 213.792 410.439 160.749 384.248
3 0.793945 -1.51037 228.693 29.5127 229.407 28.9166 255.307 -2.10641 254.593
4 0.731934 220.277 621.801 268.806 623.589 267.973 646.199 219.444 644.411
3 0.543945 0.59375 636.305 0.59375 616.695 10.9062 616.695 10.9062 636.305
