4 0.928711 198.45 407.812 201.253 362.18 225.8 363.688 222.997 409.32
4 0.925781 502.936 435.527 506.176 390.675 531.064 392.473 527.825 437.325
4 0.918945 227.27 410.539 230.394 364.332 254.48 365.961 251.356 412.168
4 0.917969 141.98 404.633 144.334 358.068 170.02 359.367 167.666 405.932
4 0.916016 170.517 406.077 172.17 360.576 195.483 361.423 193.83 406.924
2 0.915039 31.1364 413.285 34.5302 351.19 62.4261 352.715 59.0323 414.81
2 0.915039 394.208 441.57 397.632 379.352 426.292 380.93 422.868 443.148
0 0.912109 437.097 438.859 439.14 382.615 467.403 383.641 465.36 439.885
2 0.904297 475.365 278.585 480.641 196.004 506.635 197.665 501.359 280.246
3 0.904297 42.417 243.061 48.3893 167.986 76.083 170.189 70.1107 245.264
4 0.902344 90.692 398.886 92.9173 354.88 117.308 356.114 115.083 400.12
4 0.902344 472.915 433.449 475.742 388.006 500.585 389.551 497.758 434.994
4 0.901367 600.683 443.172 603.376 397.846 628.317 399.328 625.624 444.654
2 0.899414 375.722 270.107 384.018 184.697 411.778 187.393 403.482 272.803
4 0.898438 62.3065 399.502 65.2234 351.496 89.9435 352.998 87.0266 401.004
3 0.898438 76.4625 244.473 80.612 190.069 106.287 192.027 102.138 246.431
3 0.897461 111.345 247.168 115.499 193.046 142.03 195.082 137.876 249.204
4 0.896484 568.191 441.959 571.53 395.235 596.809 397.041 593.47 443.765
2 0.890625 254.469 261.26 264.666 113.362 295.531 115.49 285.334 263.388
4 0.889648 222.276 483.892 228.328 451.07 250.224 455.108 244.172 487.93
2 0.888672 540.464 287.157 545.542 207.193 571.536 208.843 566.458 288.807
3 0.884766 9.37682 236.418 17.47 152.934 44.7794 155.582 36.6863 239.066
2 0.870117 450.751 47.245 451.914 -0.522045 481.249 0.192459 480.086 47.9595
4 0.864746 191.908 471.751 212.649 448.796 228.092 462.749 207.351 485.704
3 0.854492 223.404 255.867 229.271 177.962 258.096 180.133 252.229 258.038
2 0.845703 334.686 274.558 351.346 83.031 384.814 85.9422 368.154 277.469
2 0.829102 291.319 281.831 309.136 63.432 342.681 66.1685 324.864 284.568
3 0.808594 197.539 255.291 200.714 194.405 225.711 195.709 222.536 256.595
3 0.736328 264.094 -1.58394 292.715 -1.10095 292.406 17.2089 263.785 16.726
3 0.725098 -0.898267 227.77 -0.742334 154.208 9.87483 154.23 9.7189 227.792
3 0.710938 -27.8925 209.722 29.7752 153.02 36.6659 160.028 -21.0018 216.73
2 0.662109 62.5635 399.906 65.2895 352.172 90.1865 353.594 87.4605 401.328
2 0.606934 397.857 -0.414 424.76 0.0399895 424.643 6.99212 397.74 6.53814
4 0.547852 436.144 437.905 439.693 381.328 467.856 383.095 464.307 439.672
2 0.419678 -1.7942 400.564 -1.14243 344.786 11.6614 344.936 11.0096 400.714
