4 0.943359 151.61 352.454 167.659 309.779 189.64 318.046 173.591 360.721
4 0.942383 177.23 364.349 193.312 321.686 215.77 330.151 199.688 372.814
4 0.94043 455.62 488.486 473.137 447.273 494.88 456.514 477.363 497.727
2 0.94043 15.6899 315.016 40.5319 256.068 66.4351 266.984 41.5931 325.932
4 0.938477 203.189 375.799 218.318 332.789 240.811 340.701 225.682 383.711
2 0.935547 349.159 460.057 375.115 400.328 401.841 411.943 375.885 471.672
4 0.933594 126.052 343.218 140.858 299.964 163.698 307.782 148.892 351.036
4 0.931641 78.2236 319.863 94.0927 278.724 115.901 287.137 100.032 328.276
2 0.931641 387.959 288.986 424.029 214.65 450.541 227.514 414.471 301.85
4 0.931641 52.304 312.259 67.6397 267.402 90.571 275.241 75.2353 320.098
2 0.931641 480.464 329.778 512.647 256.264 536.536 266.722 504.353 340.236
4 0.928711 545.383 528.119 561.366 485.218 584.617 493.881 568.634 536.782
0 0.927734 392.746 470.387 410.355 417.491 436.254 426.113 418.645 479.009
4 0.923828 428.24 477.486 444.577 434.987 466.76 443.514 450.423 486.013
2 0.923828 538.647 360.338 570.454 285.504 594.353 295.662 562.546 370.496
3 0.917969 148.699 182.69 166.333 133.108 190.801 141.81 173.167 191.392
4 0.917969 514.339 516.513 532.133 472.068 555.661 481.487 537.867 525.932
3 0.916992 83.9124 155.857 112.685 86.3927 138.338 97.0181 109.565 166.482
3 0.914062 116.404 166.882 136.016 119.432 158.846 128.868 139.234 176.318
4 0.912109 348.831 459.757 374.393 400.063 401.669 411.743 376.107 471.437
3 0.908203 54.5166 137.225 89.8219 58.3945 115.233 69.7755 79.9281 148.606
2 0.90625 276.691 238.319 336.585 110.672 364.309 123.681 304.415 251.328
2 0.901367 349.714 274.826 431.873 105.173 460.786 119.174 378.627 288.827
4 0.901367 176.255 446.42 188.739 414.056 208.245 421.58 195.761 453.944
3 0.896484 23.9857 128.119 60.3965 43.3587 85.7643 54.256 49.3535 139.016
3 0.892578 -1.41421 117.139 33.7301 27.4671 60.5705 37.9864 25.4261 127.658
2 0.890625 307.76 260.661 397.392 83.2703 424.74 97.0887 335.108 274.48
3 0.871582 249.005 228.031 281.019 158.277 306.495 169.969 274.481 239.723
2 0.870117 489.27 37.8119 517.803 -10.8452 545.73 5.53189 517.197 54.1889
3 0.849609 368.644 -4.60223 398.316 -4.64774 398.356 21.321 368.684 21.3665
2 0.845703 295.613 259.375 377.953 90.5046 405.887 104.125 323.547 272.995
4 0.791016 616.122 494.218 637.574 475.885 649.878 490.282 628.426 508.615
3 0.758789 0.0947723 35.8657 21.5781 1.23872 42.9677 14.5093 21.4844 49.1363
2 0.683105 -4.33429 284.728 -2.2882 238.961 15.8655 239.772 13.8194 285.539
4 0.669922 -5.65029 283.556 -5.11396 238.715 14.0409 238.944 13.5046 283.785
0 0.536621 -4.24321 284.837 -2.76424 237.641 13.8995 238.163 12.4205 285.359
4 0.46582 392.675 471.312 409.829 417.414 435.825 425.688 418.671 479.586
2 0.425293 617.703 484.157 646.508 481.231 648.297 498.843 619.492 501.769
