0 0.931641 469.143 375.609 471.198 431.384 443.857 432.391 441.802 376.616
2 0.921875 399.598 438.341 401.192 373.924 430.902 374.659 429.308 439.076
4 0.921875 161.422 389.781 202.285 369.486 213.078 391.219 172.215 411.514
4 0.918945 229.677 413.66 234.259 367.858 259.073 370.34 254.491 416.142
4 0.917969 212.352 366.456 237.816 404.314 218.148 417.544 192.684 379.686
4 0.914062 467.062 409.885 498.364 377.904 515.438 394.615 484.136 426.596
4 0.911133 507.387 424.52 510.354 379.868 534.613 381.48 531.646 426.132
4 0.911133 171.827 367.028 174.096 413.223 148.673 414.472 146.404 368.277
2 0.907227 35.7222 428.922 37.4919 365.29 65.8403 366.078 64.0706 429.71
2 0.904297 371.878 265.511 376.445 181.949 404.622 183.489 400.055 267.051
4 0.898438 93.68 409.878 95.6739 365.986 120.695 367.122 118.701 411.014
2 0.897461 472.416 268.442 474.941 188.482 501.084 189.308 498.559 269.268
4 0.888672 605.377 426.022 608.206 382.395 632.623 383.978 629.794 427.605
4 0.888672 572.267 427.95 574.577 381.257 600.733 382.55 598.423 429.243
3 0.888672 38.0391 254.293 41.5736 183.318 69.4609 184.707 65.9264 255.682
4 0.886719 59.0273 406.779 76.883 362.426 99.9727 371.721 82.117 416.074
2 0.886719 537.156 275.469 538.96 195.177 565.844 195.781 564.04 276.073
3 0.886719 71.7035 255.239 74.8086 201.767 100.546 203.261 97.4414 256.733
3 0.884766 104.27 255.837 114.644 202.015 141.355 207.163 130.981 260.985
4 0.880859 242.087 453.484 263.688 480.305 246.663 494.016 225.062 467.195
2 0.87207 509.017 249.051 578.85 201.141 593.983 223.199 524.15 271.109
2 0.870117 520.259 -0.0396233 522.219 53.1743 490.241 54.3521 488.281 1.13821
3 0.864746 4.67091 254.309 7.50264 170.669 37.7041 171.691 34.8724 255.331
2 0.862305 332.178 268.048 339.722 80.6998 370.822 81.952 363.278 269.3
2 0.862305 252.74 266.329 255.546 116.355 285.76 116.921 282.954 266.895
3 0.855469 219.764 260.714 221.761 181.802 250.736 182.536 248.739 261.448
2 0.834961 289.501 279.123 295.325 69.7042 328.499 70.6268 322.675 280.046
3 0.817871 245.714 -1.8138 276.885 -1.67035 276.786 19.9075 245.615 19.7641
3 0.792969 213.023 208.072 217.329 261.931 195.477 263.678 191.171 209.819
2 0.744141 -4.37121 422.206 0.700562 361.26 19.1368 362.794 14.0651 423.74
2 0.710938 433.784 2.15279 472.812 7.81977 468.216 39.4722 429.188 33.8052
4 0.691406 616.4 413.953 652.372 392.091 656.6 399.047 620.628 420.909
3 0.457031 432.467 2.91241 470.978 8.86672 466.533 37.6188 428.022 31.6645
2 0.448242 468.874 375.102 472.688 431.535 445.126 433.398 441.312 376.965
4 0.338135 -2.61424 416.125 -1.09831 361.427 15.0517 361.875 13.5358 416.573
