4 0.949219 330.248 451.024 374.047 462.138 368.252 484.976 324.453 473.862
4 0.943359 348.141 396.562 392.471 408.246 386.359 431.438 342.029 419.754
4 0.943359 339.5 424.162 382.206 435.138 376.5 457.338 333.794 446.362
4 0.943359 305.776 526.95 348.357 539.44 341.724 562.05 299.143 549.56
4 0.942383 322.004 477.88 365.894 488.232 360.496 511.12 316.606 500.768
2 0.942383 288.812 578.351 350.536 594.418 343.188 622.649 281.464 606.582
4 0.941406 440.609 134.817 483.04 147.263 476.391 169.933 433.96 157.487
4 0.939453 430.494 163.705 473.797 175.831 467.506 198.295 424.203 186.169
2 0.939453 403.722 230.604 465.746 249.835 457.278 277.146 395.254 257.915
4 0.93457 296.039 552.5 341.305 564.431 334.961 588.5 289.695 576.569
0 0.924805 417.206 194.617 470.71 208.018 464.294 233.633 410.79 220.232
3 0.919922 142.762 496.657 195.733 512.904 188.238 537.343 135.267 521.096
4 0.919922 471.098 42.1317 514.311 54.2331 507.902 77.1183 464.689 65.0169
2 0.918945 122.496 296.682 254.573 339.194 246.004 365.818 113.927 323.306
2 0.916992 216.476 197.99 295.967 228.094 285.774 255.01 206.283 224.906
4 0.916992 461.211 71.766 506.652 84.9434 499.789 108.609 454.348 95.4316
2 0.904297 1.57647 69.7166 96.539 97.2553 88.0485 126.533 -6.91403 98.9947
2 0.904297 244.103 108.729 324.067 132.986 316.397 158.271 236.433 134.014
3 0.904297 155.39 464.776 209.221 478.788 202.86 503.224 149.029 489.212
2 0.902344 110.769 206.059 286.037 260.402 277.731 287.191 102.463 232.848
3 0.902344 114.449 521.334 180.001 540.999 172.301 566.666 106.749 547.001
3 0.898438 99.5338 550.89 173.252 573.129 165.716 598.11 91.9975 575.871
2 0.896484 24.3947 22.6752 125.424 48.6414 117.73 78.5748 16.7013 52.6086
2 0.893555 94.8395 245.422 273.828 303.336 265.661 328.578 86.6718 270.664
4 0.892578 417.979 194.689 469.876 207.689 463.521 233.061 411.624 220.061
3 0.890625 90.306 581.633 161.873 604.063 154.569 627.367 83.0019 604.937
4 0.889648 431.769 422.393 464.647 431.059 459.231 451.607 426.353 442.941
3 0.864746 160.559 345.684 247.09 370.203 239.691 396.316 153.16 371.797
2 0.859863 -2.33931 131.134 36.9599 139.077 30.6362 170.366 -8.66299 162.423
2 0.838867 260.872 44.2031 350.476 71.9857 342.628 97.297 253.024 69.5143
3 0.788086 72.4489 616.332 152.049 621.222 150.301 649.668 70.7012 644.778
3 0.782715 -10.4369 284.426 11.6889 268.069 24.9994 286.074 2.87355 302.431
4 0.71875 402.379 230.895 465.896 250.376 457.621 277.355 394.104 257.874
3 0.619141 32.9028 627.45 65.4316 627.051 65.5972 640.55 33.0684 640.949
2 0.429443 158.748 344.445 246.415 372.959 238.252 398.055 150.585 369.541
4 0.341797 446.548 -0.0834394 465.485 0.0327592 465.452 5.39594 446.515 5.27974
2 0.269287 445.264 -2.71797e-05 464.838 0.360342 464.736 5.90628 445.162 5.54591
