4 0.951172 323.255 450.689 366.874 464.067 359.745 487.311 316.126 473.933
4 0.949219 333.827 424.978 376.969 437.993 370.173 460.522 327.031 447.507
4 0.945312 439.12 169.525 481.502 184.178 473.88 206.225 431.498 191.572
4 0.943359 449.902 141.951 492.322 155.605 485.098 178.049 442.678 164.395
3 0.943359 106.005 510.805 173.297 535.701 163.495 562.195 96.2027 537.299
4 0.943359 313.673 477.753 357.228 490.022 350.827 512.747 307.272 500.478
4 0.941406 344.241 398.204 387.124 412.152 379.759 434.796 336.876 420.848
4 0.941406 294.526 525.506 337.476 539.549 329.974 562.494 287.024 548.451
2 0.939453 275.174 575.371 335.703 595.676 326.326 623.629 265.797 603.324
2 0.9375 407.418 236.19 468.684 256.951 459.582 283.81 398.316 263.049
3 0.931641 134.985 487.389 184.986 505.975 176.015 530.111 126.014 511.525
0 0.926758 422.605 199.897 475.775 216.026 468.395 240.353 415.225 224.224
2 0.925781 223.686 192.689 299.818 227.137 288.314 252.561 212.182 218.113
4 0.924805 485.244 49.8917 528.283 63.9637 520.756 86.9833 477.717 72.9113
4 0.923828 473.732 80.1988 518.271 94.61 510.768 117.801 466.229 103.39
4 0.917969 283.177 550.944 328.817 565.402 321.323 589.056 275.683 574.598
2 0.917969 259.094 106.646 334.123 133.492 325.406 157.854 250.377 131.008
3 0.915039 147.058 454.847 202.791 472.315 194.692 498.153 138.959 480.685
2 0.90625 123.551 284.661 253.431 335.909 243.199 361.839 113.319 310.591
2 0.905273 4.01804 46.2954 108.063 84.2451 97.0445 114.455 -7.00064 76.5049
2 0.904297 119.779 196.247 288.189 259.436 278.221 286.003 109.811 222.814
3 0.901367 87.3761 538.67 158.737 564.451 149.749 589.33 78.388 563.549
2 0.899414 97.676 233.161 277.279 299.608 267.574 325.839 87.9714 259.392
3 0.896484 167.36 339.858 241.308 366.573 231.89 392.642 157.942 365.927
4 0.89502 425.757 428.088 459.507 437.932 453.243 459.412 419.493 449.568
3 0.892578 73.8834 568.252 147.582 595.647 139.367 617.748 65.6683 590.353
2 0.883789 288.772 47.4498 363.213 74.0851 354.728 97.8002 280.287 71.1649
4 0.878906 422.956 199.738 475.906 216.156 468.044 241.512 415.094 225.094
3 0.874023 62.7872 594.959 132.327 616.755 124.088 643.041 54.5485 621.245
2 0.867188 40.6435 8.42624 140.868 36.6592 132.106 67.7613 31.8822 39.5283
2 0.862305 5.42982 104.525 49.8434 130.41 33.1952 158.975 -11.2184 133.09
3 0.817871 173.248 375.033 231.204 396.881 222.502 419.967 164.546 398.119
3 0.813477 -6.80882 256.985 20.0201 254.093 22.6526 278.515 -4.17639 281.406
3 0.693359 19.4895 619.1 58.3809 620.175 57.698 644.9 18.8066 643.825
4 0.624023 464.843 -0.319652 492.764 -0.0626664 492.657 11.5853 464.736 11.3283
2 0.563477 19.7877 617.189 59.5638 619.51 58.0873 644.811 18.3112 642.49
2 0.502441 461.33 -1.4858 494.236 -1.33436 494.17 13.017 461.264 12.8656
