4 0.932617 535.634 373.233 536.873 418.091 512.366 418.767 511.127 373.909
4 0.931641 200.79 371.598 202.735 416.869 178.71 417.902 176.765 372.631
4 0.926758 229.678 371.403 231.383 417.684 206.572 418.597 204.867 372.316
4 0.924805 258.432 371.724 259.837 417.515 235.068 418.276 233.663 372.485
4 0.924805 173.335 372.956 175.588 418.807 150.415 420.044 148.162 374.193
2 0.918945 431.717 371.026 433.088 434.855 404.283 435.474 402.912 371.645
0 0.918945 470.741 370.492 474.116 425.42 448.259 427.008 444.884 372.08
4 0.915039 505.283 374.351 506.919 418.758 482.717 419.649 481.081 375.242
2 0.908203 35.7177 378.194 87.7394 411.924 71.2823 437.306 19.2606 403.576
4 0.907227 117.684 372.044 126.152 414.616 101.816 419.456 93.3481 376.884
3 0.896484 57.0146 190.91 70.8279 258.194 44.5479 263.59 30.7346 196.306
2 0.894531 495.006 181.633 498.008 263.14 471.494 264.117 468.492 182.61
3 0.892578 67.5353 262.251 72.8134 209.388 98.9647 211.999 93.6866 264.862
2 0.892578 561.203 187.729 562.9 266.711 536.797 267.271 535.1 188.289
2 0.890625 370.338 265.839 372.515 179.179 401.662 179.911 399.485 266.571
4 0.888672 239.575 459.674 269.521 474.69 259.925 493.826 229.979 478.81
4 0.886719 591.969 369.645 610.686 411.87 587.031 422.355 568.314 380.13
4 0.883789 632.691 372.953 634.186 417.241 610.309 418.047 608.814 373.759
2 0.882812 278.369 118.736 281.157 270.211 251.131 270.764 248.343 119.289
4 0.880859 94.8402 373.695 95.8729 421.777 71.2848 422.305 70.2521 374.223
3 0.875 31.1248 183.217 32.5892 262.766 4.50025 263.283 3.03576 183.734
3 0.871582 131.485 210.376 134.107 263.75 106.14 265.124 103.518 211.75
3 0.866211 12.6514 231.155 77.5874 200.198 89.0986 224.345 24.1626 255.302
3 0.848633 245.657 185.367 247.336 263.537 219.593 264.133 217.914 185.963
2 0.84082 422.793 2.31826 459.233 4.89388 457.207 33.5567 420.767 30.9811
2 0.831543 358.32 77.9638 362.33 264.671 333.68 265.286 329.67 78.5792
3 0.821289 235.517 -0.671164 264.072 -1.81066 264.983 21.0305 236.428 22.17
3 0.818359 204.549 192.864 272.13 231.56 258.201 255.886 190.62 217.19
3 0.81543 213.807 205.641 214.737 266.259 191.943 266.609 191.013 205.991
2 0.793945 317.735 65.8919 320.387 282.001 291.265 282.358 288.613 66.2493
2 0.784668 251.111 89.154 378.733 251.655 355.889 269.596 228.267 107.095
2 0.779297 471.18 369.932 473.286 427.112 447.32 428.068 445.214 370.888
2 0.488281 234.926 -0.692954 264.02 -2.0328 265.074 20.8492 235.98 22.189
