4 0.947266 425.261 329.968 449.765 290.742 470.239 303.532 445.735 342.758
4 0.947266 471.859 361.346 495.591 322.196 516.141 334.654 492.409 373.804
2 0.945312 257.466 214.056 294.174 160.641 317.534 176.694 280.826 230.109
4 0.945312 448.347 346.559 472.897 307.658 493.153 320.441 468.603 359.342
2 0.943359 172.957 384.915 223.761 322.229 245.793 340.085 194.989 402.771
4 0.943359 401.339 313.584 426.076 274.653 446.161 287.416 421.424 326.347
4 0.942383 174.205 152.888 200.267 115.973 220.295 130.112 194.233 167.027
4 0.9375 514.027 389.44 539.839 353.729 558.973 367.56 533.161 403.271
2 0.932617 558.843 418.539 596.182 367.991 619.157 384.961 581.818 435.509
4 0.931641 199.156 170.91 223.633 132.777 243.594 145.59 219.117 183.723
4 0.928711 95.4021 98.9813 118.642 61.6194 137.973 73.6437 114.733 111.006
3 0.921875 440.586 537.201 473.089 491.868 493.914 506.799 461.411 552.132
4 0.921875 536.034 408.081 561.698 368.333 581.966 381.419 556.302 421.167
2 0.920898 532.026 628.32 576.095 564.873 595.974 578.68 551.905 642.127
3 0.917969 412.811 517.494 443.843 469.794 465.689 484.006 434.657 531.706
2 0.917969 150.123 488.695 257.806 337.036 282.127 354.305 174.444 505.964
4 0.917969 119.232 115.683 146.565 76.6825 167.268 91.192 139.935 130.193
2 0.908203 73.1578 362.459 145.48 263.045 168.842 280.041 96.5204 379.455
2 0.905273 508.675 611.46 550.727 547.629 570.325 560.54 528.273 624.371
2 0.904297 46.0436 294.685 91.655 223.924 113.206 237.815 67.595 308.576
2 0.897461 243.559 499.17 322.525 385.386 346.941 402.33 267.975 516.114
4 0.897461 449.51 239.708 469.933 213.351 485.99 225.792 465.567 252.149
3 0.896484 482.397 594.677 524.818 529.744 545.603 543.323 503.182 608.256
3 0.894531 302.575 474.281 349.211 407.138 370.925 422.219 324.289 489.362
3 0.893555 456.471 571.031 498.59 511.178 521.029 526.969 478.91 586.822
2 0.892578 276.955 458.91 323.212 389.394 344.545 403.59 298.288 473.106
2 0.888672 -8.51363 578.271 31.3132 469.854 63.6386 481.729 23.8118 590.146
0 0.876953 225.109 193.774 253.22 143.973 277.141 157.476 249.03 207.277
2 0.862305 199.355 494.534 303.698 358.586 327.645 376.966 223.302 512.914
2 0.861328 176.359 521.23 301.673 354.279 325.641 372.27 200.327 539.221
2 0.829102 -6.46781 495.728 -3.4609 437.212 26.8897 438.772 23.8828 497.288
3 0.817871 344.348 473.898 374.549 427.632 393.652 440.102 363.451 486.368
3 0.807617 177.806 605.524 210.63 597.809 216.194 621.476 183.37 629.191
4 0.728516 225.68 192.396 256.434 144.925 278.32 159.104 247.566 206.575
3 0.709473 508.739 614.578 549.716 548.135 571.261 561.422 530.284 627.865
2 0.70459 224.553 192.545 253.784 144.78 276.947 158.955 247.716 206.72
2 0.677246 533.537 406.327 561.355 368.057 581.463 382.673 553.645 420.943
4 0.590332 115.028 -2.99314 137.478 -3.37199 137.722 11.0478 115.272 11.4267
2 0.293945 114.978 -3.28432 137.441 -3.76682 137.772 11.6281 115.309 12.1106
0 0.26416 115.036 -3.08375 138.02 -3.18953 138.089 11.865 115.105 11.9708
