4 0.949219 421.764 347.187 453.272 314.797 469.736 330.813 438.228 363.203
2 0.946289 277.291 204.607 321.737 159.474 341.709 179.143 297.263 224.276
4 0.945312 205.962 129.432 237.989 99.034 254.038 115.943 222.011 146.341
4 0.945312 442.094 367.377 473.657 335.522 489.906 351.623 458.343 383.478
4 0.945312 401.533 326.939 433.772 295.142 449.967 311.561 417.728 343.358
4 0.943359 462.24 386.556 493.515 353.25 510.76 369.444 479.485 402.75
2 0.942383 164.361 358.946 226.429 305.073 244.639 326.054 182.571 379.927
4 0.9375 499.115 422.092 531.008 392.052 546.885 408.908 514.992 438.948
4 0.9375 517.734 442.661 550.487 410.008 567.266 426.839 534.513 459.492
4 0.935547 227.563 151.656 257.976 119.859 274.687 135.844 244.274 167.641
3 0.929688 401.428 554.131 442.14 517.571 458.572 535.869 417.86 572.429
0 0.928711 248.288 178.084 286.008 136.145 305.212 153.416 267.492 195.355
2 0.928711 537.198 456.472 586.503 415.179 604.802 437.028 555.497 478.321
4 0.924805 137.436 62.4835 167.063 31.3182 183.314 46.7665 153.687 77.9318
2 0.924805 121.249 454.098 258.523 330.825 277.001 351.402 139.727 474.675
3 0.921875 410.088 589.598 463.723 537.982 482.412 557.402 428.777 609.018
2 0.917969 56.6892 243.291 111.511 187.193 129.436 204.709 74.6138 260.807
4 0.917969 157.191 82.6337 193.135 51.7244 209.059 70.2413 173.115 101.151
3 0.912109 377.136 530.869 415.25 489.84 433.864 507.131 395.75 548.16
4 0.90625 462.522 264.817 485.408 240.482 499.978 254.183 477.092 278.518
2 0.899414 255.353 447.371 310.509 388.993 328.647 406.129 273.491 464.507
3 0.899414 278.488 468.419 334.574 410.673 353.012 428.581 296.926 486.327
2 0.898438 81.6699 309.571 155.371 234.96 175.08 254.429 101.379 329.04
2 0.893555 229.451 471.508 312.85 387.853 332.049 406.992 248.65 490.647
2 0.892578 452.893 626.194 516.655 591.036 528.107 611.806 464.345 646.964
2 0.870605 -9.50649 486.875 5.75231 423.112 37.1471 430.625 21.8883 494.388
2 0.870117 498.348 625.972 542.892 616.542 547.652 639.028 503.108 648.458
3 0.860352 311.198 479.165 355.025 435.135 371.802 451.835 327.975 495.865
2 0.751953 5.05512 382.748 21.6398 410.807 6.50738 419.752 -10.0773 391.693
3 0.745605 498.008 624.104 543.695 614.798 547.992 635.896 502.305 645.202
2 0.688965 200.679 486.175 306.897 392.688 326.821 415.325 220.603 508.812
4 0.483887 206.221 0.270585 225.64 -0.0273318 225.779 9.02629 206.36 9.32421
