4 0.951172 420.756 401.524 462.31 382.914 471.744 403.976 430.19 422.586
4 0.949219 408.646 376.006 448.891 357.46 458.354 377.994 418.109 396.54
4 0.949219 395.281 351.265 435.278 332.046 445.219 352.735 405.222 371.954
4 0.945312 434.955 425.518 475.525 405.832 485.545 426.482 444.975 446.168
4 0.941406 270.385 103.299 310.9 84.7418 320.615 105.951 280.1 124.508
4 0.939453 470.061 496.346 513.029 477.299 522.939 499.654 479.971 518.701
4 0.939453 284.499 130.476 324.621 111.084 334.501 131.524 294.379 150.916
2 0.938477 485.555 516.18 544.783 493.542 554.445 518.82 495.217 541.458
0 0.9375 295.577 160.232 346.2 136.289 357.423 160.018 306.8 183.961
4 0.935547 459.302 470.727 500.344 454.021 509.198 475.773 468.156 492.479
2 0.933594 313.916 194.997 373.754 169.293 384.584 194.503 324.746 220.207
2 0.931641 160.334 307.975 235.995 277.852 246.416 304.025 170.755 334.148
3 0.929688 324.715 567.196 376.836 545.794 386.285 568.804 334.164 590.206
4 0.921875 239.158 44.5119 281.036 25.3301 290.842 46.7381 248.964 65.9199
3 0.918945 308.753 537.495 359.415 511.993 370.747 534.505 320.085 560.007
3 0.917969 323.038 602.465 391.867 573.955 402.462 599.535 333.633 628.045
4 0.912109 225.24 16.5898 265.562 -0.548342 274.51 20.5039 234.188 37.6421
2 0.908203 91.2087 389.35 259.874 308.307 272.291 334.15 103.626 415.193
3 0.898438 230.93 447.743 305.492 410.855 317.07 434.257 242.508 471.145
4 0.89502 471.299 307.939 503.736 297.14 510.201 316.561 477.764 327.36
2 0.892578 89.0895 164.73 164.747 130.146 175.66 154.02 100.003 188.604
3 0.890625 340.369 623.242 410.291 612.87 414.131 638.758 344.209 649.13
2 0.889648 107.843 227.378 188.854 192.062 198.907 215.122 117.896 250.438
2 0.880859 161.359 444.691 289.547 382.734 302.391 409.309 174.203 471.266
2 0.874023 104.957 424.267 281.254 348.535 292.293 374.233 115.996 449.965
2 0.861328 219.54 421.722 292.038 383.541 302.96 404.278 230.462 442.459
2 0.854492 184.601 392.281 279.095 346.071 291.149 370.719 196.655 416.929
4 0.794434 220.018 -3.39926 255.07 -4.25974 255.482 12.5477 220.43 13.4082
3 0.760742 56.2955 514.599 86.6827 507.58 91.9545 530.401 61.5673 537.42
3 0.630859 403.172 629.61 426.297 629.539 426.328 639.39 403.203 639.461
3 0.550781 -7.48643 335.361 22.9238 339.111 20.3302 360.139 -10.08 356.389
0 0.539062 283.569 130.436 324.045 110.988 333.931 131.564 293.455 151.012
2 0.51416 14.9718 330.059 19.6918 361.219 -1.58121 364.441 -6.30113 333.281
2 0.472656 12.5903 403.093 13.9751 435.314 0.175311 435.907 -1.20945 403.686
