4 0.951172 418.853 355.767 453.61 326.794 468.147 344.233 433.39 373.206
4 0.949219 436.833 377.922 471.749 349.042 486.667 367.078 451.751 395.958
3 0.945312 380.154 561.09 424.915 524.699 441.346 544.91 396.585 581.301
4 0.945312 400.536 334.249 435.099 304.803 449.964 322.251 415.401 351.697
2 0.943359 286.407 201.755 337.635 159.647 355.593 181.495 304.365 223.603
2 0.943359 161.793 344.576 229.182 296.338 245.707 319.424 178.318 367.662
4 0.94043 489.396 436.932 524.347 409.742 538.604 428.068 503.653 455.258
4 0.939453 222.68 119.957 256.954 92.2665 271.82 110.668 237.546 138.358
4 0.939453 242.508 144.157 275.964 114.391 291.492 131.843 258.036 161.609
4 0.9375 456.269 398.314 490.627 368.676 505.731 386.186 471.373 415.824
3 0.9375 387.224 596.595 445.883 551.893 462.276 573.405 403.617 618.107
2 0.933594 524.618 475.969 576.928 437.914 593.382 460.531 541.072 498.586
3 0.931641 357.955 534.613 400.987 497.952 417.545 517.387 374.513 554.048
4 0.928711 159.129 47.1379 193.814 18.2242 208.621 35.9871 173.936 64.9008
0 0.926758 260.965 172.632 302.609 133.528 320.535 152.618 278.891 191.722
4 0.923828 178.781 69.3207 217.358 41.9296 231.469 61.8043 192.892 89.1954
2 0.920898 70.1881 297.926 165.04 219.717 183.062 241.574 88.2096 319.783
2 0.920898 108.042 440.39 259.01 322.573 276.208 344.61 125.24 462.427
3 0.908203 406.222 621.067 465.567 578.449 480.278 598.933 420.933 641.551
4 0.905273 465.675 274.212 493.983 256.889 504.325 273.788 476.017 291.111
4 0.898438 505.928 459.944 542.56 429.12 558.072 447.556 521.44 478.38
2 0.895508 55.8458 223.692 125.012 169.286 141.154 189.808 71.9879 244.214
3 0.890625 264.486 463.915 324.226 413.57 341.514 434.085 281.774 484.43
2 0.882812 204.382 471.139 307.958 385.336 326.618 407.861 223.042 493.664
3 0.870117 299.197 475.992 345.881 438.451 360.803 457.008 314.119 494.549
2 0.869141 134.703 478.349 280.915 357.603 298.297 378.651 152.085 499.397
3 0.814453 439.132 624.318 496.721 609.611 502.868 633.682 445.279 648.389
2 0.79248 260.139 171.452 302.245 133.171 319.861 152.548 277.755 190.829
4 0.769531 -9.17981 443.458 2.9323 401.451 30.9923 409.542 18.8802 451.549
2 0.767578 242.298 443.659 306.931 387.211 323.202 405.841 258.569 462.289
4 0.755859 87.6213 38.006 111.772 7.30365 131.004 22.4315 106.853 53.1339
2 0.755371 506.03 460.934 540.52 428.547 556.97 446.066 522.48 478.453
2 0.737793 -7.37806 448.758 -2.20286 401.886 28.1906 405.242 23.0154 452.114
3 0.710449 487.965 624.273 518.449 624.133 518.535 642.727 488.051 642.867
2 0.626953 11.1375 357.908 12.0591 385.205 0.604667 385.592 -0.316891 358.295
4 0.409668 260.485 172.432 303.262 133.541 321.015 153.068 278.238 191.959
2 0.394531 486.879 625.216 515.44 624.91 515.621 641.784 487.06 642.09
