4 0.951172 417.113 406.549 457.759 390.113 466.387 411.451 425.741 427.887
4 0.949219 428.782 431.52 470.798 413.814 479.718 434.98 437.702 452.686
4 0.947266 404.75 380.554 446.656 363.646 455.25 384.946 413.344 401.854
4 0.943359 393.627 354.894 434.937 337.447 443.873 358.606 402.563 376.053
2 0.941406 321.005 193.874 382.146 171.998 391.495 198.126 330.354 220.002
4 0.941406 460.101 505.343 504.421 486.666 513.899 509.157 469.579 527.834
4 0.94043 450.1 478.944 492.066 463.05 500.4 485.056 458.434 500.95
4 0.939453 281.812 100.069 323.292 84.2149 331.688 106.181 290.208 122.035
4 0.935547 293.835 128.709 335.352 111.513 344.165 132.791 302.648 149.987
2 0.935547 472.798 525.982 534.311 504.978 543.202 531.018 481.689 552.022
3 0.927734 311.724 567.111 365.273 547.579 373.776 570.889 320.227 590.421
2 0.925781 161.18 299.917 238.916 272.102 248.57 299.083 170.834 326.898
4 0.924805 253.476 40.4141 297.885 24.3703 306.024 46.8984 261.615 62.9422
3 0.916992 298.688 535.975 350.631 514.552 360.312 538.025 308.369 559.448
2 0.912109 85.7696 374.761 254.718 308.097 265.23 334.739 96.2819 401.403
3 0.912109 308.099 602.338 375.169 578.107 384.401 603.662 317.331 627.893
4 0.904297 240.941 8.02543 285.907 -2.10826 291.059 20.7558 246.093 30.8895
2 0.893555 157.28 435.005 290.634 380.007 301.97 407.495 168.616 462.493
4 0.888672 471.897 315.394 504.39 306.268 510.103 326.606 477.61 335.732
2 0.886719 96.293 415.275 283.375 344.917 293.457 371.725 106.375 442.083
0 0.883789 304.479 160.657 355.543 136.697 366.521 160.093 315.457 184.053
3 0.880859 227.029 442.553 302.238 412.141 312.471 437.447 237.262 467.859
2 0.870117 93.3051 155.236 174.65 121.176 184.945 145.764 103.6 179.824
3 0.868164 324.877 623.845 397.133 617.176 399.623 644.155 327.367 650.824
2 0.864258 88.4468 228.025 198.845 180.199 210.553 207.225 100.155 255.051
2 0.863281 304.623 159.902 356.776 136.062 367.877 160.348 315.724 184.188
3 0.845703 255.644 465.118 312.646 440.89 321.356 461.382 264.354 485.61
4 0.697266 240.201 -0.404518 263.857 -0.259366 263.799 9.26389 240.143 9.11874
3 0.599121 5.66501 312.759 22.7915 338.053 7.00686 348.741 -10.1196 323.447
