4 0.9375 375.478 408.328 421.597 406.487 422.522 429.672 376.403 431.513
4 0.93457 376.915 437.712 422.058 435.702 423.085 458.788 377.942 460.798
4 0.931641 379.06 464.698 424.659 463.159 425.44 486.302 379.841 487.841
2 0.928711 367.589 206.194 431.627 204.426 432.411 232.806 368.373 234.574
4 0.928711 364.342 167.425 420.071 162.971 422.158 189.075 366.429 193.529
4 0.925781 366.774 103.407 410.7 102.396 411.226 125.218 367.3 126.229
4 0.925781 375.031 380.359 419.126 378.735 419.969 401.641 375.874 403.265
4 0.917969 367.792 133.557 412.152 131.514 413.208 154.443 368.848 156.486
4 0.917969 381.731 544.354 429.222 542.386 430.269 567.646 382.778 569.614
4 0.916016 381.247 516.963 426.237 515.996 426.753 540.037 381.763 541.004
2 0.916016 383.647 570.047 448.082 569.454 448.353 598.953 383.918 599.546
3 0.908203 217.426 511.803 275.829 509.024 277.074 535.197 218.671 537.976
4 0.908203 362.731 5.34226 405.92 3.7515 406.769 26.814 363.58 28.4048
4 0.899414 363.838 37.3847 410.441 35.9545 411.162 59.4278 364.559 60.858
3 0.894531 218.465 547.868 272.807 547.368 273.035 572.132 218.693 572.632
2 0.882812 180.505 243.172 262.002 243.923 261.745 271.828 180.248 271.077
3 0.880859 201.506 578.737 268.98 580.601 268.244 607.263 200.77 605.399
2 0.870605 122.294 365.445 270.543 365.899 270.456 394.055 122.207 393.601
3 0.868164 186.676 398.342 269.766 395.92 270.574 423.658 187.484 426.08
2 0.866211 82.8476 284.695 265.951 281.886 266.402 311.305 83.2989 314.114
3 0.862305 200.6 612.969 276.014 611.117 276.65 637.031 201.236 638.883
2 0.850586 82.6243 325.778 271.866 324.036 272.126 352.222 82.8837 353.964
2 0.845703 170.165 147.265 253.838 145.724 254.335 172.735 170.662 174.276
2 0.831543 -0.48542 197.134 33.6381 196.82 33.8917 224.366 -0.231884 224.68
3 0.811523 -0.328169 385.579 28.8554 387.013 27.6563 411.421 -1.52726 409.987
2 0.804688 380.617 544.382 432.117 541.852 433.383 567.618 381.883 570.148
3 0.798828 207.61 428.954 268.459 427.18 269.14 450.546 208.291 452.32
4 0.755859 456.709 -1.42412 482.159 -0.994649 481.791 20.8304 456.341 20.4009
4 0.71875 -0.276764 198.269 32.807 197.457 33.4643 224.231 0.380482 225.043
4 0.642578 366.997 206.686 433.015 204.254 434.003 231.064 367.985 233.496
