4 0.929688 371.287 440.71 415.818 440.915 415.713 463.79 371.182 463.585
4 0.928711 371.906 467.852 416.594 467.852 416.594 490.648 371.906 490.648
4 0.927734 371.563 382.905 416.867 383.739 416.437 407.095 371.133 406.261
2 0.927734 370.159 572.11 437.317 575.616 435.841 603.89 368.683 600.384
4 0.925781 377.921 106.403 421.855 106.942 421.579 129.472 377.645 128.933
4 0.924805 377.565 136.368 421.748 136.978 421.435 159.632 377.252 159.022
4 0.923828 371.884 520.312 414.391 521.747 413.616 544.688 371.109 543.253
4 0.921875 371.77 412.222 416.518 411.81 416.73 434.778 371.982 435.19
2 0.921875 373.853 209.271 436.943 209.949 436.647 237.479 373.557 236.801
4 0.912109 369.141 548.117 416.359 548.117 416.359 572.883 369.141 572.883
4 0.911133 379.201 8.74905 422.314 9.74125 421.799 32.126 378.686 31.1337
0 0.908203 373.691 169.954 428.075 168.369 428.809 193.546 374.425 195.131
2 0.907227 181.795 235.334 268.648 240.403 266.955 269.416 180.102 264.347
4 0.904297 377.915 40.6367 424.44 41.3504 424.085 64.4883 377.56 63.7746
3 0.902344 206.168 541.998 264.035 544.129 263.082 570.002 205.215 567.871
3 0.895508 206.985 507.346 265.321 506.361 265.765 532.654 207.429 533.639
3 0.895508 188.032 572.241 261.875 575.982 260.468 603.759 186.625 600.018
3 0.888672 187.478 605.724 260.353 605.948 260.272 632.276 187.397 632.052
4 0.886719 374.328 170.458 428.095 169.221 428.672 194.292 374.905 195.529
4 0.879883 457.84 382.333 492.527 382.12 492.66 403.667 457.973 403.88
2 0.875 125.145 355.793 265.21 359.876 264.355 389.207 124.29 385.124
3 0.865723 182.199 390.914 264.81 392.435 264.301 420.086 181.69 418.565
2 0.861328 88.7459 272.475 264.771 278.417 263.754 308.525 87.7294 302.583
2 0.854492 82.31 313.848 269.262 321.883 267.94 352.652 80.9876 344.617
2 0.851562 -0.0882645 181.05 39.1922 180.809 39.3695 209.7 0.0890045 209.941
2 0.831543 180.84 139.65 264.741 142.096 263.91 170.6 180.009 168.154
3 0.830078 203.525 423.146 264.24 425.195 263.475 447.854 202.76 445.805
3 0.720703 -3.31283 372.108 23.3957 371.37 24.0316 394.392 -2.67698 395.13
4 0.712402 -0.292747 181.603 38.7061 181.304 38.9177 208.897 -0.0811081 209.196
2 0.453125 -1.72456 371.496 23.8223 371.535 23.7871 394.504 -1.75979 394.465
