4 0.949219 405.282 418.475 448.223 405.88 454.718 428.025 411.777 440.62
4 0.949219 397.981 390.073 440.152 379.027 446.019 401.427 403.848 412.473
4 0.948242 414.161 444.625 457.572 431.311 464.339 453.375 420.928 466.689
4 0.946289 388.618 363.748 431.783 351.945 437.882 374.252 394.717 386.055
4 0.942383 430.26 493.587 472.781 482.519 478.74 505.413 436.219 516.481
4 0.938477 436.912 520.975 482.07 507.503 489.088 531.025 443.93 544.497
0 0.938477 324.436 159.967 377.426 142.642 385.564 167.533 332.574 184.858
2 0.9375 448.597 543.061 511.005 529.599 516.903 556.939 454.495 570.401
2 0.935547 335.78 195.881 399.218 180.61 405.72 207.619 342.282 222.89
4 0.933594 308.607 98.0489 351.628 86.0725 357.893 108.576 314.872 120.553
4 0.933594 317.288 127.296 360.609 114.444 367.212 136.704 323.891 149.556
4 0.932617 288.278 35.062 332.988 22.984 339.222 46.063 294.512 58.141
2 0.928711 165.43 279.397 245.413 263.105 251.32 292.103 171.337 308.395
3 0.923828 281.732 564.056 336.892 552.113 342.268 576.944 287.108 588.887
3 0.920898 271.487 531.348 326.093 516.011 333.013 540.652 278.407 555.989
3 0.917969 274.011 599.241 342.708 584.257 348.489 610.759 279.792 625.743
4 0.905273 279.824 -0.0914183 325.69 -4.96439 328.176 18.4352 282.31 23.3081
2 0.896484 81.3284 347.26 258.821 298.288 266.672 326.74 89.1787 375.712
4 0.890625 470.927 335.124 505.23 327.862 509.573 348.376 475.27 355.638
2 0.889648 141.437 411.917 281.629 377.941 288.813 407.583 148.621 441.559
2 0.880859 136.447 188.237 216.156 168.466 222.803 195.263 143.094 215.034
3 0.880859 209.391 430.227 288.929 408.085 296.359 434.773 216.821 456.915
2 0.874023 91.0825 384.67 278.13 340.249 284.918 368.83 97.8698 413.251
3 0.863281 286.545 624.462 358.416 621.373 359.455 645.538 287.584 648.627
2 0.683594 323.447 158.756 377.967 142.126 385.553 166.994 331.033 183.624
3 0.547363 0.492009 274.815 24.5469 291.757 12.9767 308.185 -11.0781 291.243
2 0.3396 -3.14256 277.871 23.8229 287.707 17.1035 306.129 -9.86192 296.293
