4 0.9375 446.832 287.68 452.677 241.706 477.168 244.82 471.323 290.794
4 0.928711 418.379 282.815 424.424 236.993 448.621 240.185 442.576 286.007
4 0.925781 389.73 278.356 395.775 233.291 420.77 236.644 414.725 281.709
4 0.923828 117.003 233.73 122.312 189.61 146.497 192.52 141.188 236.64
4 0.920898 146.699 239.034 151.453 193.877 176.051 196.466 171.297 241.623
4 0.920898 474.248 290.718 478.81 244.851 503.252 247.282 498.69 293.149
2 0.917969 578.663 304.755 588.908 242.562 617.337 247.245 607.092 309.438
4 0.917969 525.526 297.887 532.128 254.416 556.474 258.113 549.872 301.584
2 0.916992 217.992 252.695 224.14 190.027 255.008 193.055 248.86 255.723
2 0.912109 217.924 445.041 234.343 361.323 263.076 366.959 246.657 450.677
4 0.910156 20.045 219.872 25.6796 175.038 50.2675 178.128 44.6329 222.962
4 0.90625 49.8924 224.231 57.3987 178.087 83.1076 182.269 75.6013 228.413
4 0.898438 553.148 304.321 558.199 258.568 581.852 261.179 576.801 306.932
3 0.894531 489.711 457.683 496.211 402.093 523.789 405.317 517.289 460.907
3 0.890625 524.452 462.636 532.406 409.92 558.548 413.864 550.594 466.58
3 0.882812 372.656 466.318 384.744 386.098 411.844 390.182 399.756 470.402
0 0.880859 178.98 246.769 183.652 191.34 212.02 193.731 207.348 249.16
3 0.880859 552.671 486.332 562.697 411.816 591.329 415.668 581.303 490.184
2 0.876953 63.0572 415.436 72.6661 334.064 98.0678 337.064 88.4589 418.436
4 0.87207 400.246 191.75 407.612 158.558 428.754 163.25 421.388 196.442
2 0.869141 135.314 639.925 139.612 579.766 171.936 582.075 167.638 642.234
2 0.856445 300.421 465.696 317.56 367.81 346.079 372.804 328.94 470.69
2 0.853027 240.338 544.074 272.563 361.268 304.662 366.926 272.437 549.732
2 0.847168 120.331 463.749 135.67 345.364 165.669 349.251 150.33 467.636
2 0.839355 277.473 562.337 313.637 361.695 349.527 368.163 313.363 568.805
2 0.837891 329 519.863 350.921 377.542 384 382.637 362.079 524.958
3 0.834961 584.067 500.745 596.182 420.087 623.933 424.255 611.818 504.913
3 0.827148 407.078 451.986 415.463 392.764 438.422 396.014 430.037 455.236
2 0.808594 178.479 246.047 184.142 191.245 212.771 194.203 207.108 249.005
3 0.757324 326.25 622.24 354.577 621.979 354.75 640.76 326.423 641.021
3 0.699219 622.868 499.839 624.37 423.791 643.132 424.161 641.63 500.209
2 0.667969 622.86 501.674 623.172 428.237 644.14 428.326 643.828 501.763
4 0.647949 179.823 247.223 184.248 191.336 211.927 193.527 207.502 249.414
3 0.59668 324.381 522.679 348.534 382.368 383.119 388.321 358.966 528.632
