2 0.93457 358.046 576.161 422.052 580.981 419.954 608.839 355.948 604.019
4 0.933594 364.405 443.444 408.761 444.737 408.095 467.556 363.739 466.263
4 0.932617 365.736 414.618 411.2 416.432 410.264 439.882 364.8 438.068
4 0.932617 389.364 109.779 432.559 112.5 431.136 135.096 387.941 132.375
4 0.928711 368.031 386.232 412.518 388.213 411.469 411.768 366.982 409.787
4 0.925781 363.184 470.925 407.949 472.162 407.316 495.075 362.551 493.838
4 0.924805 360.62 522.849 404.764 525.425 403.38 549.151 359.236 546.575
4 0.923828 356.901 550.47 404.318 551.853 403.599 576.53 356.182 575.147
2 0.921875 379.021 212.645 442.569 216.354 440.979 243.605 377.431 239.896
4 0.917969 387.047 140.542 431.21 142.033 430.453 164.458 386.29 162.967
3 0.905273 174.149 566.107 247.254 573.081 244.601 600.893 171.496 593.919
4 0.904297 395.17 11.9984 438.989 14.2185 437.83 37.0954 394.011 34.8753
2 0.904297 188.011 227.812 271.719 237.355 268.489 265.688 184.781 256.145
3 0.904297 194.912 536.722 248.433 539.516 247.088 565.278 193.567 562.484
4 0.897461 393.193 44.2262 438.863 46.3294 437.807 69.2738 392.137 67.1706
0 0.892578 380.071 172.906 436.254 173.596 435.929 200.094 379.746 199.404
3 0.892578 198.361 501.395 256.238 503.26 255.389 529.605 197.512 527.74
2 0.876953 90.5765 261.409 270.692 274.973 268.423 305.091 88.3085 291.527
3 0.87207 169.667 598.63 244.553 602.77 243.083 629.37 168.197 625.23
2 0.870117 84.7657 302.605 270.945 317.2 268.734 345.395 82.5555 330.8
2 0.863281 193.304 132.32 275.591 139.788 273.196 166.18 190.909 158.712
2 0.857422 117.267 345.577 263.126 359.265 260.483 387.423 114.624 373.735
2 0.855469 -1.27728 163.577 46.9765 165.206 45.9648 195.173 -2.28898 193.544
4 0.853027 381.243 173.293 436.234 174.305 435.757 200.207 380.766 199.195
3 0.851562 179.757 384.178 261.525 390.336 259.493 417.322 177.725 411.164
3 0.769531 -4.26109 356.447 20.7338 354.834 22.1673 377.053 -2.82757 378.666
3 0.714844 162.542 628.965 228.848 629.88 228.708 640.035 162.402 639.12
2 0.533203 167.528 381.734 263.768 391.66 260.972 418.766 164.732 408.84
