4 0.951172 398.748 389.067 441.181 376.408 447.752 398.433 405.319 411.092
4 0.948242 388.941 363 431.743 349.837 438.559 372 395.757 385.163
4 0.947266 406.971 416.857 450.262 403.579 457.029 425.643 413.738 438.921
4 0.945312 416.841 442.617 459.435 429.518 466.159 451.383 423.565 464.482
4 0.941406 440.973 518.352 486.583 504.974 493.527 528.648 447.917 542.026
4 0.939453 304.54 97.5072 348.097 85.597 354.46 108.868 310.903 120.778
2 0.9375 452.18 540.637 514.93 525.989 521.32 553.363 458.57 568.011
4 0.9375 433.43 492.012 475.998 480.513 482.07 502.988 439.502 514.487
2 0.935547 333.279 196.185 397.364 178.662 404.721 205.565 340.636 223.088
4 0.935547 313.585 126.968 357.586 113.768 364.415 136.532 320.414 149.732
3 0.925781 287.345 565.098 339.947 552.35 345.655 575.902 293.053 588.65
2 0.923828 163.691 283.227 243.776 264.208 250.559 292.773 170.474 311.792
4 0.921875 283.213 35.781 328.271 23.088 334.787 46.219 289.729 58.912
0 0.918945 321.098 159.485 373.896 140.913 382.902 166.515 330.104 185.087
3 0.917969 279.067 600.734 348.07 584.011 354.433 610.266 285.43 626.989
3 0.917969 274.581 532.751 329.52 515.993 336.919 540.249 281.98 557.007
4 0.905273 274.171 -0.915317 319.721 -4.83786 321.829 19.6341 276.279 23.5566
2 0.904297 80.6325 352.412 256.474 299.954 264.867 328.088 89.0257 380.546
3 0.897461 211.682 432.528 291.062 409.377 298.818 435.972 219.438 459.123
2 0.884766 142.827 416.342 284.948 378.299 292.673 407.158 150.552 445.201
2 0.875 96.2629 387.636 270.578 343.261 277.987 372.364 103.672 416.739
3 0.874023 290.637 622.774 364.399 620.057 365.363 646.226 291.601 648.943
2 0.863281 77.9454 144.463 196.008 104.554 205.805 133.537 87.7424 173.446
2 0.848633 108.146 200.511 211.925 168.856 220.354 196.489 116.575 228.144
2 0.61377 321.267 159.181 375.396 141.621 383.733 167.319 329.604 184.879
4 0.569824 321.364 159.094 374.657 141.489 383.136 167.156 329.843 184.761
3 0.469238 14.0224 280.078 18.6346 310.527 -0.475491 313.422 -5.08777 282.973
