4 0.942383 344.015 449.145 388.345 456.697 384.485 479.355 340.155 471.803
4 0.941406 420.905 123.247 464.563 131.861 460.095 154.503 416.437 145.889
2 0.94043 316.238 578.835 378.66 590.656 373.262 619.165 310.84 607.344
4 0.9375 338.459 476.445 383.394 482.969 380.041 506.055 335.106 499.531
2 0.9375 393.505 223.241 457.646 236.82 451.995 263.509 387.854 249.93
4 0.9375 350.354 421.067 395.153 428.84 391.146 451.933 346.347 444.16
4 0.9375 356.645 392.789 401.162 401.077 396.855 424.211 352.338 415.923
4 0.935547 327.928 527.473 370.562 535.953 366.072 558.527 323.438 550.047
4 0.928711 320.795 553.89 367.343 561.82 363.205 586.11 316.657 578.18
4 0.927734 414.11 152.992 457.366 160.703 453.39 183.008 410.134 175.297
2 0.917969 204.668 207.911 286.383 230.39 278.832 257.839 197.117 235.36
3 0.916992 163.319 514.227 216.22 526.106 210.681 550.773 157.78 538.894
4 0.916016 442.097 27.7111 485.758 35.9789 481.403 58.9764 437.742 50.7086
3 0.915039 137.757 541.243 207.004 556.347 201.243 582.757 131.996 567.653
0 0.912109 401.822 185.022 457.469 193.451 453.678 218.478 398.031 210.049
4 0.911133 434.961 58.6194 481.273 67.8313 476.539 91.6306 430.227 82.4187
3 0.908203 171.186 479.918 227.085 490.237 222.314 516.082 166.415 505.763
2 0.900391 117.901 315.914 257.303 348.343 250.849 376.086 111.447 343.657
3 0.896484 127.675 573.4 198.683 587.072 193.575 613.6 122.567 599.928
2 0.893555 217.591 115.667 300.828 132.888 295.409 159.083 212.172 141.862
2 0.888672 100.602 227.597 277.279 263.304 271.398 292.403 94.7206 256.696
2 0.888672 0.81525 109.191 73.0007 121.261 67.9348 151.559 -4.25068 139.489
2 0.876953 92.8047 267.467 278.119 312.679 271.445 340.033 86.131 294.821
3 0.857422 118.2 605.977 186.643 617.313 182.55 642.023 114.107 630.687
3 0.853027 169.726 361.82 249.607 378.603 244.024 405.18 164.143 388.397
2 0.845703 3.56928 56.1406 96.5273 70.5131 91.6807 101.859 -1.27726 87.4869
2 0.819336 238.722 53.4942 325.369 72.1154 319.778 98.1308 233.131 79.5096
2 0.810547 -7.82026 198.653 -0.164029 169.695 21.2109 175.347 13.5547 204.305
3 0.791992 185.639 396.731 244.953 410.146 239.611 433.769 180.297 420.354
4 0.786133 400.85 184.514 457.772 192.423 454.15 218.486 397.228 210.577
3 0.731934 -7.05332 328.055 2.55205 303.491 20.3346 310.445 10.7292 335.009
3 0.394043 111.444 633.286 145.129 633.699 145.056 639.714 111.371 639.301
