4 0.948242 434.522 131.195 477.026 141.565 471.478 164.305 428.974 153.935
2 0.947266 299.089 578.747 359.988 594.001 352.911 622.253 292.012 606.999
4 0.947266 334.164 450.714 378.359 460.425 373.336 483.286 329.141 473.575
4 0.946289 351.196 395.137 395.766 406.519 389.804 429.863 345.234 418.481
4 0.943359 343.398 422.941 386.969 433.148 381.602 456.059 338.031 445.852
0 0.943359 410.931 191.463 466.587 202.711 461.569 227.537 405.913 216.289
4 0.941406 425.576 159.939 468.264 170.077 462.924 192.561 420.236 182.423
4 0.94043 313.646 527.121 355.857 538.385 349.854 560.879 307.643 549.615
4 0.938477 327.408 477.606 372.411 487.133 367.592 509.894 322.589 500.367
2 0.935547 401.37 228.48 462.555 245.817 455.13 272.02 393.945 254.683
2 0.925781 212.65 202.62 292.105 227.256 283.85 253.88 204.395 229.244
4 0.925781 305.076 553.519 350.224 564.388 344.424 588.481 299.276 577.612
3 0.924805 123.148 528.292 187.726 546.377 180.352 572.708 115.774 554.623
4 0.923828 461.029 36.9852 504.872 47.3973 499.471 70.1398 455.628 59.7277
3 0.916016 158.592 469.43 216.149 482.82 210.158 508.57 152.601 495.18
3 0.914062 150.593 501.836 202.2 517.838 194.657 542.164 143.05 526.162
2 0.90918 120.578 301.908 255.518 341.489 247.422 369.092 112.482 329.511
4 0.908203 411.131 191.289 466.153 202.673 460.869 228.211 405.847 216.827
4 0.907227 451.924 67.5459 498.473 79.13 492.576 102.829 446.027 91.245
3 0.90625 112.583 560.479 179.613 578.366 173.167 602.521 106.137 584.634
2 0.904297 241.29 111.906 318.179 133.311 311.21 158.344 234.321 136.939
2 0.898438 104.201 212.916 285.872 260.799 278.549 288.584 96.8779 240.701
2 0.888672 91.1665 252.819 275.085 303.413 267.583 330.681 83.6654 280.087
3 0.883789 166.702 352.254 247.594 375.578 240.048 401.746 159.156 378.422
2 0.882812 1.30728 83.3457 89.3626 106.554 81.6927 135.654 -6.36258 112.446
3 0.873047 98.5857 589.945 169.277 607.652 163.164 632.055 92.4733 614.348
2 0.864746 260.286 49.372 341.424 71.8259 334.214 97.878 253.076 75.4241
2 0.858887 13.2844 33.5363 116.441 55.0443 109.903 86.4012 6.74649 64.8932
2 0.845215 -4.40337 147.339 28.6848 147.948 28.1377 177.661 -4.9504 177.052
3 0.832031 176.782 384.369 237.972 404.167 230.218 428.131 169.028 408.333
3 0.766602 -10.3478 297.336 9.58431 278.006 24.7697 293.664 4.83756 312.994
3 0.741699 85.191 621.313 156.561 622.189 156.309 642.687 84.9394 641.811
2 0.566895 83.3752 621.415 146.052 620.261 146.5 644.585 83.823 645.739
2 0.419678 -9.07977 292.927 14.579 280.444 24.4079 299.073 0.749146 311.556
