4 0.9375 359.607 445.241 404.694 447.733 403.393 471.259 358.306 468.767
4 0.935547 393.235 142.92 437.597 145.509 436.265 168.33 391.903 165.741
4 0.935547 396.031 112.813 439.631 116.029 437.969 138.562 394.369 135.346
2 0.935547 383.357 214.257 445.793 220.213 443.143 247.993 380.707 242.037
4 0.933594 365.378 387.567 410.673 391.538 408.622 414.933 363.327 410.962
2 0.933594 348.163 576.219 413.907 583.306 410.837 611.781 345.093 604.694
4 0.931641 362.145 416.767 407.497 418.995 406.355 442.233 361.003 440.005
4 0.928711 357.615 472.674 403.682 474.23 402.885 497.826 356.818 496.27
4 0.928711 352.789 523.566 397.281 527.398 395.211 551.434 350.719 547.602
4 0.928711 348.021 550.881 397.195 554.129 395.479 580.119 346.305 576.871
3 0.914062 187.956 531.439 242.385 537.644 239.544 562.561 185.115 556.356
2 0.912109 192.13 224.009 274.656 234.96 270.87 263.491 188.344 252.54
4 0.907227 385.734 175.499 441.287 177.63 440.266 204.251 384.713 202.12
4 0.907227 401.379 46.6543 449.014 50.3885 447.121 74.5332 399.486 70.799
4 0.904297 405.097 13.75 450.629 17.8821 448.403 42.4063 402.871 38.2742
3 0.899414 192.003 497.194 248.524 501.102 246.747 526.806 190.226 522.898
3 0.898438 166.093 560.462 238.114 568.785 234.907 596.538 162.886 588.215
3 0.886719 158.239 593.738 233.771 600.944 231.261 627.262 155.729 620.056
2 0.880859 201.923 129.825 282.319 137.37 279.827 163.925 199.431 156.38
2 0.876953 116.888 338.975 262.851 357.432 259.362 385.025 113.399 366.568
2 0.875977 -0.386215 152.475 51.5724 154.549 50.3862 184.275 -1.57243 182.201
2 0.875 92.3425 254.656 266.537 268.58 264.158 298.344 89.9632 284.42
3 0.874023 175.29 379.195 257.246 389.687 253.71 417.305 171.754 406.813
4 0.861328 451.312 394.409 486.779 397.025 485.188 418.591 449.721 415.975
2 0.857422 88.7202 293.671 277.182 317.796 273.53 346.329 85.0677 322.204
2 0.857422 208.526 65.0796 292.238 72.0298 289.974 99.2954 206.262 92.3452
2 0.854004 2.65672 96.9581 69.6425 101.28 67.5933 133.042 0.607544 128.72
0 0.793945 386.485 175.02 439.382 177.781 438.015 203.98 385.118 201.219
3 0.766602 148.387 627.266 230.324 627.015 230.363 639.734 148.426 639.985
3 0.749023 -6.47714 349.884 18.9918 343.401 23.8834 362.616 -1.58557 369.099
2 0.535156 0.447266 241.391 0.447265 211.359 6.34961 211.359 6.34961 241.391
2 0.512207 -8.00791 215.696 19.1502 230.482 15.9806 236.304 -11.1775 221.518
