4 0.939453 476.996 315.404 488.616 270.864 512.504 277.096 500.884 321.636
4 0.9375 450.15 308.021 462.342 263.536 485.85 269.979 473.658 314.464
2 0.935547 230.649 237.774 246.858 175.893 274.851 183.226 258.642 245.107
4 0.935547 395.048 289.922 408.573 245.335 432.452 252.578 418.927 297.165
4 0.932617 422.936 298.666 435.69 254.015 459.564 260.834 446.81 305.485
4 0.931641 527.421 330.638 539.343 288.316 562.579 294.862 550.657 337.184
2 0.931641 199.066 426.035 228.247 349.336 256.184 359.965 227.003 436.664
4 0.931641 133 202.915 144.564 160.235 168 166.585 156.436 209.265
4 0.927734 161.4 212.48 173.025 168.199 197.1 174.52 185.475 218.801
2 0.915039 576.83 345.968 596.281 284.405 625.17 293.532 605.719 355.095
4 0.912109 69.9007 184.04 82.8953 139.262 105.974 145.96 92.9797 190.738
4 0.911133 39.2748 174.978 51.7299 131.118 75.1627 137.772 62.7076 181.632
2 0.910156 75.8806 634.005 102.591 546.556 133.494 555.995 106.784 643.444
3 0.907227 524.135 521.156 545.991 451.702 571.865 459.844 550.009 529.298
2 0.905273 50.7423 372.521 74.3419 296.408 98.7577 303.979 75.1581 380.092
3 0.902344 466.717 482.867 481.861 427.981 507.783 435.133 492.639 490.019
2 0.902344 587.46 543.58 606.384 474.112 629.54 480.42 610.616 549.888
4 0.898438 552.939 340.516 564.85 295.568 589.061 301.984 577.15 346.932
2 0.897461 108.468 403.622 134.42 318.424 160.532 326.378 134.58 411.576
0 0.895508 192.295 226.299 205.364 171.267 232.455 177.701 219.386 232.733
2 0.893555 207.669 529.177 264.289 358.445 295.581 368.823 238.961 539.555
3 0.892578 348.528 471.193 373.046 394.517 398.972 402.807 374.454 479.483
3 0.892578 500.859 493.331 515.128 442.19 540.141 449.169 525.872 500.31
2 0.886719 551.992 340.241 565.225 293.711 590.008 300.759 576.775 347.289
4 0.885742 420.286 206.792 431.119 175.026 450.714 181.708 439.881 213.474
2 0.880859 281.902 453.763 307.469 368.775 335.598 377.237 310.031 462.225
2 0.879883 297.814 517.906 343.865 380.281 374.686 390.594 328.635 528.219
2 0.854004 191.346 225.849 205.323 170.944 232.654 177.901 218.677 232.806
3 0.845215 384.535 463.533 402.637 406.394 424.965 413.467 406.863 470.606
3 0.84375 554.093 538.707 574.501 464.072 600.907 471.293 580.499 545.928
2 0.842285 617.973 557.323 624.417 486.616 647.027 488.677 640.583 559.384
2 0.830078 238.232 553.194 308.312 361.743 341.268 373.806 271.188 565.257
3 0.789062 276.152 622.02 304.949 622.152 304.848 643.98 276.051 643.848
2 0.782715 557.448 534.138 578.036 464.688 600.552 471.362 579.964 540.812
4 0.625 192.843 227.175 205.623 171.659 232.407 177.825 219.627 233.341
