4 0.94043 381.596 434.768 426.726 432.481 427.904 455.732 382.774 458.019
4 0.93457 376.998 378.22 421.601 375.479 423.002 398.28 378.399 401.021
4 0.93457 378.8 406.13 424.387 403.61 425.7 427.37 380.113 429.89
4 0.931641 389.065 514.07 432.298 512.876 432.935 535.93 389.702 537.124
4 0.931641 384.107 463.072 429.556 459.439 431.393 482.428 385.944 486.061
0 0.929688 359.824 165.855 414.556 160.125 417.176 185.145 362.444 190.875
2 0.927734 394.156 568.034 457.669 566.475 458.344 593.966 394.831 595.525
4 0.923828 388.856 542.583 436.673 538.761 438.644 563.417 390.827 567.239
2 0.920898 364.018 203.55 428.044 201.388 428.982 229.2 364.956 231.362
4 0.919922 358.975 101.886 402.928 98.7796 404.525 121.364 360.572 124.47
4 0.914062 361.718 132.087 405.599 128.85 407.282 151.663 363.401 154.9
3 0.907227 227.236 550.233 280.242 548.607 281.014 573.767 228.008 575.393
3 0.904297 224.416 515.316 281.031 510.966 283.084 537.684 226.469 542.034
2 0.896484 177.675 247.469 259.199 244.967 260.075 273.531 178.551 276.033
4 0.895508 353.608 35.8186 399.206 33.5084 400.392 56.9314 354.794 59.2416
4 0.894531 352.226 4.24917 395.478 2.65611 396.274 24.2665 353.022 25.8595
3 0.888672 211.399 583.233 282.101 580.629 283.101 607.767 212.399 610.371
2 0.876953 86.8655 291.291 262.548 286.439 263.385 316.709 87.7015 321.561
2 0.875 80.9859 332.53 270.897 326.702 271.764 354.97 81.8535 360.798
2 0.861328 171.528 151.986 251.114 147.954 252.472 174.764 172.886 178.796
3 0.858398 186.771 402.816 270.268 397.172 272.229 426.184 188.732 431.828
2 0.856445 123.234 371.8 267.777 366.92 268.766 396.2 124.223 401.08
3 0.828613 215.263 615.976 286.999 614.545 287.487 639.024 215.751 640.455
2 0.774414 -1.31876 208.096 29.2073 207.534 29.725 235.654 -0.801069 236.216
4 0.755371 360.258 165.945 414.923 159.883 417.742 185.305 363.077 191.367
4 0.712891 446.244 -2.34723 471.023 -2.65134 471.256 16.3004 446.477 16.6045
4 0.689941 -2.27334 209.218 28.4997 207.659 29.8358 234.032 -0.937191 235.591
0 0.648438 445.515 -1.40288 472.405 -1.52663 472.485 15.9107 445.595 16.0344
