4 0.948242 418.01 405.308 459.576 387.904 468.49 409.192 426.924 426.596
4 0.947266 406.22 378.841 448.026 361.525 456.78 382.659 414.974 399.975
4 0.946289 393.997 353.004 435.874 336.108 444.503 357.496 402.626 374.392
4 0.943359 431.05 429.756 471.852 412.154 480.95 433.244 440.148 450.846
4 0.938477 291.119 128.983 331.588 110.933 340.881 131.767 300.412 149.817
4 0.9375 453.045 476.791 494.381 460.48 502.955 482.209 461.619 498.52
2 0.935547 318.543 195.157 379.299 171.021 389.457 196.593 328.701 220.729
4 0.933594 278.111 101.205 319.685 84.3943 328.389 105.92 286.815 122.731
2 0.931641 477.21 522.245 538.46 500.488 547.79 526.755 486.54 548.512
3 0.928711 301.897 536.194 352.79 513.588 363.103 536.806 312.21 559.412
3 0.927734 316.109 567.506 369.482 546.541 378.891 570.494 325.518 591.459
4 0.924805 248.72 41.2265 293.222 24.5291 301.78 47.336 257.278 64.0334
4 0.923828 236.34 12.4582 278.008 -2.34277 285.66 19.198 243.992 33.999
4 0.921875 463.44 501.895 507.371 483.262 517.06 506.105 473.129 524.738
2 0.921875 159.663 301.857 237.517 274 247.587 302.143 169.733 330
0 0.914062 301.709 161.236 351.892 136.313 363.291 159.264 313.108 184.187
3 0.911133 314.244 601.594 383.271 576.896 392.756 603.406 323.729 628.104
2 0.907227 85.5234 380.714 255.322 308.543 266.477 334.786 96.6779 406.957
2 0.904297 95.2448 156.391 170.903 123.339 181.505 147.609 105.847 180.661
4 0.897461 472.006 313.211 504.497 303.409 510.494 323.289 478.003 333.091
2 0.882812 162.217 436.813 289.863 380.232 302.033 407.687 174.387 464.268
3 0.880859 228.209 445.759 302.777 411.949 313.791 436.241 239.223 470.051
2 0.876953 106.995 222.009 195.684 183.346 206.755 208.741 118.066 247.404
2 0.874023 105.779 420.021 287.969 340.596 299.471 366.979 117.281 446.404
2 0.87207 217.055 417.946 289.768 381.972 300.445 403.554 227.732 439.528
3 0.870117 329.692 622.078 400.842 614.409 403.808 641.922 332.658 649.591
3 0.845703 263.063 464.127 315.611 441.17 324.437 461.373 271.889 484.33
4 0.810059 232.444 -2.169 262.152 -2.98948 262.556 11.6456 232.848 12.466
2 0.803711 463.681 501.637 509.923 483.8 518.819 506.863 472.577 524.7
2 0.722168 301.388 159.402 353.491 136.831 364.112 161.348 312.009 183.919
2 0.601562 12.55 318.421 19.8792 348.461 0.950035 353.079 -6.37918 323.039
