4 0.949219 393.393 283.049 402.725 238.548 426.107 243.451 416.775 287.952
4 0.9375 420.367 289.589 429.532 244.511 453.633 249.411 444.468 294.489
2 0.935547 223.786 245.194 235.561 183.208 263.714 188.556 251.939 250.542
4 0.933594 449.268 296.853 457.525 251.346 481.232 255.647 472.975 301.154
4 0.932617 123.651 219.909 132.186 175.949 156.099 180.591 147.564 224.551
4 0.928711 475.539 301.578 483.33 255.736 507.961 259.922 500.17 305.764
4 0.923828 152.178 226.263 161.022 181.758 184.822 186.487 175.978 230.992
2 0.920898 207.895 436.407 232.05 355.042 260.855 363.593 236.7 444.958
4 0.918945 527.102 312.065 536.418 269.318 559.898 274.435 550.582 317.182
2 0.917969 578.866 322.76 593.993 260.863 622.134 267.74 607.007 329.637
3 0.912109 479.871 469.231 490.335 414.09 517.629 419.269 507.165 474.41
4 0.90918 28.2423 198.879 36.6062 155.394 59.8827 159.871 51.5188 203.356
4 0.908203 58.129 205.714 68.0074 160.467 92.371 165.786 82.4926 211.033
3 0.904297 361.365 467.508 381.458 391.688 407.135 398.492 387.042 474.312
4 0.898438 552.806 320.614 561.414 274.282 586.194 278.886 577.586 325.218
3 0.898438 540.445 501.536 556.144 429.029 583.555 434.964 567.856 507.471
2 0.895508 551.778 320.195 562.081 272.387 587.222 277.805 576.919 325.613
2 0.894531 56.0444 401.223 71.7876 316.485 97.5806 321.277 81.8374 406.015
2 0.893555 119.061 415.025 135.125 335.697 161.189 340.975 145.125 420.303
4 0.892578 410.194 198.835 417.499 165.373 438.306 169.915 431.001 203.377
3 0.890625 513.73 477.387 524.648 422.334 551.27 427.613 540.352 482.666
0 0.888672 184.812 237.806 192.58 182.095 220.188 185.944 212.42 241.655
2 0.883789 226.763 539.67 268.276 364.266 300.237 371.83 258.724 547.234
2 0.883789 108.861 638.072 122.841 565.913 153.889 571.928 139.909 644.087
3 0.861328 395.824 457.937 408.74 398.832 432.676 404.063 419.76 463.168
3 0.856445 571.042 519.681 586.553 441.39 613.958 446.819 598.447 525.11
2 0.845703 258.932 560.451 312.755 358.759 347.568 368.049 293.745 569.741
2 0.832031 313.935 521.225 346.619 380.727 379.065 388.275 346.381 528.773
2 0.827637 241.709 550.663 293.006 356.189 325.791 364.837 274.494 559.311
2 0.792969 173.023 621.242 203.294 622.031 202.727 643.758 172.456 642.969
3 0.77832 304.398 622.997 334.047 623.68 333.602 643.003 303.953 642.32
2 0.688965 607.51 523.196 616.528 449.622 642.49 452.804 633.472 526.378
3 0.666016 607.979 524.371 615.727 448.83 643.021 451.629 635.273 527.17
2 0.585449 184.998 237.468 193.74 182.598 220.002 186.782 211.26 241.652
2 0.575684 571.302 519.913 588.162 441.39 614.698 447.087 597.838 525.61
3 0.464355 313.238 518.035 347.086 380.9 379.762 388.965 345.914 526.1
