4 0.949219 398.971 340.661 436.155 316.103 448.529 334.839 411.345 359.397
4 0.948242 415.061 363.769 452.814 338.711 465.439 357.731 427.686 382.789
4 0.947266 432.053 388.051 468.918 362.299 481.947 380.949 445.082 406.701
2 0.945312 510.328 492.704 565.962 460.565 579.672 484.296 524.038 516.435
2 0.943359 297.369 197.864 351.882 162.578 367.131 186.136 312.618 221.422
4 0.94043 478.703 450.62 516.267 427.948 528.297 447.88 490.733 470.552
2 0.94043 160.378 330.149 231.096 290.016 244.622 313.851 173.904 353.984
4 0.939453 240.361 112.188 277.688 87.9041 290.639 107.812 253.312 132.096
4 0.939453 257.694 137.919 293.78 111.455 307.806 130.581 271.72 157.045
4 0.9375 448.811 408.948 485.776 383.67 498.689 402.552 461.724 427.83
3 0.928711 359.264 563.96 405.486 537.021 417.736 558.04 371.514 584.979
4 0.928711 493.261 474.369 532.703 448.924 545.739 469.131 506.297 494.576
4 0.927734 183.76 33.2937 221.713 9.585 233.99 29.2375 196.037 52.9463
3 0.925781 338.84 535.875 385.693 505.547 399.66 527.125 352.807 557.453
2 0.918945 97.6499 420.276 259.661 319.589 274.35 343.224 112.339 443.911
4 0.917969 201.453 58.8366 240.787 33.8018 253.547 53.8509 214.213 78.8857
2 0.916992 71.9377 197.611 138.862 153.779 152.687 174.889 85.7635 218.721
3 0.916016 362.971 599.421 426.163 562.005 439.529 584.579 376.337 621.995
2 0.897461 77.5088 274.136 173.284 204.461 190.491 228.114 94.716 297.789
3 0.893555 252.673 458.392 318.3 412.097 333.827 434.108 268.2 480.403
4 0.892578 469.763 288.055 498.037 272.607 507.237 289.445 478.963 304.893
2 0.890625 120.753 455.619 283.097 351.941 297.747 374.881 135.403 478.559
3 0.882812 380.929 621.532 446.624 593.311 456.571 616.468 390.876 644.689
0 0.869141 274.402 167.905 319.392 132.906 335.098 153.095 290.108 188.094
3 0.849609 85.1172 547.469 116.749 537.741 123.758 560.531 92.1261 570.259
2 0.830078 235.568 435.059 300.867 386.396 315.432 405.941 250.133 454.604
4 0.81543 107.019 17.6924 145.598 -5.9566 158.231 14.6514 119.652 38.3004
2 0.814453 274.035 167.882 318.7 133.026 334.965 153.868 290.3 188.724
3 0.776367 429.836 624.918 472.495 620.319 475.164 645.082 432.505 649.681
2 0.708984 492.485 474.059 531.212 448.097 544.515 467.941 505.788 493.903
2 0.665527 -14.1079 387.29 18.6222 375.523 28.7563 403.71 -3.97374 415.477
2 0.606445 381.612 620.621 447.424 595.871 455.888 618.379 390.076 643.129
3 0.586914 238.622 436.106 302.805 389.939 317.878 410.894 253.695 457.061
3 0.438965 -13.1356 388.564 18.3608 376.526 28.0731 401.936 -3.42329 413.974
