4 0.951172 430.866 389.575 468.384 365.126 480.634 383.925 443.116 408.374
4 0.949219 414.516 365.559 452.292 341.106 464.484 359.941 426.708 384.394
4 0.948242 398.787 341.94 436.728 318.036 448.713 337.06 410.772 360.964
4 0.945312 447.695 411.958 483.779 386.834 496.805 405.542 460.721 430.666
4 0.943359 244.038 110.537 281.728 87.472 293.962 107.463 256.272 130.528
2 0.943359 299.38 197.323 355.375 163.703 369.62 187.427 313.625 221.047
4 0.942383 475.925 453.326 514.685 431.211 526.075 451.174 487.315 473.289
4 0.941406 490.654 477.698 530.529 452.233 543.346 472.302 503.471 497.767
2 0.939453 160.309 328.213 231.555 287.491 245.441 311.787 174.195 352.509
4 0.933594 260.779 136.245 298.796 111.304 311.721 131.005 273.704 155.946
2 0.933594 507.986 495.111 564.659 464.314 578.013 488.889 521.341 519.686
3 0.932617 335.674 535.802 383.031 506.622 396.326 528.198 348.969 557.378
4 0.927734 188.51 31.5609 225.527 7.03191 238.49 26.5953 201.473 51.1243
3 0.926758 356.938 600.827 421.514 564.18 434.562 587.173 369.986 623.82
3 0.926758 354.715 565.356 402.789 538.317 414.785 559.644 366.711 586.683
0 0.921875 277.436 166.032 323.247 133.715 338.064 154.718 292.253 187.035
3 0.921875 377.296 620.519 441.548 596.411 450.204 619.481 385.952 643.589
2 0.916016 73.6462 192.702 141.883 150.944 155.104 172.548 86.8669 214.306
2 0.912109 99.3844 415.696 258.407 316.358 273.366 340.304 114.343 439.642
4 0.912109 205.989 56.0931 247.029 32.3009 259.011 52.9694 217.971 76.7616
4 0.898438 469.771 290.593 498.434 274.239 508.229 291.407 479.566 307.761
2 0.893555 79.0032 269.849 174.764 202.845 191.247 226.401 95.4855 293.405
3 0.890625 249.714 454.588 315.848 411.49 330.786 434.412 264.652 477.51
2 0.886719 182.248 461.37 300.379 384.389 316.502 409.13 198.371 486.111
2 0.871582 234.404 433.113 299.5 386.289 313.596 405.887 248.5 452.711
2 0.842773 119.174 450.456 268.693 361.46 283.326 386.044 133.807 475.04
3 0.819824 287.055 470.484 335.251 440.94 346.945 460.016 298.749 489.56
3 0.804688 429.432 622.747 468.273 622.27 468.568 646.253 429.727 646.73
4 0.791016 115.644 7.77016 154.733 -5.20958 162.356 17.7455 123.267 30.7252
2 0.697266 0.705218 441.085 29.1823 457.448 15.1229 481.915 -13.3541 465.552
2 0.683105 276.241 164.421 322.473 132.598 337.259 154.079 291.027 185.902
2 0.556641 -9.45893 376.221 23.7959 374.894 24.8886 402.279 -8.36617 403.606
3 0.536621 -11.5681 377.679 23.2967 373.162 26.8806 400.821 -7.9842 405.338
4 0.492188 276.978 165.861 322.818 133.26 338.022 154.639 292.182 187.24
