4 0.951172 435.224 380.337 471.053 354.69 484.276 373.163 448.447 398.81
0 0.948242 266.35 170.481 308.858 133.642 325.65 153.019 283.142 189.858
4 0.948242 417.378 358.472 453.232 331.538 467.122 350.028 431.268 376.962
4 0.946289 399.754 336.46 435.716 309.099 449.746 327.54 413.784 354.901
4 0.945312 453.274 402.86 488.152 374.326 502.726 392.14 467.848 420.674
4 0.945312 229.398 116.967 265.141 90.4581 279.102 109.283 243.359 135.792
2 0.945312 291.038 200.444 343.866 160.569 360.462 182.556 307.634 222.431
2 0.943359 161.397 337.877 230.708 294.061 245.603 317.623 176.292 361.439
4 0.9375 484.912 443.327 520.369 417.115 534.088 435.673 498.631 461.885
4 0.93457 501.014 464.673 538.696 437.215 552.986 456.827 515.304 484.285
2 0.932617 519.315 481.549 573.623 446.866 588.685 470.451 534.377 505.134
4 0.931641 248.296 140.94 283.573 112.75 298.204 131.06 262.927 159.25
3 0.928711 371.54 562.054 418.805 531.098 432.46 551.946 385.195 582.902
3 0.928711 350.419 535.16 396.587 500.312 412.081 520.84 365.913 555.688
2 0.925781 108.301 428.856 254.217 324.745 270.199 347.144 124.283 451.255
4 0.925781 169.511 41.2036 204.106 15.2987 217.489 33.1714 182.894 59.0763
4 0.919922 187.877 65.1289 227.279 38.7136 240.373 58.2461 200.971 84.6614
3 0.918945 376.286 597.175 439.016 554.49 454.214 576.825 391.484 619.51
2 0.90625 67.949 287.722 166.925 213.962 184.301 237.278 85.3245 311.038
4 0.905273 467.245 280.766 494.557 261.966 505.755 278.234 478.443 297.034
3 0.89502 392.881 622.153 458.64 584.3 471.619 606.847 405.86 644.7
2 0.892578 46.0459 229.06 130.589 160.756 147.704 181.94 63.1612 250.244
3 0.884766 258.255 460.9 322.019 413 338.245 434.6 274.481 482.5
2 0.883789 189.263 473.704 302.845 382.37 322.487 406.796 208.905 498.13
3 0.867188 434.827 625.185 487.788 615.828 491.673 637.815 438.712 647.172
3 0.863281 294.9 474.638 342.111 438.889 356.1 457.362 308.889 493.111
2 0.818359 243.404 437.609 303.499 387.201 319.596 406.391 259.501 456.799
4 0.746094 95.4091 29.9802 123.042 0.371162 141.216 17.3323 113.583 46.9413
3 0.720215 -11.2245 426.393 5.50168 389.2 29.7557 400.107 13.0296 437.3
2 0.709473 -10.8792 429.381 1.53095 389.518 29.1605 398.119 16.7503 437.982
2 0.689941 -9.17576 507.743 -2.25283 461.287 31.0976 466.257 24.1747 512.713
3 0.523926 482.361 629.689 504.281 629.992 504.139 640.311 482.219 640.008
2 0.467773 483.156 629.8 502.812 629.739 502.844 640.2 483.188 640.261
