4 0.952148 423.585 340.221 452.746 305.457 470.415 320.279 441.254 355.043
4 0.951172 445.1 359.778 473.858 324.156 491.9 338.722 463.142 374.344
4 0.943359 402.212 320.86 431.267 287.072 448.788 302.14 419.733 335.928
2 0.94043 268.683 208.007 310.697 159.15 332.317 177.743 290.303 226.6
4 0.94043 466.77 376.555 495.443 340.785 513.73 355.445 485.057 391.215
2 0.939453 166.545 369.313 226.532 310.781 245.955 330.687 185.968 389.219
2 0.9375 546.94 440.796 592.536 396.916 612.06 417.204 566.464 461.084
4 0.935547 192.923 137.609 222.396 104.94 240.077 120.891 210.604 153.56
4 0.93457 119.282 77.0111 146.07 42.0266 164.468 56.1139 137.68 91.0984
4 0.932617 215.728 158.983 244.33 123.076 262.772 137.767 234.17 173.674
2 0.931641 130.652 469.542 259.953 332.896 280.098 351.958 150.797 488.604
2 0.928711 476.741 626.563 528.789 572.563 545.259 588.437 493.211 642.437
4 0.928711 505.773 409.348 535.632 376.606 553.227 392.652 523.368 425.394
3 0.928711 418.095 548.958 454.51 506.743 473.405 523.042 436.99 565.257
3 0.924805 391.845 526.303 428.045 482.193 448.155 498.697 411.955 542.807
4 0.923828 525.845 428.326 556.006 393.47 574.155 409.174 543.994 444.03
4 0.918945 142.342 96.4534 172.401 61.7152 190.408 77.2966 160.349 112.035
2 0.914062 50.272 264.374 103.336 202.186 122.603 218.626 69.5392 280.814
0 0.914062 238.457 184.287 272.868 138.259 294.543 154.463 260.132 200.491
2 0.912109 71.1045 335.976 152.033 245.017 173.395 264.024 92.4669 354.983
2 0.912109 501.27 626.332 562.918 600.575 571.73 621.668 510.082 647.425
4 0.901367 457.339 252.005 482.272 230.53 495.161 245.495 470.228 266.97
3 0.898438 287.698 470.581 339.179 410.248 359.302 427.419 307.821 487.752
2 0.897461 224.454 492.17 314.179 388.476 336.546 407.83 246.821 511.524
2 0.882812 237.84 184.094 273.361 138.362 294.66 154.906 259.139 200.638
3 0.882812 430.434 583.046 478.956 528.172 499.066 545.954 450.544 600.828
2 0.863281 -9.66162 520.326 13.719 443.885 45.7241 453.674 22.3435 530.115
3 0.855469 323.09 476.739 362.98 433.267 380.41 449.261 340.52 492.733
3 0.806641 148.529 589.52 181.657 583.405 186.471 609.48 153.343 615.595
4 0.794434 179.686 -5.06074 209.123 -4.97042 209.064 14.1232 179.627 14.0329
2 0.701172 10.323 405.186 26.8761 437.822 8.16141 447.314 -8.39176 414.678
2 0.593262 178.651 -3.15761 210.036 -2.00163 209.349 16.642 177.964 15.486
2 0.579102 429.193 583.578 476.797 528.648 497.307 546.422 449.703 601.352
