4 0.9375 392.804 111.352 436.429 113.697 435.196 136.648 391.571 134.303
2 0.9375 353.479 576.057 418.395 582.651 415.521 610.943 350.605 604.349
4 0.935547 361.894 444.47 406.515 446.251 405.606 469.03 360.985 467.249
4 0.93457 364.736 415.525 409.873 417.673 408.764 440.975 363.627 438.827
4 0.931641 367.044 387.045 412.035 390.086 410.456 413.455 365.465 410.414
4 0.929688 352.255 550.325 400.236 553.125 398.745 578.675 350.764 575.875
4 0.928711 360.339 471.837 405.731 472.951 405.161 496.163 359.769 495.049
2 0.927734 381.086 213.546 444.15 218.781 441.914 245.704 378.85 240.469
4 0.926758 390.71 141.501 434.132 144.102 432.79 166.499 389.368 163.898
4 0.923828 356.834 523.173 400.466 527.471 398.166 550.827 354.534 546.529
2 0.908203 191.276 225.717 273.016 235.926 269.474 264.283 187.734 254.074
3 0.900391 169.934 563.804 239.369 570.427 236.816 597.196 167.381 590.573
0 0.893555 382.963 174.12 437.814 175.719 437.037 202.38 382.186 200.781
3 0.892578 194.77 499.458 251.363 501.369 250.48 527.542 193.887 525.631
3 0.889648 191.803 534.238 246.765 539.226 244.447 564.762 189.485 559.774
4 0.889648 396.928 44.6685 445.359 48.241 443.572 72.4565 395.141 68.884
2 0.879883 89.0436 256.86 271.541 272.012 268.956 303.14 86.4593 287.988
4 0.87793 383.987 174.34 438.981 176.365 438.013 202.66 383.019 200.635
2 0.87793 117.168 341.667 262.725 358.261 259.582 385.833 114.025 369.239
3 0.87793 166.792 598.046 238.705 601.579 237.458 626.954 165.545 623.421
2 0.869141 -0.158047 157.737 49.2583 160.013 47.8768 190.013 -1.53958 187.737
4 0.867188 399.952 12.5317 444.313 16.7635 442.048 40.4995 397.687 36.2677
3 0.866211 178.041 382.131 260.168 390.602 257.459 416.869 175.332 408.398
2 0.861328 94.5081 299.528 275.49 318.756 272.492 346.972 91.5104 327.744
2 0.858887 193.604 130.94 277.617 138.045 275.396 164.31 191.383 157.205
2 0.848633 207.398 66.8289 288.949 74.1038 286.602 100.421 205.051 93.1462
3 0.773926 -5.10142 352.772 20.9929 349.391 23.7577 370.728 -2.3367 374.109
3 0.729004 158.486 628.975 228.298 629.189 228.264 640.025 158.452 639.811
