4 0.949219 427.445 433.568 468.88 416.665 477.555 437.932 436.12 454.835
4 0.949219 403.931 381.932 445.885 366.007 454.069 387.568 412.115 403.493
4 0.946289 415.24 408.952 456.749 392.315 465.26 413.548 423.751 430.185
4 0.943359 457.999 506.966 501.71 489.95 510.501 512.534 466.79 529.55
2 0.941406 323.682 194.34 384.737 172.969 393.818 198.91 332.763 220.281
4 0.94043 392.654 356.182 434.447 339.839 442.846 361.318 401.053 377.661
4 0.938477 296.98 128.378 338.885 111.47 347.52 132.872 305.615 149.78
4 0.9375 285.332 99.9933 327.171 83.8543 335.668 105.882 293.829 122.021
4 0.93457 448.387 480.793 489.174 466.691 496.613 488.207 455.826 502.309
2 0.929688 469.771 528.212 530.931 508.733 539.229 534.788 478.069 554.267
2 0.926758 161.811 296.887 240.474 269.826 249.689 296.613 171.026 323.674
3 0.921875 306.798 567.159 361.409 548.091 369.702 571.841 315.091 590.909
3 0.921875 304.056 601.76 372.491 579.384 380.944 605.24 312.509 627.616
4 0.920898 257.861 39.1195 302.765 23.8253 310.639 46.943 265.735 62.2372
3 0.912109 293.602 536.482 346.237 514.443 355.898 537.518 303.263 559.557
4 0.90625 246.005 7.62997 291.754 -2.86474 296.995 19.9794 251.246 30.4741
2 0.905273 83.6854 371.717 256.575 307.301 266.815 334.783 93.9249 399.199
0 0.89502 307.194 160.608 358.73 137.527 369.306 161.142 317.77 184.223
3 0.892578 223.95 439.565 299.139 411.878 308.55 437.435 233.361 465.122
4 0.890625 472.526 318.878 504.457 309.058 510.474 328.622 478.543 338.442
2 0.883789 94.1502 410.188 281.883 346.087 291.35 373.812 103.617 437.913
3 0.883789 318.463 624.022 391.346 618.083 393.537 644.978 320.654 650.917
2 0.876953 153.276 430.461 287.474 382.907 297.974 412.539 163.776 460.093
2 0.856445 92.0105 153.477 178.518 118.496 188.739 143.773 102.232 178.754
2 0.855469 111.575 213.956 197.819 182.649 206.675 207.044 120.431 238.351
3 0.724121 252.89 463.708 310.807 441.06 319.11 462.292 261.193 484.94
2 0.716797 307.52 159.947 361.169 137.095 371.48 161.303 317.831 184.155
3 0.526367 14.0685 307.67 16.0385 339.734 -1.8029 340.83 -3.77283 308.766
