4 0.949219 451.15 511.852 495.645 496.047 503.85 519.148 459.355 534.953
4 0.948242 402.317 384.715 444.13 370.33 451.683 392.285 409.87 406.67
4 0.948242 412.043 411.819 454.522 397.35 461.957 419.181 419.478 433.65
4 0.946289 391.467 358.89 433.917 343.958 441.533 365.61 399.083 380.542
4 0.943359 423.423 437.118 465.87 421.894 473.577 443.382 431.13 458.606
2 0.939453 327.459 195.495 389.831 174.89 398.541 201.255 336.169 221.86
2 0.939453 462.757 534.278 524.286 515.562 532.243 541.722 470.714 560.438
4 0.9375 441.945 485.138 484.996 471.718 492.055 494.362 449.004 507.782
0 0.9375 312.676 160.21 365.309 138.739 375.324 163.29 322.691 184.761
4 0.935547 304.165 127.757 345.794 112.211 353.835 133.743 312.206 149.289
4 0.933594 293.153 99.1983 335.27 84.637 342.847 106.552 300.73 121.113
3 0.927734 286.59 534.64 339.699 515.361 348.41 539.36 295.301 558.639
3 0.923828 298.927 566.31 353.698 549.97 361.073 574.69 306.302 591.03
4 0.918945 268.826 37.7497 312.4 23.503 319.674 45.7503 276.1 59.997
2 0.918945 162.473 291.327 240.726 267.458 249.027 294.673 170.774 318.542
3 0.90625 293.964 602.229 364 581.86 371.536 607.771 301.5 628.14
2 0.900391 92.849 402.607 279.34 344.784 287.901 372.393 101.41 430.216
2 0.898438 81.2772 362.924 259.315 305.317 267.973 332.076 89.9355 389.683
4 0.898438 257.091 4.35267 302.585 -3.25394 306.409 19.6161 260.915 27.2227
3 0.892578 220.593 436.184 295.769 410.515 304.407 435.816 229.231 461.485
4 0.890625 471.683 323.777 504.808 314.829 510.317 335.223 477.192 344.171
2 0.885742 149.669 428.045 285.599 379.761 295.081 406.455 159.151 454.739
2 0.880859 106.661 141.041 185.527 114.382 194.089 139.709 115.223 166.368
2 0.871582 124.796 202.227 204.691 177.321 212.704 203.023 132.809 227.929
3 0.870117 36.4533 486.853 68.8898 479.543 73.9842 502.147 41.5477 509.457
3 0.869141 306.977 623.915 379.733 618.773 381.523 644.085 308.767 649.227
3 0.819824 250.886 460.218 307.202 440.068 314.614 460.782 258.298 480.932
2 0.671387 311.948 158.952 366.661 139.517 375.552 164.548 320.839 183.983
4 0.671387 258.334 -0.427755 279.784 -0.098681 279.666 7.61525 258.216 7.28618
3 0.591797 11.4352 296.556 18.8023 325.589 1.64297 329.944 -5.72415 300.911
2 0.384766 14.1967 296.483 16.4771 328.746 -1.50925 330.017 -3.78963 297.754
