2 0.949219 251.247 219.352 281.627 162.881 306.753 176.398 276.373 232.869
4 0.943359 425.577 322.821 447.573 281.746 468.923 293.179 446.927 334.254
4 0.942383 400.39 307.592 423.786 267.696 444.61 279.908 421.214 319.804
4 0.942383 449.623 337.905 471.58 297.128 492.877 308.595 470.92 349.372
4 0.939453 474.604 351.325 495.581 310.281 516.896 321.175 495.919 362.219
4 0.938477 518.569 376.809 540.649 338.281 561.431 350.191 539.351 388.719
2 0.935547 177.424 394.587 225.486 327.225 249.576 344.413 201.514 411.775
4 0.935547 164.005 163.786 185.831 125.258 206.495 136.964 184.669 175.492
4 0.93457 188.447 178.87 211.797 138.947 233.053 151.38 209.703 191.303
3 0.933594 426.339 510.581 454.457 461.431 477.161 474.419 449.043 523.569
2 0.929688 46.394 309.073 86.0922 241.495 108.106 254.427 68.4078 322.005
2 0.926758 566.027 401.577 598.962 348.128 622.973 362.923 590.038 416.372
4 0.925781 79.9765 115.819 100.325 75.9284 121.649 86.8056 101.3 126.697
2 0.919922 161.851 498.165 259.244 343.972 285.149 360.335 187.756 514.528
3 0.917969 456.121 528.737 483.853 481.53 506.379 494.763 478.647 541.97
3 0.912109 474.489 559.884 508.869 499.627 532.511 513.116 498.131 573.373
2 0.912109 551.146 616.302 592.836 546.199 613.854 558.698 572.164 628.801
4 0.911133 105.647 130.334 130.027 90.1145 151.353 103.041 126.973 143.26
4 0.910156 541.823 392.268 564.645 351.252 586.177 363.232 563.355 404.248
2 0.90918 529.22 596.396 567.012 532.847 586.78 544.604 548.988 608.153
2 0.905273 -0.491623 607.81 50.671 488.709 82.0541 502.19 30.8915 621.291
3 0.904297 499.139 585.05 537.796 516.872 560.861 529.95 522.204 598.128
0 0.895508 216.503 200.249 241.917 149.857 265.997 162.001 240.583 212.393
4 0.893555 442.72 230.856 461.923 203.368 478.78 215.144 459.577 242.632
3 0.890625 314.838 475.107 355.812 404.367 379.162 417.893 338.188 488.633
2 0.889648 76.6165 378.836 140.671 276.992 166.383 293.164 102.329 395.008
2 0.888672 256.751 506.926 325.195 387.816 351.749 403.074 283.305 522.184
2 0.885742 98.8566 350.845 139.06 278.589 161.643 291.155 121.44 363.411
2 0.870117 192.972 534.717 293.551 361.992 321.528 378.283 220.949 551.008
2 0.861328 218.387 523.597 318.972 369.375 346.613 387.403 246.028 541.625
3 0.797852 200.105 611.894 234.327 608.045 237.145 633.106 202.923 636.955
4 0.784668 216.77 200.233 241.455 148.96 265.98 160.767 241.295 212.04
3 0.769043 88.5131 -2.73826 120.996 -6.39098 123.987 20.207 91.5041 23.8597
2 0.658203 216.864 199.029 244.175 150.427 267.386 163.471 240.075 212.073
3 0.58252 572.633 629.988 598.352 629.949 598.367 640.012 572.648 640.051
3 0.576172 528.087 599.08 566.849 532.982 588.913 545.92 550.151 612.018
2 0.444336 500.991 581.169 537.435 517.124 558.009 528.831 521.565 592.876
