4 0.935547 419.561 288.501 427.802 242.578 452.439 246.999 444.198 292.922
4 0.93457 475.501 299.377 482.773 253.227 507.499 257.123 500.227 303.273
4 0.929688 392.544 282.759 401.101 236.799 424.956 241.241 416.399 287.201
4 0.925781 122.006 223.277 129.939 179.458 153.494 183.723 145.561 227.542
2 0.925781 222.342 246.725 233.554 184.381 262.158 189.525 250.946 251.869
4 0.924805 448.368 294.968 455.631 249.609 480.132 253.532 472.869 298.891
2 0.920898 578.688 318.764 591.617 256.753 620.312 262.736 607.383 324.747
4 0.914062 527.07 308.857 534.767 265.821 558.93 270.143 551.233 313.179
2 0.914062 212.309 439.025 231.932 358.121 260.191 364.975 240.568 445.879
3 0.911133 542.648 497.284 559.609 425.19 587.352 431.716 570.391 503.81
4 0.910156 150.719 229.658 158.417 184.941 182.531 189.092 174.833 233.809
3 0.908203 363.155 466.769 382.157 390.346 409.845 397.231 390.843 473.654
2 0.907227 59.3507 400.646 72.8429 321.538 98.1493 325.854 84.6571 404.962
4 0.902344 552.941 316.031 561.122 270.034 586.059 274.469 577.878 320.466
4 0.895508 56.0278 209.781 64.8462 164.634 89.5972 169.469 80.7788 214.616
4 0.895508 25.9632 205.108 32.7643 159.709 57.3493 163.392 50.5482 208.791
3 0.89502 482.242 466.647 490.924 411.546 518.258 415.853 509.576 470.954
3 0.892578 516.77 474.239 528.473 419.731 554.23 425.261 542.527 479.769
2 0.889648 120.411 418.351 135.328 339.245 161.339 344.149 146.422 423.255
2 0.885742 182.894 240.305 190.691 184.504 217.106 188.195 209.309 243.996
0 0.880859 183.418 240.629 190.219 184.288 217.832 187.621 211.031 243.962
3 0.879883 573.037 519.272 589.691 437.194 616.963 442.728 600.309 524.806
4 0.876953 408.119 197.025 415.313 164.435 435.881 168.975 428.687 201.565
2 0.875 115.806 638.806 126.643 570.283 157.694 575.194 146.857 643.717
2 0.875 230.405 539.528 269.41 364.573 302.595 371.972 263.59 546.927
2 0.862305 293.871 460.975 315.427 369.03 343.129 375.525 321.573 467.47
2 0.845703 263.527 561.418 311.913 363.754 347.973 372.582 299.587 570.246
2 0.821289 317.921 519.914 346.481 381.071 380.579 388.085 352.019 526.929
3 0.77832 309.091 622.94 338.497 623.076 338.409 642.06 309.003 641.924
3 0.770996 609.327 529.566 617.052 441.341 646.673 443.934 638.948 532.159
2 0.727051 611.027 518.958 617.823 441.255 643.973 443.542 637.177 521.245
3 0.703125 314.043 517.683 344.194 389.301 380.457 397.817 350.306 526.199
