4 0.9375 346.168 525.816 390.405 530.653 387.832 554.184 343.595 549.347
4 0.9375 355.154 446.619 400.198 450.22 398.346 473.381 353.302 469.78
4 0.935547 362.706 389.223 408.087 393.622 405.794 417.277 360.413 412.878
4 0.93457 359.449 418.568 404.034 422.408 402.051 445.432 357.466 441.592
2 0.933594 339.827 578.185 405.068 585.826 401.673 614.815 336.432 607.174
4 0.933594 352.55 473.827 397.841 478.499 395.45 501.673 350.159 497.001
4 0.931641 402.976 115.35 447.779 120.737 445.024 143.65 400.221 138.263
4 0.925781 340.747 552.008 388.709 556.658 386.253 581.992 338.291 577.342
2 0.924805 385.004 216.605 451.028 225.057 447.496 252.645 381.472 244.193
4 0.918945 399.359 145.478 443.627 149.359 441.641 172.022 397.373 168.141
4 0.917969 415.704 17.9687 460.289 22.7747 457.796 45.9063 413.211 41.1003
0 0.917969 390.84 178.606 445.871 182.326 444.16 207.644 389.129 203.924
4 0.915039 411.322 49.6017 457.764 54.6799 455.178 78.3358 408.736 73.2576
3 0.90625 158.298 555.128 226.422 566.089 221.952 593.872 153.828 582.911
3 0.905273 180.328 527.288 233.364 533.83 230.172 559.712 177.136 553.17
2 0.904297 194.587 220.583 277.044 233.332 272.663 261.667 190.206 248.918
2 0.890625 208.511 125.89 288.369 136.986 284.739 163.11 204.881 152.014
3 0.890625 184.729 492.512 242.133 497.544 239.771 524.488 182.367 519.456
4 0.890625 391.057 178.206 446.294 182.11 444.443 208.294 389.206 204.39
2 0.886719 -0.172699 140.368 56.639 144.997 54.2039 174.882 -2.60777 170.253
3 0.886719 156.744 590.216 222.67 598.45 219.506 623.784 153.58 615.55
2 0.880859 116.287 331.522 261.02 352.537 256.963 380.478 112.23 359.463
2 0.870117 92.7438 247.217 275.031 268.282 271.506 298.783 89.2193 277.718
2 0.867188 83.3491 285.626 270.877 311.096 266.901 340.374 79.3726 314.904
3 0.859863 172.835 374.908 255.018 386.07 251.415 412.592 169.232 401.43
2 0.845703 220.422 60.6753 303.313 72.1924 299.578 99.0747 216.687 87.5576
2 0.836914 1.67361 83.8865 77.871 90.6838 74.8889 124.114 -1.30853 117.316
3 0.810547 192.751 406.899 250.869 415.702 247.249 439.601 189.131 430.798
3 0.804688 137.351 620.057 220.787 620.569 220.649 642.943 137.213 642.431
3 0.745605 -7.56145 342.055 16.1586 330.274 24.6865 347.445 0.966374 359.226
3 0.357422 -0.892712 234.275 -0.222523 201.031 9.39271 201.225 8.72252 234.469
4 0.251221 386.036 216.708 450.957 224.918 447.464 252.542 382.543 244.332
