4 0.945312 424.737 310.456 441.771 267.189 464.263 276.044 447.229 319.311
4 0.942383 450.514 321.555 467.279 278.585 489.986 287.445 473.221 330.415
2 0.941406 239.673 228.714 263.024 168.456 290.327 179.036 266.976 239.294
4 0.94043 398.955 298.156 414.945 256.226 437.545 264.844 421.555 306.774
4 0.938477 477.303 331.952 492.155 288.646 515.197 296.548 500.345 339.854
4 0.931641 145.66 184.051 162.626 142.642 185.34 151.949 168.374 193.358
2 0.929688 188.728 412.517 227.124 338.651 252.772 351.983 214.376 425.849
2 0.928711 573.683 372.014 598.845 314.837 625.317 326.486 600.155 383.663
4 0.928711 524.191 351.858 541.924 311.521 563.809 321.142 546.076 361.479
4 0.928711 173.249 197.374 189.795 153.683 212.751 162.376 196.205 206.067
4 0.923828 56.2746 146.67 72.5968 104.065 95.4754 112.83 79.1532 155.435
3 0.921875 480.857 510.473 502.594 457.881 527.143 468.027 505.406 520.619
4 0.919922 84.5401 157.857 103.107 114.543 126.085 124.393 107.518 167.707
3 0.917969 501.424 541.502 531.051 472.533 556.576 483.498 526.949 552.467
2 0.917969 46.8277 345.912 76.9389 270.111 100.797 279.588 70.6861 355.389
3 0.915039 448.756 497.216 469.635 443.943 494.744 453.784 473.865 507.057
4 0.912109 549.482 365.873 565.782 321.423 589.518 330.127 573.218 374.577
2 0.908203 187.36 512.555 261.378 352.739 289.89 365.945 215.872 525.761
3 0.90625 333.584 472.463 366.632 401.466 390.416 412.537 357.368 483.534
2 0.904297 29.9339 630.799 79.2132 520.767 111.441 535.201 62.1618 645.233
0 0.898438 202.394 214.164 220.506 159.163 247.606 168.086 229.494 223.087
4 0.892578 431.473 217.083 445.529 186.674 465.527 195.917 451.471 226.326
2 0.890625 278.745 512.077 332.191 385.253 362.255 397.923 308.809 524.747
2 0.888672 557.227 577.177 590.108 501.036 612.773 510.823 579.892 586.964
2 0.885742 86.2501 408.029 134.239 298.179 162.375 310.471 114.386 420.321
3 0.874023 527.998 565.93 559.509 490.43 585.002 501.07 553.491 576.57
2 0.870605 218.864 537.115 304.737 354.829 335.636 369.385 249.763 551.671
2 0.862305 585.568 590.295 616.182 512.005 638.432 520.705 607.818 598.995
3 0.851562 368.898 469.296 393.304 415.958 414.602 425.704 390.196 479.042
2 0.847168 548.05 365.403 566.593 320.047 589.95 329.597 571.407 374.953
3 0.833496 601.887 628.325 616.042 591.248 638.113 599.675 623.958 636.752
2 0.832031 202.471 212.524 222.238 159.594 248.029 169.226 228.262 222.156
2 0.825684 88.4444 616.829 135.402 590.228 152.931 621.171 105.973 647.772
3 0.813477 241.332 618.59 271.25 618.131 271.668 645.41 241.75 645.869
4 0.772461 -5.01084 164.065 -2.38157 134.463 17.0108 136.185 14.3816 165.787
4 0.734375 203.761 214.469 220.633 159.533 247.489 167.781 230.617 222.717
2 0.699219 -7.74795 162.435 1.55311 132.356 21.6308 138.565 12.3297 168.644
3 0.652344 557.725 580.092 587.485 502.41 612.275 511.908 582.515 589.59
4 0.565918 612.285 392.818 642.895 355.52 657.715 367.682 627.105 404.98
3 0.520996 587.687 587.269 613.407 512.507 637.313 520.731 611.593 595.493
2 0.494141 0.257813 186.172 0.257812 162.078 10.4531 162.078 10.4531 186.172
3 0.407715 283.072 499.975 333.402 386.785 360.928 399.025 310.598 512.215
