4 0.943359 398.684 296.877 414.46 254.333 436.816 262.623 421.04 305.167
4 0.941406 451.051 319.742 466.328 276.154 489.449 284.258 474.172 327.846
4 0.941406 424.829 307.91 440.658 264.819 463.171 273.09 447.342 316.181
4 0.9375 144.007 187.099 159.768 145.484 181.993 153.901 166.232 195.516
2 0.9375 238.172 230.401 260.003 170.406 287.328 180.349 265.497 240.344
4 0.9375 476.859 329.247 491.675 285.336 515.141 293.253 500.325 337.164
4 0.929688 171.44 199.623 186.16 156.835 208.81 164.627 194.09 207.415
2 0.929688 574.871 367.105 599.663 309.086 626.129 320.395 601.337 378.414
2 0.927734 190.208 414.819 227.247 339.078 254.042 352.181 217.003 427.922
4 0.924805 524.914 349.094 540.683 307.115 564.086 315.906 548.317 357.885
3 0.923828 505.707 536.648 536.187 469.422 560.293 480.352 529.813 547.578
4 0.920898 53.8164 151.225 68.4064 108.92 91.1836 116.775 76.5936 159.08
0 0.920898 201.345 216.196 218.098 161.648 244.655 169.804 227.902 224.352
3 0.919922 336.315 471.626 367.43 400.92 391.185 411.374 360.07 482.08
4 0.916992 81.8644 162.338 98.7307 119.206 121.636 128.162 104.769 171.294
3 0.911133 484.636 508.711 504.676 455.918 529.364 465.289 509.324 518.082
4 0.90918 549.624 361.531 565.503 316.963 589.376 325.469 573.497 370.037
3 0.90918 452.445 494.952 472.121 441.389 497.055 450.548 477.379 504.111
2 0.904297 47.8457 350.318 76.8047 274.203 100.404 283.182 71.4453 359.297
2 0.901367 190.587 516.363 262.923 353.176 292.163 366.137 219.827 529.324
3 0.894531 532.198 562.509 562.57 485.535 587.802 495.491 557.43 572.465
2 0.892578 280.78 513.828 335.03 383.14 365.22 395.672 310.97 526.36
4 0.888672 429.243 214.547 445.282 184.568 463.757 194.453 447.718 224.432
2 0.888672 86.3554 413.357 137.906 300.924 165.645 313.643 114.094 426.076
2 0.869141 564.756 571.995 591.426 500.162 615.244 509.005 588.574 580.838
2 0.853027 222.156 541.085 305.051 355.234 336.844 369.415 253.949 555.266
2 0.848633 97.9357 607.959 148.125 597.133 155.439 631.041 105.25 641.867
3 0.845703 371.777 467.932 395.11 414.185 416.723 423.568 393.39 477.315
3 0.836914 610.592 625.061 619.535 586.618 642.408 591.939 633.465 630.382
2 0.832031 591.994 587.071 616.686 507.11 642.006 514.929 617.314 594.89
2 0.806641 547.867 359.883 565.79 315.657 589.133 325.117 571.21 369.343
3 0.790527 247.142 618.431 276.546 618.071 276.858 643.569 247.454 643.929
4 0.788086 -2.92615 173.742 -1.84645 140.728 14.348 141.258 13.2683 174.272
2 0.739746 201.477 216.144 217.856 162.299 243.523 170.106 227.144 223.951
4 0.734375 202.395 216.58 218.158 162.877 243.855 170.42 228.092 224.123
3 0.716797 592.774 579.155 619.659 505.27 643.226 513.845 616.341 587.73
3 0.583008 563.828 571.445 592.07 499.14 616.172 508.554 587.93 580.86
2 0.566406 633.677 350.632 645.835 396.194 628.323 400.868 616.165 355.306
4 0.305908 635.311 350.089 645.015 397.354 627.689 400.911 617.985 353.646
