4 0.947266 434.048 383.97 469.893 356.61 483.952 375.03 448.107 402.39
2 0.947266 292.682 198.775 346.881 161.222 362.818 184.225 308.619 221.778
4 0.946289 416.525 360.272 452.985 334.004 466.475 352.728 430.015 378.996
2 0.943359 161.113 336.12 229.679 292.996 244.387 316.38 175.821 359.504
4 0.943359 399.855 336.984 436.794 311.724 449.645 330.516 412.706 355.776
4 0.943359 451.424 404.543 486.97 377.152 501.076 395.457 465.53 422.848
4 0.941406 483.012 445.832 518.955 420.888 531.988 439.668 496.045 464.612
4 0.938477 498.641 468.752 536.268 441.378 550.359 460.748 512.732 488.122
4 0.9375 233.292 114.952 269.496 89.4544 283.208 108.923 247.004 134.421
3 0.93457 345.822 534.607 393.497 501.52 408.678 523.393 361.003 556.48
4 0.933594 251.523 140.184 287.133 112.569 301.477 131.066 265.867 158.681
0 0.933594 268.627 169.15 312.947 133.455 329.373 153.85 285.053 189.545
4 0.932617 174.805 38.7766 209.484 12.9328 222.695 30.6609 188.016 56.5047
2 0.932617 515.529 485.797 570.468 450.71 585.471 474.203 530.532 509.29
3 0.928711 367.89 562.552 414.603 533.52 427.61 554.448 380.897 583.48
3 0.923828 371.468 598.222 434.961 556.568 449.532 578.778 386.039 620.432
2 0.920898 104.965 426.807 255.191 323.401 270.535 345.693 120.309 449.099
4 0.919922 192.346 62.6275 231.426 37.5433 244.154 57.3725 205.074 82.4567
4 0.907227 467.867 283.083 495.27 265.494 506.133 282.417 478.73 300.006
3 0.898438 386.318 625.601 453.104 588.037 465.682 610.399 398.896 647.963
2 0.895508 55.2474 219.015 133.573 158.467 149.628 179.235 71.3018 239.783
3 0.885742 255.878 459.079 321.663 412.899 337.122 434.921 271.337 481.101
2 0.884766 87.8166 273.18 170.67 212.516 187.183 235.07 104.33 295.734
2 0.882812 223.805 446.963 305.011 385.863 321.695 408.037 240.489 469.137
2 0.880859 121.098 466.473 289.116 349.677 304.652 372.027 136.634 488.823
2 0.864258 191.879 471.11 305.277 381.347 323.121 403.89 209.723 493.653
2 0.856445 202.562 412.213 285.5 351.877 301.438 373.787 218.5 434.123
3 0.842773 431.929 625.194 482.744 617.018 486.571 640.806 435.756 648.982
3 0.738281 -11.9769 419.482 4.41081 383.92 28.4925 395.018 12.1048 430.58
3 0.558594 476.145 630.68 495.301 630.562 495.355 639.32 476.199 639.438
2 0.458496 -11.9868 422.51 -0.613333 384.064 27.8696 392.49 16.4961 430.936
