4 0.946289 392.451 395.101 436.464 387.185 440.549 409.899 396.536 417.815
4 0.945312 405.765 451.025 450.099 440.927 455.235 463.475 410.901 473.573
4 0.945312 398.062 423.953 442.087 414.633 446.938 437.547 402.913 446.867
4 0.943359 324.291 98.1015 367.887 88.8721 372.709 111.649 329.113 120.878
4 0.942383 423.111 528.754 468.619 518.608 473.889 542.246 428.381 552.392
4 0.941406 385.14 368.516 429.042 359.222 433.86 381.984 389.958 391.278
2 0.938477 345.766 198.337 408.364 186.781 413.234 213.163 350.636 224.719
4 0.935547 418.052 501.089 461.873 493.347 465.948 516.411 422.127 524.153
2 0.935547 432.153 551.573 495.692 540.849 500.347 568.427 436.808 579.151
4 0.932617 331.015 127.421 375.095 117.913 379.985 140.579 335.905 150.087
0 0.928711 335.371 161.221 389.642 146.917 396.129 171.529 341.858 185.833
4 0.921875 308.439 33.4783 354.737 24.8583 359.061 48.0842 312.763 56.7042
2 0.916016 166.731 269.295 250.564 256.859 254.769 285.205 170.936 297.641
3 0.912109 263.878 562.246 319.526 553.029 323.622 577.754 267.974 586.971
4 0.910156 302.288 -0.206038 346.947 -4.60456 349.212 18.3935 304.553 22.7921
3 0.908203 256.39 528.918 312.373 516.075 318.11 541.082 262.127 553.925
2 0.892578 80.7232 330.728 257.122 293.667 263.027 321.772 86.6281 358.833
3 0.889648 254.933 595.8 327.764 584.196 332.067 611.2 259.236 622.804
2 0.880859 89.7533 368.029 272.281 338.66 276.997 367.971 94.4694 397.34
2 0.876953 140.181 400.168 276.91 375.144 282.069 403.332 145.34 428.356
3 0.874023 204.158 421.056 283.308 405.06 288.842 432.444 209.692 448.44
4 0.865723 469.522 345.394 504.103 339.993 507.478 361.606 472.897 367.007
2 0.864746 135.161 179.273 220.235 162.622 225.589 189.977 140.515 206.628
2 0.864258 135.263 113.082 215.573 96.2094 221.237 123.168 140.927 140.041
3 0.861328 232.163 448.361 290.45 437.045 294.837 459.639 236.55 470.955
3 0.856445 264.194 622.497 335.936 621.396 336.306 645.503 264.564 646.604
2 0.632324 334.859 160.474 389.92 146.862 396.141 172.026 341.08 185.638
2 0.561035 -4.10174 257.491 22.8143 259.808 20.9455 281.509 -5.97052 279.192
4 0.401611 335.853 161.436 389.586 147.052 396.147 171.564 342.414 185.948
