4 0.949219 429.625 390.583 468.088 367.649 479.875 387.417 441.412 410.351
4 0.948242 413.581 366.572 452.688 343.254 464.419 362.928 425.312 386.246
4 0.947266 445.044 413.544 483.414 388.916 495.956 408.456 457.586 433.084
4 0.946289 248.042 109.302 286.491 86.7741 298.458 107.198 260.009 129.726
4 0.943359 397.866 342.7 437.122 319.942 448.634 339.8 409.378 362.558
2 0.942383 300.98 197.069 358.05 164.042 372.02 188.181 314.95 221.208
2 0.941406 160.144 324.958 232.037 285.389 245.606 310.042 173.713 349.611
4 0.938477 487.703 480.179 527.966 456.422 540.297 477.321 500.034 501.078
4 0.938477 473.691 456.384 512.435 434.749 523.809 455.116 485.065 476.751
4 0.935547 264.886 135.368 302.044 111.397 314.614 130.882 277.456 154.853
3 0.93457 332.041 536.667 379.25 506.721 392.959 528.333 345.75 558.279
3 0.931641 350.441 565.615 400.243 538.602 412.059 560.385 362.257 587.398
3 0.931641 351.772 601.696 417.53 566.547 430.228 590.304 364.47 625.453
2 0.928711 503.739 498.917 560.984 469.606 573.261 493.583 516.016 522.894
0 0.927734 279.778 166.276 325.366 133.537 340.222 154.224 294.634 186.963
4 0.925781 193.618 29.0929 230.997 5.70317 243.132 25.0946 205.753 48.4843
4 0.920898 210.245 54.4562 250.833 30.7588 263.005 51.6063 222.417 75.3037
2 0.910156 92.5185 412.422 261.136 317.753 274.232 341.078 105.614 435.747
3 0.90918 372.434 620.238 440.241 597.953 448.066 621.762 380.259 644.047
3 0.904297 247.346 455.593 314.991 411.954 329.154 433.907 261.509 477.546
4 0.898438 469.034 292.848 499.982 277.743 508.966 296.152 478.018 311.257
2 0.89502 71.5176 193.238 145.392 147.405 159.107 169.512 85.233 215.345
2 0.890625 75.9094 266.804 179.31 200.769 194.591 224.696 91.1901 290.731
2 0.882812 183.705 456.924 298.697 383.61 314.295 408.076 199.303 481.39
2 0.867188 195.501 404.215 283.421 350.319 297.499 373.285 209.579 427.181
2 0.857422 231.049 431.523 297.873 385.526 311.951 405.977 245.127 451.974
3 0.834473 278.354 471.892 330.9 439.459 343.646 460.108 291.1 492.541
3 0.808594 418.993 625.385 460.142 621.714 462.007 642.615 420.858 646.286
2 0.753906 278.678 164.821 326.997 134.585 340.822 156.679 292.503 186.915
2 0.730469 -10.0811 368.499 22.6161 366.642 24.2843 396.001 -8.41301 397.858
2 0.690918 6.2041 432.698 29.142 458.006 9.50683 475.802 -13.4311 450.494
4 0.679688 123.982 0.114672 162.449 -4.80964 165.518 19.1666 127.051 24.0909
4 0.48877 -9.8061 369.289 22.3284 368.105 23.3452 395.711 -8.7893 396.895
