4 0.939453 378.383 436.648 423.704 433.864 425.117 456.852 379.796 459.636
4 0.9375 377.353 407.23 422.621 405.215 423.647 428.27 378.379 430.285
4 0.931641 376.297 379.405 420.157 377.385 421.203 400.095 377.343 402.115
4 0.926758 381.581 463.574 427.206 461.192 428.419 484.426 382.794 486.808
2 0.925781 389.199 569.159 452.54 568.576 452.801 596.841 389.46 597.424
4 0.918945 363.212 103.011 406.154 100.769 407.288 122.489 364.346 124.731
4 0.918945 384.945 543.745 431.473 540.743 433.055 565.255 386.527 568.257
2 0.915039 365.905 204.314 428.719 202.387 429.595 230.936 366.781 232.863
4 0.911133 385.224 515.602 428.914 513.992 429.776 537.398 386.086 539.008
0 0.907227 362.802 167.023 417.724 161.614 420.198 186.727 365.276 192.136
4 0.90625 364.988 132.791 408.624 130.111 410.012 152.709 366.376 155.389
4 0.901367 358.949 36.7915 404.824 34.3967 406.051 57.896 360.176 60.2908
3 0.900391 220.715 514.549 278.368 509.852 280.535 536.451 222.882 541.148
3 0.898438 223.713 549.401 277.513 548.245 278.037 572.599 224.236 573.755
4 0.895508 363.68 166.603 418.291 161.224 420.82 186.897 366.209 192.276
4 0.895508 357.497 4.22426 400.953 3.15748 401.503 25.5414 358.047 26.6081
2 0.883789 179.708 244.96 260.458 244.712 260.542 272.04 179.792 272.288
3 0.878906 207.445 581.133 276.808 579.856 277.305 606.867 207.942 608.144
2 0.867188 173.648 150.197 253.411 147.382 254.352 174.053 174.589 176.868
2 0.865723 383.91 543.807 434.955 540.435 436.59 565.193 385.545 568.565
2 0.863281 81.6964 289.533 265.743 284.167 266.554 311.967 82.5069 317.333
3 0.861328 208.94 431.147 269.751 428.346 270.81 451.353 209.999 454.154
3 0.861328 187.424 401 269.625 396.709 271.076 424.5 188.875 428.791
2 0.860352 122.082 368.517 269.821 366.704 270.168 394.983 122.429 396.796
2 0.856445 81.8303 329.782 271.03 325.428 271.67 353.218 82.4698 357.572
4 0.826172 364.777 205.978 429.386 202.804 430.723 230.022 366.114 233.196
3 0.824219 208.598 614.736 282.445 612.696 283.151 638.264 209.305 640.304
4 0.746094 450.921 -2.16131 476.888 -2.40032 477.079 18.3488 451.112 18.5878
2 0.683594 0.453125 202.016 32.4844 202.016 32.4844 230.734 0.453125 230.734
0 0.666504 449.984 -0.984375 477.516 -0.984375 477.516 18.8125 449.984 18.8125
3 0.512207 -2.07826 203.309 30.8769 201.589 32.3439 229.691 -0.611242 231.411
4 0.400146 -1.33389 202.446 30.6323 201.367 31.5839 229.554 -0.382278 230.633
