4 0.948242 421.938 345.907 452.734 312.242 470.062 328.093 439.266 361.758
4 0.947266 442.925 366.195 473.768 332.788 490.575 348.305 459.732 381.712
2 0.945312 274.981 205.389 319.216 159.353 339.519 178.861 295.284 224.897
4 0.945312 500.162 418.769 532.778 387.811 548.838 404.731 516.222 435.689
4 0.943359 401.605 325.748 433.091 292.729 449.895 308.752 418.409 341.771
4 0.943359 202.868 132.019 234.405 100.579 250.632 116.856 219.095 148.296
2 0.943359 164.84 360.42 226.401 306.821 244.91 328.08 183.349 381.679
0 0.941406 246.335 179.65 282.818 136.426 303.165 153.6 266.682 196.824
4 0.94043 463.58 384.11 492.77 349.902 510.92 365.39 481.73 399.598
4 0.933594 224.524 152.891 255.492 120.414 272.476 136.609 241.508 169.086
4 0.932617 132.35 65.7132 162.419 32.9939 179.4 48.5993 149.331 81.3186
2 0.928711 540.117 452.918 588.121 410.733 606.883 432.082 558.879 474.267
3 0.927734 404.657 553.057 443.919 514.63 461.843 532.943 422.581 571.37
2 0.924805 124.605 458.145 257.115 331.207 276.895 351.855 144.385 478.793
4 0.923828 153.802 85.9209 188.294 53.5822 204.698 71.0791 170.206 103.418
3 0.918945 380.826 529.139 418.99 488.37 437.674 505.861 399.51 546.63
2 0.918945 53.4652 250.143 109.844 191.29 127.66 208.357 71.2814 267.21
4 0.917969 519.287 439.706 552.076 405.425 569.713 422.294 536.924 456.575
4 0.907227 460.738 259.908 486.772 240.038 498.262 255.092 472.228 274.962
2 0.904297 459.184 626.192 520.719 588.21 532.816 607.808 471.281 645.79
2 0.904297 257.688 449.6 311.322 390.241 330.312 407.4 276.678 466.759
2 0.898438 69.4149 322.275 156.765 236.123 177.085 256.725 89.7351 342.877
3 0.897461 430.66 620.199 487.377 560.718 506.34 578.801 449.623 638.282
2 0.895508 232.266 474.05 313.537 387.897 333.734 406.95 252.463 493.103
2 0.894531 91.0556 304.353 155.105 237.183 173.944 255.147 109.895 322.317
3 0.892578 281.806 469.364 335.682 410.649 354.194 427.636 300.318 486.351
3 0.890625 315.682 478.2 357.133 434.863 374.318 451.3 332.867 494.637
2 0.884766 500.162 623.167 549.296 611.498 554.838 634.833 505.704 646.502
2 0.863281 -9.64557 495.35 8.97377 428.715 39.1612 437.15 20.5419 503.785
2 0.854492 163.599 480.269 299.716 351.864 319.401 372.731 183.284 501.136
3 0.837891 131.205 585.367 164.339 573.339 172.795 596.633 139.661 608.661
3 0.819824 414.966 586.713 468.768 536.271 487.534 556.287 433.732 606.729
2 0.740234 16.2294 389.704 18.3124 423.609 -0.994991 424.796 -3.07798 390.891
4 0.640137 200.227 -0.873512 223.414 -1.08692 223.523 10.7173 200.336 10.9307
2 0.635254 415.131 588.279 467.838 534.922 486.869 553.721 434.162 607.078
2 0.498535 246.315 179.365 282.527 137.059 302.185 153.885 265.973 196.191
