4 0.948242 420.919 438.995 464.063 424.153 471.581 446.005 428.437 460.847
4 0.947266 410.426 413.536 453.222 399.325 460.574 421.464 417.778 435.675
4 0.946289 401.006 386.358 443.085 372.17 450.494 394.142 408.415 408.33
4 0.943359 390.837 359.887 433.293 345.644 440.663 367.613 398.207 381.856
2 0.938477 458.587 536.018 521.355 519.371 528.413 545.982 465.645 562.629
4 0.9375 307.987 126.973 350.143 112.723 357.513 134.527 315.357 148.777
4 0.9375 297.202 98.1763 339.497 85.2754 346.298 107.574 304.003 120.475
2 0.9375 330.429 195.082 391.943 177.192 399.571 203.418 338.057 221.308
4 0.935547 447.476 514.24 492.948 498.869 501.024 522.76 455.552 538.131
4 0.933594 439.276 487.675 481.579 474.273 488.724 496.825 446.421 510.227
2 0.921875 163.238 288.19 241.978 266.919 249.512 294.81 170.772 316.081
3 0.919922 294.567 565.122 348.189 551.428 354.433 575.878 300.811 589.572
0 0.918945 315.113 160.193 367.856 139.847 377.387 164.557 324.644 184.903
3 0.918945 283.386 534.516 336.641 514.999 345.614 539.484 292.359 559.001
3 0.916016 289.814 600.617 357.798 582.921 364.686 609.383 296.702 627.079
4 0.914062 273.049 36.5274 317.925 22.8768 324.951 45.9726 280.075 59.6232
2 0.902344 80.1738 361.78 256.242 301.813 265.576 329.22 89.5085 389.187
4 0.902344 263.016 2.46422 309.463 -3.62637 312.484 19.4108 266.037 25.5014
3 0.902344 216.989 435.712 294.375 410.147 303.011 436.288 225.625 461.853
4 0.895508 472.043 326.786 504.836 319.21 509.457 339.214 476.664 346.79
2 0.89502 90.5766 397.57 278.431 344.341 286.673 373.43 98.8192 426.659
2 0.884766 108.347 137.471 188.386 111.777 196.653 137.529 116.614 163.223
2 0.883789 146.583 425.227 282.065 379.082 291.667 407.273 156.185 453.418
3 0.87207 302.428 624.387 375.266 620.585 376.572 645.613 303.734 649.415
2 0.862305 119.505 202.77 204.039 175.131 212.245 200.23 127.711 227.869
2 0.770996 314.704 158.824 369.59 141.065 377.796 166.426 322.91 184.185
3 0.568848 13.16 290.148 18.4571 320.676 0.152517 323.852 -5.14463 293.324
