4 0.951172 412.072 369.765 451.29 347.826 462.428 367.735 423.21 389.674
4 0.949219 427.013 394.307 465.827 372.671 476.987 392.693 438.173 414.329
4 0.949219 397.01 345.816 435.922 323.969 446.99 343.684 408.078 365.531
4 0.943359 441.895 417.819 480.349 394.931 492.105 414.681 453.651 437.569
2 0.943359 498.312 504.873 556.311 478.038 567.688 502.627 509.689 529.462
4 0.943359 255.294 107.228 294.333 85.5459 305.706 106.022 266.667 127.704
2 0.94043 305.605 194.828 364.045 165.804 376.395 190.672 317.955 219.696
4 0.94043 468.466 461.538 509.008 441.091 519.534 461.962 478.992 482.409
2 0.9375 159.844 318.998 233.565 282.244 246.406 308.002 172.685 344.756
4 0.935547 271.335 133.688 308.839 110.737 320.665 130.062 283.161 153.013
4 0.929688 204.889 24.6362 243.315 3.5249 254.111 23.1763 215.685 44.2876
3 0.928711 342.677 565.763 392.932 542.136 403.323 564.237 353.068 587.864
4 0.928711 482.505 485.979 523.398 462.938 534.995 483.521 494.102 506.562
4 0.923828 220.749 50.3013 262.615 29.7085 273.001 50.8237 231.135 71.4165
0 0.921875 284.419 162.867 332.855 134.389 346.081 156.883 297.645 185.361
3 0.919922 324.389 536.959 373.464 509.406 385.611 531.041 336.536 558.594
3 0.917969 343.135 601.832 410.531 571.275 421.365 595.168 353.969 625.725
2 0.916992 94.3281 403.523 256.842 316.176 270.172 340.977 107.658 428.324
3 0.904297 361.974 621.541 427.088 602.604 434.026 626.459 368.912 645.396
3 0.904297 241.943 452.51 312.042 412.301 325.057 434.99 254.958 475.199
4 0.901367 470.429 297.197 501.341 283.806 509.571 302.803 478.659 316.194
2 0.890625 110.902 442.292 287.913 346.803 301.348 371.708 124.337 467.197
2 0.890625 74.7076 257.841 182.295 197.328 196.542 222.659 88.9548 283.172
2 0.874023 218.262 431.6 296.621 386.572 309.738 409.4 231.379 454.428
2 0.873047 72.243 187.39 153.877 138.8 167.007 160.86 85.3733 209.45
2 0.860352 42.2402 201.763 152.489 136.485 167.885 162.487 57.6363 227.765
2 0.857422 191.217 399.539 283.561 347.879 297.033 371.961 204.689 423.621
3 0.854004 69.452 532.388 99.7496 521.521 107.673 543.612 77.3754 554.479
4 0.842773 196.976 -2.66135 236.122 -6.27452 238.024 14.3254 198.878 17.9386
3 0.833496 274.496 470.25 327.874 441.508 338.504 461.25 285.126 489.992
3 0.768555 420.386 624.898 450.674 624.154 451.114 642.102 420.826 642.846
3 0.585449 -7.84981 356.761 24.8634 358.872 23.1623 385.239 -9.55092 383.128
2 0.560059 285.114 162.497 334.253 134.611 347.386 157.753 298.247 185.639
2 0.505859 -7.5491 357.618 22.7631 357.757 22.6429 383.882 -7.66933 383.743
