4 0.933594 374.686 105.007 418.558 105.478 418.314 128.243 374.442 127.772
4 0.931641 373.48 439.35 418.448 439.212 418.52 462.65 373.552 462.788
4 0.928711 374.438 135.312 419.062 135.312 419.062 158.188 374.438 158.188
4 0.928711 375.176 518.671 418.763 519.474 418.324 543.329 374.737 542.526
4 0.928711 373.33 381.79 418.421 382.274 418.17 405.71 373.079 405.226
4 0.927734 373.659 467.289 419.472 465.602 420.341 489.211 374.528 490.898
4 0.926758 373.355 546.197 421.256 545.462 421.645 570.803 373.744 571.538
2 0.924805 371.722 207.864 435.691 207.668 435.778 236.136 371.809 236.332
2 0.921875 376.475 571.959 440.501 574.12 439.525 603.041 375.499 600.88
4 0.919922 373.302 410.477 418.77 410.617 418.698 434.023 373.23 433.883
4 0.902344 373.621 7.35613 417.308 7.2221 417.379 30.2376 373.692 30.3716
4 0.902344 373.556 39.1246 419.587 39.4071 419.444 62.6879 373.413 62.4054
3 0.899414 209.873 544.468 265.401 545.065 265.127 570.532 209.599 569.935
4 0.898438 370.547 168.767 425.927 165.62 427.453 192.483 372.073 195.63
2 0.895508 185.445 238.374 265.944 241.586 264.805 270.126 184.306 266.914
3 0.89502 211.274 509.954 267.299 507.891 268.225 533.046 212.201 535.109
2 0.886719 125.242 358.438 266.199 361.898 265.508 390.062 124.551 386.602
0 0.87793 370.675 169.427 427.487 167.509 428.325 192.323 371.513 194.241
3 0.876953 191.772 576.157 266.017 576.954 265.728 603.843 191.483 603.046
4 0.874023 459.953 379.305 494.047 379.305 494.047 400.695 459.953 400.695
3 0.870605 192.236 609.604 264.22 608.058 264.764 633.396 192.78 634.942
2 0.862305 176.459 142.192 258.509 143.577 258.041 171.308 175.991 169.923
3 0.855469 182.572 394.623 265.509 394.877 265.428 421.377 182.491 421.123
2 0.854004 84.7763 318.998 267.109 322.915 266.474 352.502 84.1408 348.585
2 0.851562 86.5157 276.422 264.374 278.878 263.984 307.078 86.1263 304.622
2 0.828613 0.206963 185.779 37.675 185.549 37.8555 214.971 0.387493 215.201
2 0.823242 73.759 295.887 277.538 302.141 276.741 328.113 72.9619 321.859
3 0.822266 -2.13587 377.419 23.6879 376.944 24.1046 399.581 -1.71913 400.056
3 0.819824 204.77 425.43 264.795 426.259 264.48 449.07 204.455 448.241
2 0.813477 184.119 76.0459 268.488 77.0813 268.131 106.204 183.762 105.169
2 0.67627 370.733 168.626 427.055 167.071 427.767 192.874 371.445 194.429
