4 0.9375 352.97 447.405 398.289 451.798 396.03 475.095 350.711 470.702
4 0.935547 407.085 116.794 450.235 122.049 447.415 145.206 404.265 139.951
4 0.935547 342.73 525.976 386.488 532.124 383.27 555.024 339.512 548.876
4 0.935547 357.082 419.319 402.176 423.761 399.918 446.681 354.824 442.239
4 0.933594 361.421 390.436 406.581 395.164 404.079 419.064 358.919 414.336
2 0.929688 335.134 578.308 400.055 586.518 396.366 615.692 331.445 607.482
0 0.929688 395.441 179.887 448.443 185.025 446.059 209.613 393.057 204.475
4 0.925781 402.281 146.638 446.363 151.733 443.719 174.612 399.637 169.517
4 0.924805 349.422 474.192 395.188 479.409 392.578 502.308 346.812 497.091
2 0.923828 386.353 217.362 452.101 226.908 448.147 254.138 382.399 244.592
4 0.918945 336.796 552.803 384.427 557.937 381.704 583.197 334.073 578.063
2 0.908203 196.543 218.561 278.875 232.847 273.957 261.189 191.625 246.903
4 0.904297 420.639 18.7918 465.832 25.4955 462.361 48.8957 417.168 42.192
4 0.904297 416.143 50.9873 463.366 57.8443 459.857 82.0127 412.634 75.1557
3 0.904297 177.224 524.927 229.595 532.86 225.776 558.073 173.405 550.14
3 0.902344 153.074 551.735 221.376 563.155 216.676 591.265 148.374 579.845
3 0.898438 182.195 490.135 240.014 496.098 237.305 522.365 179.486 516.402
4 0.897461 448.346 401.384 482.096 407.027 478.654 427.616 444.904 421.973
2 0.892578 117.922 328.863 258.118 351.421 253.578 379.637 113.382 357.079
3 0.889648 149.853 586.356 217.054 595.903 213.397 621.644 146.196 612.097
4 0.883789 393.451 179.596 448.856 184.538 446.549 210.404 391.144 205.462
2 0.879883 210.841 123.948 291.939 136.487 287.909 162.552 206.811 150.013
3 0.876953 170.876 372.67 255.695 383.925 252.124 410.83 167.305 399.575
2 0.875 83.8232 282.432 271.767 310.31 267.427 339.568 79.4832 311.69
2 0.874023 -0.886284 132.581 62.3031 140.276 58.48 171.669 -4.70937 163.974
2 0.870605 94.9771 242.814 275.088 268.966 270.773 298.686 90.6617 272.534
2 0.84375 220.348 59.757 302.459 69.501 299.152 97.368 217.041 87.624
3 0.831543 189.987 405.464 248.734 415.287 244.763 439.036 186.016 429.213
3 0.808594 135.368 619.447 212.734 620.634 212.382 643.553 135.016 642.366
3 0.755371 -7.37325 344.933 8.58309 323.522 23.4045 334.567 7.44816 355.978
3 0.586914 -1.01614 226.774 -0.0084095 197.588 11.2271 197.976 10.2193 227.162
2 0.52832 164.509 371.208 257.038 384.644 253.241 410.792 160.712 397.356
