4 0.94043 476.934 313.365 487.714 267.971 511.566 273.635 500.786 319.029
4 0.9375 450.427 306.205 461.828 261.382 485.073 267.295 473.672 312.118
4 0.9375 131.08 206.724 142.053 163.308 165.67 169.276 154.697 212.692
4 0.9375 394.618 288.667 407.303 243.995 431.382 250.833 418.697 295.505
4 0.93457 422.884 297.422 434.584 251.901 458.616 258.078 446.916 303.599
2 0.929688 229.19 239.106 244.607 177.409 272.56 184.394 257.143 246.091
2 0.928711 201.616 429.586 228.36 350.815 256.634 360.414 229.89 439.185
4 0.927734 159.706 216.502 170.151 171.286 193.794 176.748 183.349 221.964
4 0.925781 527.372 327.691 538.704 284.528 562.628 290.809 551.296 333.972
3 0.918945 527.267 515.223 548.093 446.235 574.733 454.277 553.907 523.265
4 0.917969 66.6297 188.089 79.4267 143.287 103.495 150.161 90.6983 194.963
2 0.910156 578.287 341.011 595.674 280.881 623.713 288.989 606.326 349.119
2 0.908203 52.7916 377.429 72.0497 300.232 97.4585 306.571 78.2003 383.768
4 0.908203 37.1544 179.526 47.9988 136.303 71.5956 142.224 60.7512 185.447
3 0.90625 469.303 480.001 483.369 424.345 509.697 430.999 495.631 486.655
4 0.905273 553.248 336.581 564.594 291.358 588.752 297.419 577.406 342.642
3 0.904297 503.055 490.794 517.463 437.78 542.945 444.706 528.537 497.72
3 0.900391 554.884 539.805 578.467 458.012 605.116 465.695 581.533 547.488
3 0.895508 351.648 470.062 375.94 393.839 401.352 401.938 377.06 478.161
2 0.893555 80.7633 635.279 107.61 549.966 138.612 559.721 111.765 645.034
2 0.890625 111.212 405.725 133.684 323.231 159.538 330.275 137.066 412.769
2 0.885742 208.309 532.599 264.283 358.238 295.941 368.401 239.967 542.762
0 0.879883 190.585 228.056 202.053 173.626 229.665 179.444 218.197 233.874
2 0.876953 589.825 541.584 607.863 470.267 632.175 476.416 614.137 547.733
2 0.863281 282.2 459.111 309.091 368.974 337.3 377.389 310.409 467.526
4 0.861328 418.481 205.341 428.561 172.608 449.019 178.909 438.939 211.642
2 0.857422 300.074 518.953 343.044 379.42 375.926 389.547 332.956 529.08
2 0.856445 552.13 336.444 564.418 290.076 588.87 296.556 576.582 342.924
3 0.848633 387.161 462.754 403.944 405.214 426.339 411.746 409.556 469.286
2 0.84375 244.501 550.3 309.964 355.902 344.999 367.7 279.536 562.098
2 0.793945 147.156 613.527 179.999 613.426 180.094 644.473 147.251 644.574
2 0.774414 616.141 556.343 626.344 487.47 647.859 490.657 637.656 559.53
2 0.769531 189.882 226.766 203.158 172.846 230.118 179.484 216.842 233.404
3 0.728516 282.461 622.406 311.539 622.406 311.539 641.594 282.461 641.594
3 0.708984 618.868 566.228 621.147 498.892 647.132 499.772 644.853 567.108
4 0.581055 190.292 228.172 202.532 173.27 229.708 179.328 217.468 234.23
3 0.546387 587.446 541.539 609.296 466.141 634.554 473.461 612.704 548.859
2 0.495117 282.281 621.744 310.75 621.787 310.719 642.256 282.25 642.213
