4 0.948242 447.37 350.848 473.201 313.657 492.63 327.152 466.799 364.343
4 0.947266 424.65 333.724 450.678 296.404 469.85 309.776 443.822 347.096
2 0.947266 260.546 211.921 300.347 159.9 323.454 177.579 283.653 229.6
2 0.943359 555.927 426.584 595.81 377.373 618.073 395.416 578.19 444.627
2 0.943359 169.076 378.837 224.746 317.697 246.674 337.663 191.004 398.803
4 0.943359 470.309 367.062 495.132 328.52 515.191 341.438 490.368 379.98
4 0.941406 401.452 315.956 428.461 279.068 447.548 293.044 420.539 329.932
4 0.94043 180.679 146.957 208.099 112.426 226.821 127.293 199.401 161.824
4 0.9375 204.03 165.407 231.652 129.133 250.97 143.843 223.348 180.117
4 0.935547 510.982 395.488 539.523 361.143 558.018 376.512 529.477 410.857
4 0.931641 532.264 415.123 559.042 376.156 579.736 390.377 552.958 429.344
2 0.927734 146.806 479.921 254.27 339.908 277.944 358.079 170.48 498.092
4 0.925781 102.543 90.8805 127.471 54.547 146.707 67.7445 121.779 104.078
3 0.924805 405.255 519.681 439.65 474.975 460.245 490.819 425.85 535.525
2 0.921875 522.142 632.046 569.676 574.844 587.858 589.954 540.324 647.156
3 0.920898 432.614 541.819 466.668 496.305 487.886 512.181 453.832 557.695
4 0.919922 126.533 109.578 154.296 71.384 174.467 86.0466 146.704 124.241
2 0.919922 499.774 617.628 545.049 555.191 563.226 568.372 517.951 630.809
3 0.917969 447.15 574.917 491.363 515.967 512.85 532.083 468.637 591.033
2 0.916992 229.846 189.578 260.992 142.888 283.154 157.672 252.008 204.362
2 0.904297 73.3098 352.811 145.384 256.789 168.565 274.189 96.4905 370.211
2 0.902344 45.6954 285.729 96.192 217.588 116.68 232.771 66.183 300.912
4 0.901367 452.292 244.982 473.602 218.811 489.208 231.518 467.898 257.689
2 0.900391 -10.4525 560.902 24.894 460.969 56.3588 472.098 21.0123 572.031
2 0.897461 237.475 500.323 319.865 386.979 343.525 404.177 261.135 517.521
3 0.890625 299.319 473.878 347.092 408.156 367.681 423.122 319.908 488.844
2 0.882812 234.075 441.08 294.038 361.13 316.425 377.92 256.462 457.87
3 0.874023 333.52 478.459 368.388 428.788 387.98 442.541 353.112 492.212
2 0.861328 273.066 457.606 320.94 390.725 341.434 405.394 293.56 472.275
2 0.854004 22.9257 312.872 95.9076 212.47 120.199 230.128 47.2174 330.53
2 0.845703 170.247 513.582 302.031 350.723 325.753 369.918 193.969 532.777
2 0.825195 470.077 600.966 514.27 537.91 534.423 552.034 490.23 615.09
3 0.810547 475.511 597.076 517.905 538.185 536.989 551.924 494.595 610.815
3 0.803223 166.239 609.341 194.859 590.47 207.511 609.659 178.891 628.53
2 0.798828 -6.44981 476.942 -4.87846 429.625 23.2154 430.558 21.6441 477.875
0 0.794434 229.644 189.77 260.587 141.603 283.356 156.23 252.413 204.397
2 0.791016 596.551 468.913 618.751 416.346 639.449 425.087 617.249 477.654
4 0.604492 230.332 190.347 260.415 142.19 283.168 156.403 253.085 204.56
