4 0.939453 358.975 391.484 403.601 398.384 400.025 421.516 355.399 414.616
4 0.939453 348.43 448.574 392.995 454.349 390.07 476.926 345.505 471.151
2 0.9375 326.577 578.88 389.453 589.592 384.423 619.12 321.547 608.408
4 0.9375 354.658 420.427 399.086 426.739 395.842 449.573 351.414 443.261
4 0.935547 413.012 120.279 456.581 126.196 453.488 148.971 409.919 143.054
4 0.935547 408.644 150.178 452.599 156.491 449.356 179.072 405.401 172.759
4 0.93457 335.426 527.169 378.652 533.921 375.074 556.831 331.848 550.079
4 0.933594 344.196 475.698 389.309 480.561 386.804 503.802 341.691 498.939
4 0.924805 328.697 553.285 375.817 559.979 372.303 584.715 325.183 578.021
2 0.921875 391.751 220.1 454.197 229.952 449.749 258.15 387.303 248.298
3 0.920898 170.237 519.54 223.598 530.155 218.763 554.46 165.402 543.845
3 0.917969 145.018 547.521 216.887 560.674 211.982 587.479 140.113 574.326
4 0.914062 431.141 23.3465 476.063 30.5745 472.359 53.591 427.437 46.363
0 0.912109 398.662 182.177 453.992 189.001 450.838 214.573 395.508 207.749
4 0.911133 425.751 55.0421 471.899 62.3222 468.249 85.4579 422.101 78.1778
2 0.907227 201.656 212.607 283.809 232.117 277.094 260.393 194.941 240.883
3 0.898438 176.318 484.982 233.317 494.064 229.182 520.018 172.183 510.936
2 0.894531 118.972 323.058 257.755 349.339 252.528 376.942 113.745 350.661
2 0.892578 0.160307 122.538 67.288 130.191 63.8084 160.712 -3.31924 153.059
3 0.885742 138.316 581.066 205.426 591.231 201.684 615.934 134.574 605.769
2 0.884766 96.907 235.748 278.787 266.733 273.843 295.752 91.9633 264.767
3 0.883789 173.802 365.067 252.344 379.94 246.948 408.433 168.406 393.56
4 0.882812 444.266 406.379 479.153 410.465 476.734 431.121 441.847 427.035
2 0.87793 87.5847 275.724 274.006 310.433 268.915 337.776 82.4939 303.067
2 0.867188 3.59581 65.5714 89.182 78.5354 84.0292 112.554 -1.55703 99.5896
2 0.867188 237.356 57.756 316.114 71.7955 311.644 96.869 232.886 82.8295
4 0.849609 399.131 182.246 452.714 189.189 449.369 215.004 395.786 208.061
2 0.845703 210.608 119.734 297.796 134.175 293.392 160.766 206.204 146.325
3 0.834961 125.795 614.635 206.283 619.332 204.705 646.365 124.217 641.668
2 0.776367 -2.13696 214.345 -1.61085 183.146 13.7776 183.405 13.2515 214.604
3 0.758789 -7.21611 335.939 6.86641 313.104 22.2005 322.561 8.11797 345.396
