4 0.942383 352.443 420.618 396.808 426.713 393.557 450.382 349.192 444.287
4 0.941406 345.981 448.917 390.708 455.132 387.519 478.083 342.792 471.868
4 0.94043 331.808 527.591 374.555 534.941 370.692 557.409 327.945 550.059
4 0.938477 341.637 475.965 386.432 481.909 383.363 505.035 338.568 499.091
4 0.938477 357.862 392.424 401.899 399.648 398.138 422.576 354.101 415.352
4 0.935547 416.921 121.348 461.005 128.858 457.079 151.902 412.995 144.392
2 0.931641 393.268 221.915 455.958 232.594 451.232 260.335 388.542 249.656
4 0.928711 324.253 553.285 371.736 560.925 367.747 585.715 320.264 578.075
4 0.926758 410.823 151.208 455.253 158.147 451.677 181.042 407.247 174.103
2 0.924805 320.468 579.682 385.289 590.315 380.532 619.318 315.711 608.685
3 0.923828 141.7 544.308 211.878 558.94 206.3 585.692 136.122 571.06
2 0.916992 203.698 209.993 285.17 231.2 277.802 259.507 196.33 238.3
3 0.914062 166.227 516.773 218.459 527.914 213.273 552.227 161.041 541.086
4 0.907227 430.167 57.0158 476.583 65.5106 472.333 88.7342 425.917 80.2394
3 0.90625 173.456 482.837 230.694 490.968 227.044 516.663 169.806 508.532
0 0.901367 400.211 183.342 455.933 191.259 452.289 216.908 396.567 208.991
2 0.900391 119.019 319.82 257.513 347.589 251.981 375.18 113.487 347.411
2 0.895508 444.209 384.117 450.346 343.073 465.791 345.383 459.654 386.427
3 0.893555 130.892 576.626 202.62 588.393 198.358 614.374 126.63 602.607
2 0.892578 3.53044 61.3284 92.8367 75.9791 87.7196 107.172 -1.58669 92.5209
2 0.890625 0.152523 115.646 69.8722 127.303 64.8475 157.354 -4.87217 145.697
4 0.889648 400.409 183.854 454.778 190.56 451.591 216.396 397.222 209.69
2 0.886719 95.1305 230.354 278.62 265.1 273.119 294.146 89.6303 259.4
4 0.886719 436.079 25.4505 480.688 33.7559 476.421 56.6745 431.812 48.3691
2 0.87793 88.1884 271.436 275.776 309.947 270.312 336.564 82.724 298.053
3 0.875 174.178 364.385 250.472 379.682 245.072 406.615 168.778 391.318
2 0.874023 222.765 119.597 301.253 135.71 296.235 160.153 217.747 144.04
4 0.856445 443.971 407.879 477.677 413.781 474.029 434.621 440.323 428.719
2 0.839844 236.874 53.8947 320.26 72.2169 314.626 97.8553 231.24 79.5331
3 0.794434 122.32 611.288 194.924 618.889 192.43 642.712 119.826 635.111
3 0.757324 -5.19512 335.556 1.40073 310.375 18.8436 314.944 12.2477 340.125
2 0.749023 -3.57999 209.076 -2.63069 176.621 16.2519 177.174 15.3026 209.629
