4 0.927734 389.032 277.022 394.658 231.651 419.468 234.728 413.842 280.099
4 0.927734 115.962 237.461 120.821 193.448 144.288 196.039 139.429 240.052
4 0.924805 445.826 285.405 450.867 239.43 475.174 242.095 470.133 288.07
4 0.924805 417.173 282.318 422.217 235.055 446.827 237.682 441.783 284.945
2 0.923828 578.88 300.046 587.916 237.856 616.12 241.954 607.084 304.144
4 0.921875 144.945 241.569 149.291 196.371 173.305 198.681 168.959 243.879
4 0.918945 473.835 288.267 477.168 242.451 501.665 244.233 498.332 290.049
2 0.917969 217.182 255.157 224.194 190.914 253.318 194.093 246.306 258.336
2 0.915039 220.308 446.756 233.928 363.931 263.192 368.744 249.572 451.569
4 0.907227 524.507 294.406 530.07 250.381 555.493 253.594 549.93 297.619
3 0.898438 526.506 459.22 533.775 406.122 560.494 409.78 553.225 462.878
4 0.898438 552.358 299.311 557.552 253.353 582.642 256.189 577.448 302.147
4 0.897461 48.9656 228.92 54.8978 182.58 80.2844 185.83 74.3522 232.17
2 0.894531 65.4782 418.635 72.3841 338.62 98.3968 340.865 91.4909 420.88
4 0.892578 18.9125 224.808 23.5129 180.987 46.9 183.442 42.2996 227.263
4 0.888672 398.995 191.425 403.218 157.373 425.005 160.075 420.782 194.127
2 0.885742 127.423 434.801 137.92 350.956 163.827 354.199 153.33 438.044
3 0.883789 492.574 455.727 497.206 399.009 524.926 401.273 520.294 457.991
2 0.882812 141.289 639.971 144.995 583.029 175.711 585.029 172.005 641.971
2 0.880859 331.613 523.263 352.438 370.804 384.887 375.237 364.062 527.696
3 0.875977 555.924 481.578 564.822 409.437 593.076 412.922 584.178 485.063
3 0.87207 374.285 464.864 386.737 385.333 414.215 389.636 401.763 469.167
2 0.861328 246.214 547.01 272.2 364.981 303.786 369.49 277.8 551.519
0 0.861328 177.561 249.657 182.449 193.212 209.939 195.593 205.051 252.038
2 0.845215 284.048 563.538 314.563 359.178 349.952 364.462 319.437 568.822
4 0.789062 178.681 250.145 181.943 193.27 209.569 194.855 206.307 251.73
3 0.762695 332.687 621.671 359.639 621.423 359.813 640.329 332.861 640.577
2 0.761719 625.848 498.649 625.918 420.336 642.152 420.351 642.082 498.664
3 0.738281 588.858 495.864 596.926 417.34 624.142 420.136 616.074 498.66
2 0.44043 587.925 497.312 597.879 417.304 625.075 420.688 615.121 500.696
3 0.405029 141.734 639.466 145.797 583.363 175.766 585.534 171.703 641.637
2 0.294678 628.386 310.079 632.244 251.801 641.614 252.421 637.756 310.699
