4 0.943359 354.501 394.129 398.773 404.214 393.499 427.371 349.227 417.286
4 0.943359 338.799 450.11 383.96 458.518 379.701 481.39 334.54 472.982
4 0.942383 420.062 156.291 463.799 165.76 458.938 188.209 415.201 178.74
4 0.941406 427.372 127.448 470.37 136.482 465.628 159.052 422.63 150.018
4 0.939453 332.671 477.415 377.57 484.781 373.829 507.585 328.93 500.219
4 0.935547 346.556 422.315 391.046 431.236 386.444 454.185 341.954 445.264
4 0.932617 320.502 527.263 363.616 536.945 358.498 559.737 315.384 550.055
2 0.932617 307.504 577.97 370.315 594.938 362.996 622.03 300.185 605.062
2 0.932617 397.23 225.723 459.724 241.173 453.27 267.277 390.776 251.827
3 0.928711 156.465 508.692 207.776 521.712 201.535 546.308 150.224 533.288
4 0.923828 312.615 553.554 358.915 563.133 353.885 587.446 307.585 577.867
2 0.918945 209.539 205.306 288.537 228.873 280.461 255.944 201.463 232.377
0 0.917969 407.628 187.383 462.46 198.29 457.372 223.867 402.54 212.96
3 0.917969 165.436 475.068 220.755 486.248 215.564 511.932 160.245 500.752
4 0.916992 443.307 62.7178 488.936 72.8908 483.693 96.4072 438.064 86.2342
3 0.912109 130.434 533.839 200.003 552.632 192.566 580.161 122.997 561.368
4 0.904297 450.665 32.6076 495.266 41.1241 490.835 64.3299 446.234 55.8134
2 0.894531 119.122 307.949 257.883 344.522 250.628 372.051 111.867 335.478
2 0.892578 1.75735 96.0573 80.4427 113.347 73.5551 144.693 -5.13025 127.403
2 0.890625 90.1988 260.703 270.534 304.7 263.801 332.297 83.4658 288.3
2 0.890625 104.303 221.07 278.702 262.487 271.947 290.93 97.5478 249.513
3 0.885742 115.425 565.802 191.627 584.394 185.575 609.198 109.373 590.606
2 0.879883 7.79707 44.5385 106.845 62.9798 100.89 94.9615 1.84256 76.5202
3 0.87793 169.743 357.312 247.639 375.811 241.257 402.688 163.361 384.189
2 0.874023 226.059 112.528 310.937 133.789 304.441 159.722 219.563 138.461
2 0.849609 252.941 51.182 333.818 70.9142 327.559 96.568 246.682 76.8358
3 0.845215 107.737 598.666 180.622 613.163 176.013 636.334 103.128 621.837
3 0.828613 178.671 390.27 240.516 406.977 233.829 431.73 171.984 415.023
4 0.821289 408.139 187.934 462.378 198.291 457.361 224.566 403.122 214.209
2 0.819824 -8.01463 161.085 22.154 158.3 24.749 186.415 -5.41964 189.2
3 0.791016 -6.27637 317.703 2.68113 292.331 20.9951 298.797 12.0376 324.169
3 0.712891 89.6017 621.808 159.46 625.133 158.648 642.192 88.7899 638.867
