2 0.949219 249.343 220.505 279.12 163.22 304.657 176.495 274.88 233.78
4 0.945312 425.534 321.25 446.697 280.267 467.966 291.25 446.803 332.233
4 0.943359 400.275 306.763 422.014 265.941 443.225 277.237 421.486 318.059
4 0.943359 449.663 335.154 471.409 294.619 492.337 305.846 470.591 346.381
4 0.939453 475.133 348.524 495.221 307.003 516.867 317.476 496.779 358.997
4 0.9375 161.056 166.633 181.811 127.623 202.944 138.867 182.189 177.877
2 0.9375 567.797 397.39 599.739 345.238 623.203 359.61 591.261 411.762
4 0.933594 519.207 372.987 540.984 334.682 561.793 346.513 540.016 384.818
2 0.933594 179.144 396.913 225.478 328.426 250.106 345.087 203.772 413.574
4 0.931641 186.426 181.752 207.969 141.853 229.074 153.248 207.531 193.147
3 0.929688 459.717 525.822 487.303 477.772 509.783 490.678 482.197 538.728
3 0.927734 429.688 509.918 456.285 458.024 479.812 470.082 453.215 521.976
4 0.926758 102.509 134.468 125.575 93.124 147.366 105.282 124.3 146.626
4 0.921875 543.367 389.15 564.625 347.198 586.633 358.35 565.375 400.302
2 0.920898 533.415 594.99 570.2 528.699 590.585 540.01 553.8 606.301
4 0.918945 76.2077 119.418 96.2676 79.906 117.542 90.707 97.4824 130.219
2 0.917969 165.834 499.195 258.991 344.446 286.166 360.805 193.009 515.554
2 0.910156 557.596 611.851 594.881 541.708 616.404 553.149 579.119 623.292
2 0.90918 257.973 508.629 327.34 385.298 355.027 400.871 285.66 524.202
2 0.908203 76.7291 383.038 139.701 279.422 165.271 294.962 102.299 398.578
4 0.907227 441.058 229.457 459.083 200.627 476.942 211.793 458.917 240.623
3 0.904297 317.518 476.655 356.088 404.363 379.482 416.845 340.912 489.137
2 0.898438 0.821171 612.064 55.7959 491.919 86.4288 505.936 31.4541 626.081
2 0.885742 44.3998 320.038 83.9779 245.026 106.6 256.962 67.0221 331.974
3 0.880859 503.845 584.138 540.841 513.629 564.155 525.862 527.159 596.371
2 0.878906 195.819 529.024 298.606 355.276 327.681 372.476 224.894 546.224
3 0.860352 478.672 559.185 513.919 493.905 537.828 506.815 502.581 572.095
2 0.856445 23.7074 352.661 82.743 240.146 109.793 254.339 50.757 366.854
0 0.856445 214.798 202.707 237.762 150.469 262.952 161.543 239.988 213.781
3 0.845215 352.584 475.377 381.163 422.834 401.916 434.123 373.337 486.666
4 0.830078 213.997 202.21 238.2 149.845 263.503 161.54 239.3 213.905
3 0.819824 81.0144 0.35811 117.329 -4.858 121.486 24.0794 85.1708 29.2955
2 0.791016 478.071 558.745 513.146 494.083 537.429 507.255 502.354 571.917
3 0.736328 570.656 625.585 605.643 622.139 607.344 639.415 572.357 642.861
2 0.725098 214.413 202.458 239.097 150.629 263.587 162.292 238.903 214.121
2 0.650879 504.565 579.812 539.375 513.592 561.435 525.188 526.625 591.408
