2 0.948242 313.164 579.498 374.278 592.436 368.336 620.502 307.222 607.564
4 0.943359 424.607 125.593 467.292 133.811 462.893 156.657 420.208 148.439
4 0.941406 417.269 154.437 461.168 162.959 456.731 185.813 412.832 177.291
4 0.94043 341.375 449.609 385.726 457.585 381.625 480.391 337.274 472.415
4 0.94043 348.208 421.764 392.823 429.505 388.792 452.736 344.177 444.995
4 0.939453 336.079 476.963 381.094 484.206 377.421 507.037 332.406 499.794
4 0.938477 355.514 393.314 400.204 402.346 395.486 425.686 350.796 416.654
4 0.93457 323.894 526.613 367.693 536.237 362.606 559.387 318.807 549.763
2 0.928711 395.38 224.551 459.183 239.084 453.12 265.699 389.317 251.166
4 0.921875 316.364 553.593 362.206 562.273 357.636 586.407 311.794 577.727
3 0.921875 159.33 511.095 211.652 523.266 205.92 547.905 153.598 535.734
4 0.917969 405.147 186.039 459.603 194.801 455.353 221.211 400.897 212.449
2 0.915039 206.397 205.983 288.02 229.925 279.853 257.767 198.23 233.825
4 0.915039 438.887 61.2344 484.722 70.2785 480.113 93.6406 434.278 84.5965
3 0.915039 134.628 537.239 204.488 555.422 197.372 582.761 127.512 564.578
3 0.914062 167.824 477.698 224.123 487.912 219.426 513.802 163.127 503.588
2 0.907227 119.465 313.665 256.083 346.997 249.535 373.835 112.917 340.503
2 0.896484 226.214 115.097 307.88 134.492 301.786 160.153 220.12 140.758
4 0.894531 445.761 29.7975 490.61 38.0054 486.239 61.89 441.39 53.6821
2 0.893555 104.328 224.834 276.464 262.105 270.172 291.166 98.0357 253.895
0 0.892578 405.495 185.754 460.038 195.132 455.505 221.496 400.962 212.118
3 0.889648 127.004 570.626 195.38 585.321 189.996 610.374 121.62 595.679
2 0.886719 0.0983086 102.51 77.5566 118.041 71.5267 148.115 -5.93161 132.584
2 0.882812 87.7923 263.321 270.116 305.44 263.708 333.179 81.3844 291.06
3 0.874023 167.763 359.943 249.608 376.485 244.237 403.057 162.392 386.515
2 0.866211 5.13482 47.4627 102.339 65.5608 95.9902 99.6623 -1.21437 81.5642
2 0.853027 243.475 52.6306 328.39 71.5622 322.525 97.8694 237.61 78.9378
3 0.829102 114.663 602.198 185.542 616.523 180.837 639.802 109.958 625.477
2 0.817383 -9.76839 188.626 3.69637 160.876 25.3309 171.374 11.8661 199.124
3 0.800781 181.146 393.94 243.384 408.721 237.604 433.06 175.366 418.279
3 0.729004 -6.57374 321.472 5.0274 296.246 21.9487 304.028 10.3476 329.254
3 0.501953 93.1122 627.356 145.048 626.957 145.138 638.644 93.2018 639.043
2 0.412109 -6.28603 321.45 4.33039 296.15 21.9657 303.55 11.3493 328.85
2 0.405273 103.086 629.66 144.554 629.723 144.539 639.34 103.071 639.277
