4 0.941406 388.766 430.706 433.765 424.876 436.734 447.794 391.735 453.624
4 0.939453 343.87 99.1692 387.563 94.2559 390.13 117.081 346.437 121.994
4 0.939453 393.938 457.337 439.596 451.492 442.562 474.663 396.904 480.508
2 0.939453 353.715 201.992 419.963 193.821 423.285 220.758 357.037 228.929
4 0.9375 380.263 373.837 425.934 368.346 428.737 391.663 383.066 397.154
4 0.9375 384.914 401.703 430.227 396.114 433.086 419.297 387.773 424.886
4 0.93457 404.374 536.862 452.164 530.221 455.626 555.138 407.836 561.779
4 0.927734 401.825 509.149 445.779 504.615 448.175 527.851 404.221 532.385
2 0.925781 411.577 559.884 474.508 554.562 476.923 583.116 413.992 588.438
4 0.919922 347.793 129.084 392.136 123.061 395.207 145.666 350.864 151.689
4 0.917969 333.711 33.9346 379.361 29.0847 381.789 51.9404 336.139 56.7903
4 0.916992 330.024 1.5807 373.562 -1.16121 374.976 21.2943 331.438 24.0362
0 0.911133 349.052 162.151 404.773 154.234 408.448 180.099 352.727 188.016
3 0.905273 238.615 522.433 293.962 513.702 297.885 538.567 242.538 547.298
3 0.901367 244.324 555.094 298.258 550.949 300.176 575.906 246.242 580.051
2 0.900391 170.061 256.844 255.17 250.96 257.189 280.156 172.08 286.04
3 0.895508 230.472 588.72 297.483 584.809 299.028 611.28 232.017 615.191
2 0.890625 80.1833 307.523 263.117 288.939 266.067 317.977 83.1333 336.561
3 0.883789 193.925 411.653 276.047 402.546 279.075 429.847 196.953 438.954
2 0.883789 127.244 383.724 272.667 370.751 275.256 399.776 129.833 412.749
4 0.879883 466.188 359.08 500.273 355.723 502.312 376.42 468.227 379.777
2 0.878906 86.8859 349.701 267.12 333.066 269.864 362.799 89.6302 379.434
2 0.847168 151.107 163.817 238.788 153.275 242.143 181.183 154.462 191.725
3 0.839355 220.527 439.706 280.534 433.052 283.223 457.294 223.216 463.948
3 0.834473 237.732 619.022 307.232 618.915 307.268 642.978 237.768 643.085
4 0.78418 348.724 163.141 404.884 153.574 409.276 179.359 353.116 188.926
3 0.775391 5.78528 416.367 39.625 416.886 39.2147 443.633 5.37495 443.114
4 0.714844 424.423 -0.0575688 448.61 0.0537403 448.577 7.37788 424.39 7.26657
3 0.549316 -2.57641 230.096 25.372 230.611 24.9202 255.154 -3.02823 254.639
2 0.544922 -4.17134 230.662 24.6481 229.955 25.2651 255.088 -3.55436 255.795
2 0.518555 348.29 163.139 403.771 152.457 408.71 178.111 353.229 188.793
