4 0.943359 392.874 427.78 437.593 420.866 441.126 443.72 396.407 450.634
4 0.941406 335.942 98.3349 379.919 91.3282 383.558 114.165 339.581 121.172
4 0.941406 382.714 371.265 427.269 364.516 430.786 387.735 386.231 394.484
4 0.939453 387.422 399.858 432.375 392.625 436.078 415.642 391.125 422.875
4 0.938477 398.362 454.75 443.482 446.636 447.638 469.75 402.518 477.864
4 0.935547 409.336 506.144 452.241 499.78 455.664 522.856 412.759 529.22
4 0.933594 411.911 533.198 459.383 525.111 463.589 549.802 416.117 557.889
2 0.932617 419.521 558.182 483.363 549.91 486.979 577.818 423.137 586.09
2 0.931641 351.005 199.963 415.021 190.668 418.995 218.037 354.979 227.332
0 0.931641 343.461 160.897 398.7 150.612 403.539 176.603 348.3 186.888
4 0.928711 341.148 128.507 385.271 120.501 389.352 142.993 345.229 150.999
3 0.916992 251.177 558.153 308.544 549.823 312.323 575.847 254.956 584.177
4 0.912109 323.645 33.622 369.899 26.8333 373.355 50.378 327.101 57.1667
3 0.90918 245.31 524.73 302.764 514.761 307.19 540.27 249.736 550.239
2 0.908203 171.146 261.142 252.837 253.349 255.604 282.358 173.913 290.151
4 0.904297 318.584 0.311402 363.954 -3.52547 365.916 19.673 320.546 23.5098
3 0.89502 198.717 413.869 279.323 403.173 283.033 431.131 202.427 441.827
3 0.890625 240.748 592.404 310.346 582.407 314.252 609.596 244.654 619.593
2 0.880859 81.8103 315.38 259.946 292.299 263.94 323.12 85.8038 346.201
4 0.875977 467.844 352.278 501.371 348.143 504.156 370.722 470.629 374.857
2 0.874023 81.3917 357.108 273.15 335.246 276.358 363.392 84.6004 385.254
2 0.865723 130.89 390.901 275.764 372.807 279.36 401.599 134.486 419.693
3 0.856445 222.031 444.161 283.429 434.282 287.219 457.839 225.821 467.718
2 0.836914 140.14 106.495 223.813 91.1818 228.86 118.755 145.187 134.068
3 0.836914 246.113 620.023 319.737 619.571 319.887 643.977 246.263 644.429
2 0.832031 154.032 167.933 234.12 156.68 237.968 184.067 157.88 195.32
2 0.640625 -3.59375 241.422 22.75 241.422 22.75 265.328 -3.59375 265.328
4 0.444336 -2.97543 242.405 23.4158 243.296 22.6629 265.595 -3.72828 264.704
4 0.418457 412.821 0.06813 435.648 -0.0719409 435.679 4.97874 412.852 5.11882
