4 0.94043 383.733 433.623 428.194 430.618 429.767 453.877 385.306 456.882
4 0.933594 377.69 377.728 422.835 373.841 424.81 396.772 379.665 400.659
4 0.932617 355.297 100.448 399.552 98.206 400.703 120.927 356.448 123.169
4 0.932617 392.576 541.381 439.802 536.291 442.424 560.619 395.198 565.709
4 0.932617 380.687 405.405 426.447 401.747 428.313 425.095 382.553 428.753
4 0.932617 392.552 513.211 435.639 510.763 436.948 533.789 393.861 536.237
2 0.931641 397.753 565.735 462.29 562.366 463.747 590.265 399.21 593.634
4 0.931641 387.334 461.808 431.848 457.217 434.166 479.692 389.652 484.283
4 0.928711 358.568 131.042 402.578 127.456 404.432 150.208 360.422 153.794
2 0.923828 362.114 203.206 426.001 199.969 427.386 227.294 363.499 230.531
0 0.916016 357.648 164.473 412.579 158.551 415.352 184.277 360.421 190.199
4 0.915039 346.855 3.3732 390.156 1.44567 391.145 23.658 347.844 25.5856
4 0.905273 348.661 34.6192 395.632 32.2395 396.839 56.0683 349.868 58.448
2 0.897461 175.938 249.431 257.757 246.417 258.812 275.069 176.993 278.083
3 0.896484 228.843 517.062 285.826 513.034 287.657 538.938 230.674 542.966
3 0.892578 230.972 551.792 285.21 548.961 286.528 574.208 232.29 577.039
2 0.87793 80.157 336.307 278.439 330.222 279.343 359.693 81.0614 365.778
3 0.874023 214.945 584.818 287.981 581.23 289.305 608.182 216.269 611.77
4 0.869141 463.913 366.347 499.361 365.15 500.087 386.653 464.639 387.85
2 0.869141 121.119 373.701 269.674 369.142 270.631 400.299 122.076 404.858
2 0.865723 85.521 293.771 260.564 288.399 261.479 318.229 86.4364 323.601
3 0.863281 190.783 406.141 270.84 399.741 272.967 426.359 192.91 432.759
2 0.829102 165.497 153.842 248.682 148.219 250.503 175.158 167.318 180.781
2 0.819336 163.513 90.1588 246.789 83.2448 248.987 109.716 165.711 116.63
3 0.812012 218.531 615.828 292.969 615.828 292.969 640.172 218.531 640.172
3 0.810059 213.399 434.942 273.8 429.74 275.851 453.558 215.45 458.76
2 0.789062 -1.96208 214.14 28.2341 213.491 28.8058 240.11 -1.39033 240.759
4 0.769043 357.996 165.06 413.059 159.807 415.504 185.44 360.441 190.693
4 0.658203 439.374 -1.31078 466.274 -1.88857 466.626 14.4983 439.726 15.0761
4 0.630371 -1.85097 214.561 27.4878 214.021 27.9603 239.689 -1.37843 240.229
0 0.406006 439.351 -1.53238 466.601 -1.61598 466.649 14.1418 439.399 14.2254
4 0.297119 1.53924 403.842 31.5855 403.658 31.742 429.158 1.6957 429.342
