4 0.945312 450.808 331.02 470.275 288.86 492.192 298.98 472.725 341.14
4 0.945312 424.947 317.899 445.168 275.229 467.053 285.601 446.832 328.271
4 0.943359 399.377 303.447 419.903 262.63 441.623 273.553 421.097 314.37
2 0.94043 245.951 222.696 274.251 165.328 300.049 178.054 271.749 235.422
4 0.939453 475.75 342.952 494.848 300.658 516.75 310.548 497.652 352.842
2 0.9375 569.497 389.858 598.703 334.142 623.503 347.142 594.297 402.858
2 0.9375 183.183 404.087 224.865 332.819 249.817 347.413 208.135 418.681
4 0.935547 521.157 366.225 541.532 326.77 562.843 337.775 542.468 377.23
4 0.931641 156.073 172.707 175.598 132.545 196.677 142.793 177.152 182.955
4 0.928711 546.193 381.521 564.983 338.509 587.807 348.479 569.017 391.491
4 0.927734 181.555 185.958 202.32 144.666 224.445 155.792 203.68 197.084
3 0.925781 485.708 552.806 521.395 487.196 545.292 500.194 509.605 565.804
3 0.918945 437.573 505.969 460.132 454.168 483.927 464.531 461.368 516.332
4 0.917969 96.4816 142.304 117.566 100.054 139.893 111.196 118.809 153.446
3 0.916016 467.71 521.941 491.511 474.202 514.29 485.559 490.489 533.298
2 0.914062 209.674 205.994 233.422 153.079 258.326 164.256 234.578 217.171
4 0.914062 68.8321 127.996 88.2015 87.2048 110.418 97.7541 91.0485 138.545
2 0.90918 173.675 504.773 258.185 350.247 285.575 365.227 201.065 519.753
2 0.908203 6.74401 617.989 65.3744 502.942 94.9435 518.011 36.3131 633.058
2 0.904297 45.6662 324.618 82.1945 254.147 104.834 265.882 68.3055 336.353
3 0.904297 322.656 472.459 359.507 404.21 382.344 416.541 345.493 484.79
4 0.89502 437.232 223.17 458.442 196.397 474.768 209.33 453.558 236.103
2 0.886719 564.852 608.195 603.292 530.497 626.148 541.805 587.708 619.503
2 0.883789 263.689 511.324 332.032 383.582 359.311 398.176 290.968 525.918
2 0.883789 542.33 588.359 576.824 519.238 597.67 529.641 563.176 598.762
2 0.883789 95.5197 364.807 138.463 287.138 162.98 300.693 120.037 378.362
3 0.880859 512.668 576.225 546.505 507.964 570.332 519.775 536.495 588.036
2 0.863281 199.882 537.951 302.234 355.155 330.618 371.049 228.266 553.845
0 0.862305 210.47 206.215 231.745 152.897 257.78 163.285 236.505 216.603
3 0.837891 359.464 472.582 385.725 418.356 407.536 428.918 381.275 483.144
3 0.779297 582.94 621.605 613.047 619.013 615.06 642.395 584.953 644.987
3 0.769531 541.004 589.761 575.347 520.077 597.996 531.239 563.653 600.923
2 0.72998 619.273 426.016 624.184 366.374 643.727 367.984 638.816 427.626
3 0.697266 561.354 607.099 603.277 535.61 627.646 549.901 585.723 621.39
