4 0.941406 129.524 209.768 140.262 166.583 162.976 172.232 152.238 215.417
4 0.941406 476.868 309.964 486.676 264.83 510.632 270.036 500.824 315.17
4 0.938477 394.449 287.826 405.651 243.178 429.551 249.174 418.349 293.822
4 0.935547 421.968 295.738 433.342 250.328 457.032 256.262 445.658 301.672
4 0.935547 450.029 303.677 460.476 258.847 483.971 264.323 473.524 309.153
2 0.931641 227.69 239.656 243.412 178.488 271.06 185.594 255.338 246.762
2 0.928711 204.154 429.512 230.117 352.851 257.096 361.988 231.133 438.649
4 0.926758 158.082 218.578 167.849 174.33 190.918 179.422 181.151 223.67
4 0.921875 64.881 192.442 76.7764 147.134 101.244 153.558 89.3486 198.866
0 0.920898 189.387 230.738 200.093 175.707 227.363 181.012 216.657 236.043
4 0.918945 526.764 322.695 538.87 280.588 562.236 287.305 550.13 329.412
2 0.916016 579.019 336.104 596.185 275.52 623.981 283.396 606.815 343.98
3 0.914062 505.551 487.099 519.862 434.447 545.449 441.401 531.138 494.053
4 0.914062 34.9641 184.408 45.1106 140.791 68.9734 146.342 58.8269 189.959
2 0.912109 54.6701 379.694 72.9128 305.723 97.5799 311.806 79.3372 385.777
3 0.910156 472.362 477.524 484.391 421.968 512.138 427.976 500.109 483.532
3 0.908203 531.452 512.833 550.483 442.811 577.548 450.167 558.517 520.189
2 0.904297 552.755 332.799 564.566 285.534 589.245 291.701 577.434 338.966
3 0.904297 354.129 468.419 377.041 393.664 402.871 401.581 379.959 476.336
4 0.900391 553.541 332.333 564.366 287.367 588.459 293.167 577.634 338.133
3 0.896484 559.026 536.273 580.787 455.658 606.974 462.727 585.213 543.342
2 0.894531 87.7769 633.592 111.094 554.325 141.973 563.408 118.656 642.675
4 0.888672 416.629 202.746 427.035 171.002 446.871 177.504 436.465 209.248
2 0.886719 211.38 535.799 264.032 358.189 296.12 367.701 243.468 545.311
2 0.883789 111.175 412.535 135.127 324.938 160.825 331.965 136.873 419.562
2 0.878906 594.382 536.163 612.087 461.74 635.618 467.337 617.913 541.76
2 0.854492 245.78 555.947 312.536 356.445 348.72 368.553 281.964 568.055
2 0.84375 302.51 520.037 343.158 377.728 375.49 386.963 334.842 529.272
3 0.832031 390.327 460.063 405.294 404.869 427.673 410.937 412.706 466.131
3 0.819824 288.672 622.2 317.198 622.725 316.828 642.8 288.302 642.275
2 0.802246 152.829 614.403 186.104 613.79 186.671 644.597 153.396 645.21
2 0.706543 624.873 551.775 625.425 490.058 644.127 490.225 643.575 551.942
3 0.615234 305.963 504.029 343.194 382.805 373.037 391.971 335.806 513.195
3 0.588379 591.533 537.393 612.171 461.46 638.467 468.607 617.829 544.54
3 0.510742 602.267 546.08 644.254 495.157 659.733 507.92 617.746 558.843
