4 0.951172 423.364 341.67 453.077 307.543 470.636 322.83 440.923 356.957
4 0.946289 444.156 361.463 474.168 327.099 491.844 342.537 461.832 376.901
4 0.945312 401.978 323.417 431.326 288.647 449.022 303.583 419.674 338.353
2 0.942383 167.169 366.557 225.711 310.305 244.581 329.943 186.039 386.195
4 0.941406 195.832 136.47 225.191 103.113 243.418 119.155 214.059 152.512
3 0.939453 414.392 551.8 450.655 509.826 469.608 526.2 433.345 568.174
4 0.938477 465.763 379.389 494.28 343.815 512.737 358.611 484.22 394.185
2 0.935547 270.596 206.206 314.409 159.041 335.404 178.544 291.591 225.709
4 0.93457 218.601 157.038 248.298 121.909 266.399 137.212 236.702 172.341
4 0.931641 503.798 412.909 533.893 380.512 551.202 396.591 521.107 428.988
2 0.931641 545.063 445.687 590.084 401.215 609.937 421.313 564.916 465.785
2 0.929688 126.284 466.394 259.337 331.284 279.466 351.106 146.413 486.216
2 0.925781 471.422 627.821 524.974 578.303 540.578 595.179 487.026 644.697
4 0.923828 122.508 71.5617 153.294 38.8264 170.492 55.0008 139.706 87.7361
3 0.921875 387.344 527.495 424.712 484.576 444.156 501.505 406.788 544.424
4 0.921875 145.168 91.3798 179.57 58.6266 196.582 76.4952 162.18 109.248
4 0.912109 457.547 255.036 483.62 233.165 496.453 248.464 470.38 270.335
2 0.908203 69.9268 331.435 152.016 242.795 172.823 262.065 90.734 350.705
4 0.907227 524.077 432.93 554.883 397.765 572.923 413.57 542.117 448.735
2 0.907227 499.159 625.022 558.518 603.268 566.841 625.978 507.482 647.732
2 0.90625 220.403 494.674 313.549 385.513 335.597 404.326 242.451 513.487
2 0.900391 240.304 182.958 276.413 137.051 297.696 153.792 261.587 199.699
0 0.898438 241.68 182.801 276.481 136.989 297.82 153.199 263.019 199.011
3 0.898438 286.117 470.824 337.39 410.642 357.383 427.676 306.11 487.858
2 0.883789 47.4302 266.077 106.488 196.107 125.82 212.423 66.7616 282.393
2 0.882812 165.229 491.016 298.418 351.338 319.021 370.984 185.832 510.662
3 0.875977 452.685 607.367 497.392 554.482 515.315 569.633 470.608 622.518
2 0.874023 -10.6542 512.669 13.0344 437.894 44.4042 447.831 20.7156 522.606
2 0.871582 426.153 584.518 474.844 530.464 494.847 548.482 446.156 602.536
2 0.869141 29.6296 281.81 103.059 195.755 124.37 213.94 50.9412 299.995
3 0.841309 319.218 478.908 361.164 433.336 378.282 449.092 336.336 494.664
3 0.812012 144.492 586.278 177.482 581.021 181.258 604.722 148.268 609.979
2 0.738281 11.2727 400.913 25.0376 432.889 5.99292 441.087 -7.77199 409.111
4 0.737793 186.223 -3.43549 213.629 -3.26733 213.527 13.3261 186.121 13.158
3 0.691406 501.77 621.765 561.499 606.218 567.23 628.235 507.501 643.782
2 0.636719 522.911 431.789 555.313 397.442 573.089 414.211 540.687 448.558
2 0.503418 185.284 -2.03887 213.809 -1.42619 213.466 14.5701 184.941 13.9574
