2 0.946289 247.624 221.97 276.732 163.921 302.376 176.78 273.268 234.829
4 0.943359 399.824 305.115 420.583 264.381 442.176 275.385 421.417 316.119
4 0.942383 450.576 333.29 470.798 291.696 492.424 302.21 472.202 343.804
4 0.941406 425.159 319.13 446.12 277.447 467.841 288.37 446.88 330.053
4 0.94043 158.435 168.996 179.231 129.619 200.315 140.754 179.519 180.131
4 0.94043 474.761 345.827 493.802 303.747 515.739 313.673 496.698 355.753
2 0.9375 568.818 393.135 599.648 338.517 624.182 352.365 593.352 406.983
4 0.935547 521.002 369.673 541.756 330.557 562.998 341.827 542.244 380.943
2 0.932617 180.756 400.212 225.555 330.712 250.494 346.788 205.695 416.288
4 0.931641 184.401 184.242 204.894 143.374 226.599 154.258 206.106 195.126
4 0.928711 72.9647 124.569 92.3025 84.0051 113.91 94.306 94.5725 134.87
3 0.927734 463.843 523.462 490.03 473.644 512.657 485.538 486.47 535.356
3 0.923828 482.193 556.305 517.011 489.947 541.307 502.695 506.489 569.053
4 0.919922 99.5531 137.957 122.249 96.2301 144.197 108.168 121.501 149.895
3 0.916016 433.475 507.813 458.435 456.673 482.025 468.187 457.065 519.327
4 0.916016 544.491 384.821 564.503 341.915 586.509 352.179 566.497 395.085
2 0.914062 44.8154 320.505 83.3633 249.764 105.81 261.995 67.2617 332.736
2 0.914062 169.872 502.963 258.169 346.538 285.628 362.037 197.331 518.462
2 0.908203 536.126 597.249 573.699 523.031 594.874 533.751 557.301 607.969
2 0.905273 5.75938 614.327 60.1545 499.773 89.4281 513.673 35.033 628.227
4 0.902344 440.486 227.093 457.677 198.086 475.514 208.657 458.323 237.664
3 0.901367 320.053 475.752 358.286 403.493 381.447 415.748 343.214 488.007
2 0.899414 99.8642 360.154 137.837 283.549 161.636 295.346 123.663 371.951
2 0.89502 260.841 510.43 329.139 383.941 357.159 399.07 288.861 525.559
2 0.892578 558.854 615.995 599.489 537.305 622.146 549.005 581.511 627.695
3 0.886719 506.212 583.713 543.955 510.072 567.788 522.287 530.045 595.928
0 0.868164 212.276 204.824 234.386 151.677 260.224 162.426 238.114 215.573
2 0.861328 196.627 535.533 299.959 353.289 329.373 369.967 226.041 552.211
3 0.842773 355.131 474.854 384.111 420.787 404.369 431.646 375.389 485.713
2 0.804688 -10.5159 562.533 3.30621 467.596 36.7659 472.467 22.9438 567.404
3 0.760742 578.781 622.312 608.285 619.817 610.219 642.688 580.715 645.183
2 0.759277 212.022 204.132 236.378 151.597 261.228 163.118 236.872 215.653
3 0.746094 558.518 616.158 596.624 539.061 622.482 551.842 584.376 628.939
3 0.705078 538.084 593.329 574.578 521.787 595.916 532.671 559.422 604.213
4 0.594238 212.829 204.376 234.81 151.481 260.421 162.124 238.44 215.019
