4 0.942383 476.948 335.029 493.444 291.419 516.052 299.971 499.556 343.581
4 0.942383 424.822 312.41 442.129 269.083 464.678 278.09 447.371 321.417
4 0.942383 451.095 324.431 468.029 281.124 490.905 290.069 473.971 333.376
2 0.941406 241.496 227.151 266.106 168.377 293.504 179.849 268.894 238.623
4 0.941406 399.102 300.051 415.553 257.596 438.398 266.449 421.947 308.904
2 0.935547 186.369 409.444 227.028 337.156 252.631 351.556 211.972 423.844
4 0.93457 175.467 193.786 192.725 151.012 215.533 160.214 198.275 202.988
4 0.93457 148.727 181.985 165.976 139.139 188.023 148.015 170.774 190.861
4 0.931641 87.6323 154.434 105.735 111.433 128.618 121.066 110.515 164.067
3 0.929688 477.379 513.908 500.359 462.703 524.621 473.592 501.641 524.797
3 0.929688 445.52 498.808 468.223 446.456 492.98 457.192 470.277 509.544
4 0.925781 60.4867 142.533 76.2062 100.735 97.7633 108.842 82.0438 150.64
4 0.924805 523.949 355.572 541.791 315.112 564.051 324.928 546.209 365.388
0 0.917969 204.4 210.805 223.2 158.387 249.85 167.945 231.05 220.363
3 0.917969 498.506 545.219 528.204 475.94 553.494 486.781 523.796 556.06
4 0.916016 548.528 369.39 565.226 324.888 588.472 333.61 571.774 378.112
2 0.912109 572.677 375.963 598.844 318.483 625.323 330.537 599.156 388.017
2 0.911133 46.1564 339.164 79.1142 266.474 101.969 276.836 69.0108 349.526
2 0.908203 181.213 515.422 260.736 348.94 289.287 362.578 209.764 529.06
3 0.899414 329.506 472.521 366.213 401.44 390.494 413.979 353.787 485.06
4 0.897461 433.917 219.589 448.555 189.421 467.083 198.411 452.445 228.579
2 0.890625 262.795 452.45 303.663 367.729 329.205 380.05 288.337 464.771
3 0.886719 522.225 570.567 555.503 494.393 580.775 505.433 547.497 581.607
2 0.885742 100.738 379.669 135.924 296.086 160.262 306.331 125.076 389.914
2 0.858398 82.0421 627.977 123.111 582.031 148.833 605.023 107.764 650.969
3 0.854492 366.95 471.961 391.085 416.483 413.05 426.039 388.915 481.517
2 0.847168 227.622 514.941 306.857 357.226 337.378 372.559 258.143 530.274
3 0.847168 551.375 583.608 583.818 504.772 609.625 515.392 577.182 594.228
2 0.834961 552.678 582.4 585.995 505.494 609.322 515.6 576.005 592.506
3 0.833496 235.013 616.169 266.333 615.448 266.987 643.831 235.667 644.552
2 0.833496 208.994 547.108 304.288 358.152 334.506 373.392 239.212 562.348
3 0.821289 577.562 599.822 610.467 516.523 637.438 527.178 604.533 610.477
4 0.819824 204.951 211.421 224.566 158.401 250.049 167.829 230.434 220.849
2 0.80957 578.729 598.934 612.495 515.981 637.271 526.066 603.505 609.019
4 0.808594 -11.6504 142.957 11.0085 124.361 26.1348 142.793 3.47591 161.389
3 0.798828 593.19 630.038 615.878 593.842 636.81 606.962 614.122 643.158
4 0.682129 -5.85204 165.818 15.1356 164.464 15.8755 175.932 -5.11214 177.286
3 0.653809 268.9 510.745 328.146 394.048 358.1 409.255 298.854 525.952
4 0.541992 622.597 410.636 623.705 357.929 644.403 358.364 643.295 411.071
2 0.515625 204.369 210.154 224.006 157.877 249.881 167.596 230.244 219.873
2 0.483398 0.617188 182.508 0.617187 158.492 11.8438 158.492 11.8438 182.508
2 0.461914 -9.56846 132.035 20.461 129.449 22.6153 154.465 -7.41415 157.051
3 0.335938 622.155 410.939 623.24 358.138 643.845 358.561 642.76 411.362
