4 0.948242 412.775 446.277 455.557 434.261 461.725 456.223 418.943 468.239
4 0.947266 396.292 391.663 439.047 380.883 444.708 403.337 401.953 414.117
4 0.946289 404.091 419.655 447.237 408.636 452.909 430.845 409.763 441.864
4 0.943359 388.4 364.813 431.174 354.238 436.6 376.187 393.826 386.762
4 0.941406 312.402 97.4258 355.843 87.2148 361.098 109.574 317.657 119.785
4 0.939453 433.924 522.958 479.08 510.499 485.576 534.042 440.42 546.501
4 0.9375 427.65 495.679 470.734 485.865 475.85 508.321 432.766 518.135
4 0.935547 321.262 127.261 364.243 115.615 370.238 137.739 327.257 149.385
2 0.935547 442.789 545.073 507.216 531.949 512.711 558.927 448.284 572.051
2 0.935547 338.098 196.168 401.346 182.016 407.402 209.082 344.154 223.234
0 0.928711 327.494 158.811 380.457 144.938 387.006 169.939 334.043 183.812
2 0.925781 166.139 275.377 246.79 262.019 251.611 291.123 170.96 304.481
4 0.915039 293.444 34.0446 339.153 23.3745 344.556 46.5179 298.847 57.188
3 0.914062 268.052 531.255 322.671 515.507 329.948 540.745 275.329 556.493
3 0.912109 276.957 564.083 331.865 552.459 337.043 576.917 282.135 588.541
4 0.904297 285.178 0.0960369 331.464 -4.67788 333.822 18.1852 287.536 22.9591
3 0.900391 270.164 598.226 341.516 584.033 346.836 610.774 275.484 624.967
4 0.898438 470.797 336.985 504.985 331.699 508.203 352.515 474.015 357.801
2 0.892578 89.7303 380.395 276.62 340.381 282.77 369.105 95.8803 409.119
3 0.892578 210.43 427.682 287.933 409.151 294.07 434.818 216.567 453.349
2 0.889648 79.9143 341.513 261.544 298.084 268.336 326.487 86.7055 369.916
2 0.886719 137.564 412.661 282.329 375.335 289.936 404.839 145.171 442.165
2 0.87793 135.782 187.134 217.084 167.034 223.718 193.866 142.416 213.966
3 0.870605 280.11 623.635 351.208 621.671 351.89 646.365 280.792 648.329
3 0.824219 237.051 451.658 294.985 439.393 299.949 462.842 242.015 475.107
3 0.396973 -6.12045 275.298 21.2596 276.812 20.1048 297.702 -7.27524 296.188
2 0.396973 13.488 212.682 14.5357 246.822 -1.61295 247.318 -2.66069 213.178
2 0.381836 -5.86068 275.492 21.7712 278.213 19.8216 298.008 -7.8103 295.287
