2 0.948242 280.796 203.702 328.431 158.836 347.704 179.298 300.069 224.164
2 0.947266 532.227 462.988 582.659 424.556 599.773 447.012 549.341 485.444
4 0.947266 420.107 350.884 453.26 319.222 469.393 336.116 436.24 367.778
4 0.946289 459.49 391.269 492.107 359.099 508.51 375.731 475.893 407.901
4 0.945312 440.297 372.263 473.417 340.34 489.703 357.237 456.583 389.16
0 0.945312 253.967 176.01 291.7 135.141 311.033 152.99 273.3 193.859
4 0.943359 400.968 329.919 433.681 299.201 449.532 316.081 416.819 346.799
2 0.942383 162.127 352.701 227.441 301.891 244.873 324.299 179.559 375.109
4 0.938477 212.247 125.846 244.873 96.0921 261.003 113.779 228.377 143.533
4 0.932617 494.819 428.182 528.705 398.906 544.181 416.818 510.295 446.094
3 0.931641 391.915 557.401 435.117 520.652 452.085 540.599 408.883 577.348
4 0.931641 233.108 148.54 265.312 117.02 281.892 133.96 249.688 165.48
2 0.931641 119.115 448.311 254.524 328.206 273.135 349.189 137.726 469.294
4 0.927734 512.831 449.409 547.433 417.463 564.169 435.591 529.567 467.537
3 0.927734 399.995 591.549 457.389 543.854 474.505 564.451 417.111 612.146
3 0.923828 369.225 532.036 410.652 493.847 428.275 512.964 386.848 551.153
4 0.921875 145.851 55.8755 177.742 25.6521 193.649 42.437 161.758 72.6604
2 0.921875 72.1247 310.618 156.367 228.796 175.875 248.882 91.6331 330.704
4 0.917969 165.758 78.031 201.44 46.7715 217.492 65.094 181.81 96.3535
2 0.910156 56.5227 236.21 117.007 180.196 134.227 198.79 73.7431 254.804
2 0.899414 202.768 485.166 310.685 383.519 331.232 405.334 223.315 506.981
2 0.895508 445.44 625.213 511.429 603.805 518.56 625.787 452.571 647.195
4 0.894531 463.306 267.298 489.593 247.297 501.694 263.202 475.407 283.203
3 0.889648 271.128 464.632 332.293 413.165 348.872 432.868 287.707 484.335
2 0.885742 253.547 444.898 308.87 389.913 325.953 407.102 270.63 462.087
3 0.876953 415.85 620.589 480.775 571.427 495.15 590.411 430.225 639.573
2 0.875977 229.254 464.392 309.926 389.796 328.246 409.608 247.574 484.204
2 0.871582 -6.92012 471.797 0.195896 415.306 31.1389 419.203 24.0229 475.694
2 0.845703 495.059 623.351 534.433 621.114 535.941 647.649 496.567 649.886
3 0.837891 307.161 476.645 351.534 437.951 365.839 454.355 321.466 493.049
2 0.720703 12.4648 375.158 14.1725 404.421 -1.61319 405.342 -3.32089 376.079
3 0.616211 443.62 628.177 507.645 601.138 516.38 621.823 452.355 648.862
4 0.580078 253.31 175.461 293.301 135.593 311.69 154.039 271.699 193.907
3 0.526367 494.948 623.619 532.641 619.906 535.052 644.381 497.359 648.094
