4 0.949219 403.396 383.023 445.37 368.15 453.104 389.977 411.13 404.85
4 0.948242 413.35 410.278 455.631 394.599 463.65 416.222 421.369 431.901
4 0.945312 391.973 357.666 434.107 342.224 442.027 363.834 399.893 379.276
4 0.943359 424.441 435.639 466.737 419.733 475.059 441.861 432.763 457.767
2 0.943359 325.328 194.281 387.752 174.241 396.172 200.469 333.748 220.509
4 0.942383 289.413 99.2695 331.292 84.502 339.087 106.606 297.208 121.373
4 0.941406 300.859 127.977 342.676 112.396 350.641 133.773 308.824 149.354
2 0.941406 467.151 530.234 528.665 512.345 536.349 538.766 474.835 556.655
4 0.939453 454.028 508.617 498.921 493.095 506.972 516.383 462.079 531.905
4 0.929688 444.928 482.829 487.499 469.343 494.572 491.671 452.001 505.157
0 0.928711 310.058 159.227 362.568 138.972 371.942 163.273 319.432 183.528
3 0.921875 290.441 535.263 342.709 515.423 351.559 538.737 299.291 558.577
2 0.919922 162.067 293.827 240.493 269.246 248.933 296.173 170.507 320.754
3 0.919922 304.179 566.302 356.546 551.203 363.321 574.698 310.954 589.797
4 0.916992 263.019 38.0668 307.993 23.4768 315.481 46.5582 270.507 61.1482
4 0.907227 252.161 5.8435 297.635 -3.56507 302.339 19.1721 256.865 28.5807
2 0.900391 81.3128 367.831 259.084 305.145 268.437 331.669 90.6658 394.355
3 0.898438 299.394 601.706 365.987 579.933 374.606 606.294 308.013 628.067
2 0.897461 94.0298 406.131 280.292 346.337 288.97 373.369 102.708 433.163
4 0.892578 471.74 321.641 504.787 312.523 510.26 332.359 477.213 341.477
3 0.884766 222.852 437.439 297.052 410.504 306.148 435.561 231.948 462.496
2 0.883789 102.596 145.583 182.517 117.195 191.654 142.917 111.733 171.305
2 0.876953 160.738 426.749 288.457 381.492 297.762 407.751 170.043 453.008
3 0.871582 312.343 622.193 384.417 616.32 386.657 643.807 314.583 649.68
2 0.860352 93.5642 218.037 202.089 176.365 212.686 203.963 104.161 245.635
3 0.851562 39.503 488.181 72.8067 484.28 75.622 508.319 42.3183 512.22
3 0.833496 252.632 461.092 307.83 441.341 315.368 462.408 260.17 482.159
3 0.456055 10.838 302.283 19.7943 330.554 1.91984 336.217 -7.03652 307.946
