2 0.949219 252.643 217.574 285.579 162.19 310.357 176.926 277.421 232.31
4 0.946289 400.881 309.234 423.382 269.903 444.119 281.766 421.618 321.097
4 0.943359 425.457 324.614 448.207 284.167 469.043 295.886 446.293 336.333
2 0.943359 176.531 392.154 226.243 325.767 249.719 343.346 200.007 409.733
4 0.942383 449.495 339.902 472.046 299.809 493.005 311.598 470.454 351.691
4 0.942383 474.087 353.771 495.418 313.192 516.413 324.229 495.082 364.808
4 0.94043 166.192 160.49 189.6 122.24 210.058 134.76 186.65 173.01
4 0.935547 516.832 379.796 541.103 342.237 561.168 355.204 536.897 392.763
0 0.93457 219.169 198.503 243.611 148.327 268.081 160.247 243.639 210.423
3 0.928711 423.209 513.252 450.204 464.867 473.291 477.748 446.296 526.133
3 0.925781 452.435 532.212 480.422 481.911 503.565 494.788 475.578 545.089
4 0.925781 190.761 176.503 214.477 136.797 235.739 149.497 212.023 189.203
2 0.924805 563.7 405.337 598.513 352.493 622.3 368.163 587.487 421.007
4 0.921875 109.097 126.024 135.025 86.3367 155.903 99.9758 129.975 139.663
3 0.918945 469.985 563.159 507.289 500.92 530.515 514.841 493.211 577.08
4 0.917969 541.213 397.359 562.909 355.737 584.787 367.141 563.091 408.763
2 0.916992 45.8006 304.591 87.2734 237.573 108.824 250.909 67.3516 317.927
4 0.916992 83.1581 111.004 105.051 71.9392 126.342 83.8711 104.449 122.936
2 0.915039 161.48 493.322 257.104 343.336 283.52 360.178 187.896 510.164
2 0.912109 76.2164 374.935 143.235 273.291 167.159 289.065 100.14 390.709
3 0.905273 492.873 592.448 532.213 523.005 556.127 536.552 516.787 605.995
4 0.904297 444.938 232.46 465.643 206.324 481.062 218.54 460.357 244.676
2 0.899414 -3.51415 604.772 41.2834 483.401 73.3266 495.228 28.5291 616.599
2 0.897461 545.893 625.542 586.077 550.64 608.107 562.458 567.923 637.36
2 0.896484 523.8 605.172 563.532 536.456 583.2 547.828 543.468 616.544
2 0.89502 250.381 509.997 327.692 384.528 353.619 400.503 276.308 525.972
3 0.892578 311.63 474.697 355.02 406.002 376.87 419.803 333.48 488.498
2 0.867188 188.716 533.214 298.251 353.604 324.784 369.786 215.249 549.396
3 0.834961 348.784 475.479 378.363 424.502 398.216 436.021 368.637 486.998
3 0.796875 191.664 621.308 219.545 601.415 232.586 619.692 204.705 639.585
3 0.736328 94.4534 -4.05479 126.605 -6.12911 128.172 18.1485 96.0197 20.2229
2 0.671387 217.942 197.234 245.095 148.258 268.558 161.266 241.405 210.242
3 0.580078 544.35 625.568 585.464 553.25 608.65 566.432 567.536 638.75
3 0.498047 520.646 609.662 560.539 536.451 582.354 548.338 542.461 621.549
4 0.484863 219.467 198.494 244.951 148.488 268.533 160.506 243.049 210.512
