4 0.945312 337.357 450.36 381.52 459.78 376.643 482.64 332.48 473.22
2 0.945312 302.791 579.237 364.77 593.755 358.209 621.763 296.23 607.245
4 0.943359 353.176 394.657 397.294 404.991 391.824 428.343 347.706 418.009
4 0.941406 430.667 129.11 473.523 139.079 468.333 161.39 425.477 151.421
4 0.939453 423.009 158.288 466.215 168.409 460.991 190.712 417.785 180.591
4 0.939453 316.859 527.39 359.696 537.841 354.141 560.61 311.304 550.159
4 0.9375 330.338 477.446 375.271 486.383 370.662 509.554 325.729 500.617
4 0.9375 345.365 422.797 389.101 432.266 384.135 455.203 340.399 445.734
2 0.935547 399.955 227.043 462.103 243.831 455.045 269.957 392.897 253.169
4 0.933594 308.522 553.241 353.982 563.596 348.478 587.759 303.018 577.404
0 0.927734 409.163 189.645 464.88 200.906 459.837 225.855 404.12 214.594
2 0.923828 210.609 204.246 289.915 228.303 281.891 254.754 202.585 230.697
4 0.923828 456.715 34.2135 499.872 44.6726 494.285 67.724 451.128 57.2649
3 0.919922 126.791 531.554 193.634 549.172 186.709 575.446 119.866 557.828
3 0.917969 152.624 505.379 206.277 519.696 199.626 544.621 145.973 530.304
3 0.914062 162.431 472.676 218.256 484.942 212.569 510.824 156.744 498.558
4 0.911133 447.841 65.2448 493.65 75.9011 488.159 99.5052 442.35 88.8489
2 0.904297 0.316509 90.3142 86.4782 109.108 79.8085 139.686 -6.35318 120.892
2 0.899414 236.631 112.837 314.285 133.815 307.369 159.413 229.715 138.435
3 0.897461 113.014 562.915 184.707 579.941 178.736 605.085 107.043 588.059
2 0.893555 119.629 304.705 255.464 342.52 247.871 369.795 112.036 331.98
2 0.893555 257.103 50.5418 335.128 70.851 328.397 96.7082 250.372 76.399
2 0.892578 105.788 217.82 281.97 261.951 274.962 289.93 98.7798 245.799
2 0.888672 95.4993 257.058 268.969 302.21 261.751 329.942 88.2808 284.79
3 0.888672 169.394 355.162 246.875 375.33 240.106 401.338 162.625 381.17
2 0.875977 8.45796 39.5561 112.421 58.9125 106.667 89.8189 2.70364 70.4625
3 0.862305 102.43 592.512 175.636 609.66 169.82 634.488 96.6141 617.34
2 0.827637 -6.21308 154.421 26.6282 154.018 26.9787 182.579 -5.86257 182.982
3 0.796875 184.948 392.556 240.001 405.809 234.552 428.444 179.499 415.191
3 0.772949 -9.50439 300.047 12.1432 286.868 23.1528 304.953 1.50522 318.132
3 0.766602 88.985 621.189 156.759 623.477 156.14 641.811 88.3661 639.523
4 0.712891 410.119 189.746 464.488 200.734 459.381 226.004 405.012 215.016
2 0.416748 158.546 352.788 251.161 376.591 244.704 401.712 152.089 377.909
