4 0.951172 395.709 350.22 435.473 330.242 445.791 350.78 406.027 370.758
4 0.949219 422.349 400.127 463.135 380.529 473.151 401.373 432.365 420.971
4 0.948242 409.549 374.043 449.661 354.921 459.451 375.457 419.339 394.579
4 0.942383 267.195 103.656 307.086 85.0885 316.805 105.969 276.914 124.537
4 0.942383 473.495 493.636 515.887 473.267 526.505 495.364 484.113 515.733
4 0.942383 436.359 423.553 477.274 403.154 487.641 423.947 446.726 444.346
2 0.938477 312.534 195.61 371.791 168.743 382.966 193.39 323.709 220.257
4 0.9375 280.527 131.289 320.526 110.808 330.973 131.211 290.974 151.692
4 0.93457 461.128 468.679 502.646 450.844 511.872 472.321 470.354 490.156
2 0.933594 486.832 514.415 546.731 489.497 557.168 514.585 497.269 539.503
2 0.931641 160.282 308.985 235.653 278.978 246.218 305.515 170.847 335.522
3 0.929688 330.187 566.536 380.665 545.989 389.813 568.464 339.335 589.011
0 0.928711 293.239 161.104 343.525 135.55 355.261 158.646 304.975 184.2
4 0.926758 220.293 17.6119 260.658 0.418327 269.457 21.0756 229.092 38.2692
3 0.923828 313.656 535.811 364.596 512.099 375.344 535.189 324.404 558.901
4 0.921875 234.116 45.6155 277.638 26.1235 287.384 47.8845 243.862 67.3765
3 0.915039 328.423 601.69 398.736 573.509 409.077 599.31 338.764 627.491
2 0.908203 90.0171 392.266 257.081 313.093 269.233 338.734 102.169 417.907
3 0.902344 234.038 449.206 307.046 411.327 318.962 434.294 245.954 472.173
4 0.894531 471.486 305.024 503.924 294.031 510.514 313.476 478.076 324.469
2 0.885742 104.017 430.957 284.396 347.5 295.983 372.543 115.604 456
3 0.882812 345.671 623.938 412.861 608.796 418.329 633.062 351.139 648.204
2 0.880859 80.8764 244.214 186.186 189.473 200.124 216.286 94.8139 271.027
2 0.879883 185.794 391.682 282.633 345.151 295.206 371.318 198.367 417.849
2 0.867188 79.4542 173.115 161.495 131.898 173.546 155.885 91.505 197.102
2 0.858887 220.281 423.665 292.459 384.227 303.719 404.835 231.541 444.273
2 0.848633 157.633 448.231 290.469 384.404 303.617 411.769 170.781 475.596
4 0.817383 214.705 -2.10433 251.77 -4.21031 252.795 13.8387 215.73 15.9447
3 0.686035 403.49 628.434 429.485 627.397 430.01 640.566 404.015 641.603
2 0.682129 10.8369 334.108 23.6998 363.613 3.56153 372.392 -9.30138 342.887
2 0.660645 12.5379 408.732 14.2369 439.466 -0.272247 440.268 -1.97123 409.534
4 0.597168 293.305 161.812 342.125 134.893 354.695 157.688 305.875 184.607
4 0.512207 11.2126 409.248 11.303 438.717 -0.0250821 438.752 -0.115489 409.283
