4 0.948242 401.289 310.8 424.397 272.077 444.711 284.2 421.603 322.923
4 0.947266 425.374 325.978 448.594 287.067 468.626 299.022 445.406 337.933
4 0.946289 448.662 341.883 472.516 302.734 492.838 315.117 468.984 354.266
2 0.943359 254.311 216.382 289.199 161.983 313.189 177.368 278.301 231.767
2 0.94043 175.656 389.409 225.688 324.994 248.344 342.591 198.312 407.006
4 0.939453 473.072 356.055 495.899 316.19 516.428 327.945 493.601 367.81
4 0.938477 169.339 158.594 191.877 120.695 212.411 132.906 189.873 170.805
4 0.928711 516.494 382.987 540.539 345.653 560.506 358.513 536.461 395.847
4 0.927734 86.8531 107.207 109.739 68.3526 130.647 80.6676 107.761 119.522
3 0.927734 419.719 515.252 448.144 465.917 471.281 479.248 442.856 528.583
2 0.925781 561.441 409.503 595.218 358.146 618.559 373.497 584.782 424.854
4 0.923828 193.867 174.475 218.218 135.891 238.633 148.775 214.282 187.359
2 0.921875 514.892 609.841 557.243 539.916 579.108 553.159 536.757 623.084
2 0.920898 543.366 622.016 583.581 554.453 604.634 566.984 564.419 634.547
0 0.918945 221.426 196.705 247.302 146.831 271.324 159.295 245.448 209.169
4 0.918945 539.994 400.116 563.115 359.88 584.006 371.884 560.885 412.12
4 0.917969 112.32 122.983 138.345 83.2465 159.18 96.8925 133.155 136.629
2 0.914062 156.532 491.247 255.89 342.053 281.718 359.253 182.36 508.447
3 0.914062 449.281 533.926 479.082 484.678 501.219 498.074 471.418 547.322
3 0.912109 487.019 595.171 527.716 525.282 550.981 538.829 510.284 608.718
2 0.911133 44.3101 304.855 88.7758 232.193 109.94 245.145 65.4742 317.807
2 0.910156 74.6668 370.689 142.169 269.665 166.333 285.811 98.8314 386.835
3 0.90625 308.163 475.1 352.914 406.313 375.337 420.9 330.586 489.687
2 0.90625 248.164 506.197 322.131 386.156 348.336 402.303 274.369 522.344
4 0.904297 446.384 234.551 466.966 208.997 482.116 221.199 461.534 246.753
2 0.890625 -6.71787 600.305 37.0451 478.29 68.8429 489.695 25.0799 611.71
2 0.871582 182.396 526.128 297.468 353.91 322.854 370.872 207.782 543.09
3 0.864746 349.17 474.536 377.912 425.567 397.33 436.964 368.588 485.933
2 0.848633 278.191 464.664 325.929 390.292 347.809 404.336 300.071 478.708
3 0.786133 188.685 612.895 220.276 602.324 227.565 624.105 195.974 634.676
2 0.747559 219.898 195.838 247.842 147.164 271.352 160.662 243.408 209.336
4 0.683594 221.14 196.076 248.632 147.719 271.86 160.924 244.368 209.281
