4 0.933594 368.222 413.985 412.774 414.942 412.278 438.015 367.726 437.058
4 0.927734 366.323 442.508 411.305 443.751 410.677 466.492 365.695 465.249
2 0.927734 362.725 575.203 426.289 578.619 424.775 606.797 361.211 603.381
4 0.924805 368.804 385.22 414.407 386.619 413.696 409.78 368.093 408.381
4 0.921875 366.246 470.112 411.176 470.939 410.754 493.888 365.824 493.061
2 0.920898 376.246 211.297 441.214 214.789 439.754 241.953 374.786 238.461
4 0.919922 364.802 521.374 408.211 524.175 406.698 547.626 363.289 544.825
4 0.917969 385.433 109.128 429.048 110.065 428.567 132.497 384.952 131.56
4 0.916016 361.179 549.394 408.152 550.98 407.321 575.606 360.348 574.02
4 0.912109 384.102 138.813 428.523 140.04 427.898 162.687 383.477 161.46
0 0.911133 377.84 171.715 434.121 171.629 434.16 197.285 377.879 197.371
2 0.901367 187.385 229.583 270.596 239.069 267.365 267.417 184.154 257.931
4 0.899414 389.999 10.2656 433.461 12.0668 432.501 35.2344 389.039 33.4332
4 0.890625 388.065 42.1576 433.96 44.1301 432.935 67.9674 387.04 65.9949
3 0.885742 178.577 568.424 252.54 573.31 250.673 601.576 176.71 596.69
3 0.882812 199.279 538.484 253.68 540.487 252.721 566.516 198.32 564.513
3 0.880859 200.342 503.442 259.114 505.607 258.158 531.558 199.386 529.393
3 0.874023 170.822 600.828 248.584 605.007 247.178 631.172 169.416 626.993
2 0.871582 82.2636 305.654 270.354 318.079 268.486 346.346 80.3964 333.921
2 0.869141 85.6128 266.107 269.917 274.594 268.637 302.393 84.3326 293.906
2 0.856445 185.514 136.009 265.627 139.453 264.487 165.991 184.373 162.547
2 0.854492 198.903 71.0806 279.817 74.8069 278.597 101.294 197.683 97.5681
4 0.848633 455.894 387.185 490.866 389.226 489.606 410.815 454.634 408.774
2 0.847168 125.287 349.74 266.7 359.517 264.713 388.26 123.3 378.483
2 0.845703 -0.0932064 169.502 43.781 169.233 43.9682 199.748 0.0940342 200.017
3 0.838867 180.115 386.287 262.309 390.704 260.885 417.213 178.691 412.796
3 0.798828 -3.67545 361.388 22.7609 361.144 22.9723 384.112 -3.46405 384.356
4 0.660645 377.435 171.568 434.838 172.184 434.565 197.682 377.162 197.066
