4 0.951172 445.979 357.661 473.453 321.666 492.021 335.839 464.547 371.834
4 0.946289 423.719 338.604 452.322 302.978 470.281 317.396 441.678 353.022
4 0.943359 189.385 140.385 218.953 105.679 237.365 121.365 207.797 156.071
4 0.94043 467.939 373.662 495.269 337.598 514.061 351.838 486.731 387.902
4 0.94043 402.185 320.695 430.032 284.672 448.315 298.805 420.468 334.828
4 0.938477 212.707 160.686 240.552 124.465 259.543 139.064 231.698 175.285
2 0.938477 266.4 208.262 308.659 159.12 330.6 177.988 288.341 227.13
2 0.9375 166.295 371.282 226.506 312.711 246.455 333.218 186.244 391.789
4 0.935547 507.099 406.217 536.897 372.413 554.901 388.283 525.103 422.087
2 0.933594 548.532 437.335 592.881 391.322 613.468 411.165 569.119 457.178
2 0.931641 136.252 471.725 258.265 334.164 279.248 352.775 157.235 490.336
2 0.928711 481.207 624.309 533.06 569.003 549.793 584.691 497.94 639.997
4 0.928711 137.626 98.0663 170.804 63.3787 188.374 80.1837 155.196 114.871
4 0.927734 114.52 79.7 142.431 44.881 160.73 59.55 132.819 94.369
3 0.921875 395.022 524.44 430.4 480.788 450.478 497.06 415.1 540.712
4 0.918945 527.576 425.815 557.178 389.148 576.424 404.685 546.822 441.352
3 0.914062 421.509 545.886 457.811 506.079 476.491 523.114 440.189 562.921
2 0.910156 505.344 629.588 564.983 593.903 576.656 613.412 517.017 649.097
2 0.907227 525.598 425.045 556.567 388.495 575.402 404.455 544.433 441.005
3 0.902344 289.389 472.778 341.915 408.674 362.111 425.222 309.585 489.326
2 0.902344 47.1885 272.111 101.921 205.938 121.812 222.389 67.0788 288.562
4 0.898438 455.57 251.88 479.157 227.219 493.43 240.87 469.843 265.531
2 0.898438 71.5844 339.076 151.179 247.94 172.916 266.924 93.3209 358.06
0 0.89502 236.158 184.937 269.587 138.614 291.342 154.313 257.913 200.636
2 0.892578 225.906 495.173 314.868 386.264 337.594 404.827 248.632 513.736
2 0.892578 271.737 449.325 317.005 391.182 336.263 406.175 290.995 464.318
3 0.880859 461.102 603.693 506.203 548.132 524.898 563.307 479.797 618.868
2 0.867188 171.906 495.765 293.526 352.567 316.094 371.735 194.474 514.933
2 0.864746 -10.3032 529.682 18.134 447.99 49.2407 458.818 20.8035 540.51
3 0.851562 433.078 581.315 481.766 524.432 501.922 541.685 453.234 598.568
3 0.850586 327.426 477.702 364.418 431.699 382.574 446.298 345.582 492.301
4 0.819824 174.577 -7.61209 202.558 -8.04135 202.923 15.7683 174.942 16.1976
3 0.804688 151.307 601.529 180.178 583.277 192.943 603.471 164.072 621.723
2 0.743652 236.734 185.683 269.983 139.308 291.266 154.567 258.017 200.942
2 0.715332 -8.59783 421.685 29.0853 424.407 27.3947 447.815 -10.2884 445.093
2 0.552246 433.174 582.123 480.68 525.222 501.826 542.877 454.32 599.778
