2 0.94043 225.707 241.459 241.476 179.465 269.293 186.541 253.524 248.535
4 0.94043 421.758 293.941 431.692 248.77 455.742 254.059 445.808 299.23
4 0.933594 393.985 286.032 404.564 241.747 428.515 247.468 417.936 291.753
4 0.933594 449.756 301.26 459.573 256.544 483.244 261.74 473.427 306.456
4 0.933594 476.402 307.491 486.138 261.894 510.098 267.009 500.362 312.606
2 0.925781 206.107 432.228 230.894 354.196 257.893 362.772 233.106 440.804
4 0.923828 526.977 319.856 537.328 276.93 561.023 282.644 550.672 325.57
2 0.921875 578.758 332.38 594.949 271.14 623.242 278.62 607.051 339.86
4 0.921875 156.326 221.173 165.228 176.776 189.174 181.577 180.272 225.974
0 0.921875 186.998 233.33 197.76 177.61 225.252 182.92 214.49 238.64
4 0.921875 127.788 213.21 136.883 169.714 159.962 174.54 150.867 218.036
4 0.915039 62.5027 197.612 72.5036 151.592 96.8723 156.888 86.8714 202.908
4 0.912109 32.5941 189.464 42.253 145.865 65.5934 151.036 55.9345 194.635
3 0.912109 356.044 468.494 378.835 391.614 405.456 399.506 382.665 476.386
3 0.910156 474.557 474.948 486.215 419.249 513.943 425.052 502.285 480.751
4 0.90918 553.175 328.382 563.123 282.735 587.825 288.118 577.877 333.765
2 0.901367 54.3515 391.001 73.302 309.68 98.2735 315.499 79.323 396.82
2 0.898438 94.7497 637.669 113.667 559.809 144.625 567.331 125.708 645.191
4 0.898438 414.502 201.841 422.452 168.623 443.498 173.659 435.548 206.877
3 0.896484 508.566 483.955 521.759 430.239 547.434 436.545 534.241 490.261
3 0.892578 534.21 510.21 551.995 436.577 579.79 443.29 562.005 516.923
2 0.888672 217.095 533.116 268.12 360.63 299.405 369.884 248.38 542.37
2 0.883789 117.671 402.772 134.955 330.241 160.079 336.228 142.795 408.759
3 0.876953 564.398 528.623 582.436 450.811 608.602 456.877 590.564 534.689
2 0.868164 600.045 530.399 614.33 455.118 637.955 459.601 623.67 534.882
3 0.84375 390.61 459.658 407.886 400.928 431.39 407.842 414.114 466.572
2 0.836914 249.02 561.369 312.891 356.207 347.98 367.131 284.109 572.293
2 0.81543 160.512 616.585 190.729 616.307 190.988 644.415 160.771 644.693
2 0.812012 306.19 521.647 344.762 381.742 377.81 390.853 339.238 530.758
3 0.777344 292.764 622.49 321.888 622.714 321.736 642.51 292.612 642.286
3 0.702637 307.002 513.608 345.756 380.641 377.498 389.892 338.744 522.859
2 0.671875 551.423 326.58 563.383 281.063 587.577 287.42 575.617 332.937
2 0.645996 187.799 234.276 197.41 178.599 224.201 183.224 214.59 238.901
2 0.607422 626.548 542.849 630.202 481.364 643.452 482.151 639.798 543.636
2 0.533691 564.564 528.951 584.488 451.859 608.436 458.049 588.512 535.141
