4 0.951172 435.849 379.732 471.351 351.674 485.651 369.768 450.149 397.826
4 0.949219 418.366 357.018 453.258 329.048 467.634 346.982 432.742 374.952
4 0.947266 400.197 335.58 435.351 307.088 449.803 324.92 414.649 353.412
4 0.946289 454.118 400.764 488.933 371.47 503.882 389.236 469.067 418.53
4 0.946289 226.201 118.402 261.37 90.782 276.049 109.473 240.88 137.093
2 0.945312 289.198 201.529 340.49 159.894 357.802 181.221 306.51 222.856
2 0.941406 161.98 341.251 230.037 295.398 245.77 318.749 177.713 364.602
4 0.9375 487.085 439.347 523.348 414.263 536.415 433.153 500.152 458.237
0 0.935547 264.064 171.864 305.554 133.558 322.936 152.386 281.446 190.692
4 0.935547 245.18 142.831 279.524 114.336 294.32 132.169 259.976 160.664
3 0.928711 376.556 561.183 421.036 526.853 436.444 546.817 391.964 581.147
2 0.928711 522.171 477.99 574.768 442.023 590.829 465.51 538.232 501.477
4 0.928711 503.411 462.318 540.083 434.238 554.589 453.182 517.917 481.262
3 0.925781 354.284 534.566 397.908 500.306 413.716 520.434 370.092 554.694
2 0.923828 107.173 436.693 257.697 321.984 274.327 343.807 123.803 458.516
4 0.921875 164.256 44.7149 197.823 16.5585 212.744 34.3476 179.177 62.504
2 0.921875 68.6973 292.894 165.695 216.956 183.428 239.606 86.4296 315.544
2 0.920898 65.1343 215.938 127.559 166.913 142.991 186.562 80.5658 235.587
4 0.918945 183.074 66.9532 221.526 39.8723 235.426 59.6093 196.974 86.6902
4 0.904297 466.544 276.462 495.417 259.722 505.456 277.038 476.583 293.778
3 0.901367 381.981 596.864 441.99 553.138 458.019 575.136 398.01 618.862
3 0.899414 394.757 624.412 461.918 582.458 475.743 604.588 408.582 646.542
3 0.895508 262.763 462.623 325.162 412.76 341.237 432.877 278.838 482.74
2 0.87207 190.39 474.199 306.988 384.065 326.11 408.801 209.512 498.935
3 0.832031 440.122 625.012 493.532 615.153 497.378 635.988 443.968 645.847
4 0.800293 -9.716 433.977 2.2952 395.758 30.1847 404.523 18.1735 442.742
4 0.780762 93.8767 29.01 118.235 3.22825 136.373 20.365 112.015 46.1468
2 0.769531 244.843 439.552 304.67 387.865 321.157 406.948 261.33 458.635
2 0.754883 -8.99799 440.678 -4.6731 395.886 25.7324 398.822 21.4075 443.614
2 0.751953 502.872 462.131 540.522 433.894 555.128 453.369 517.478 481.606
3 0.724121 102.391 562.612 132.393 553.486 139.359 576.388 109.357 585.514
3 0.62207 485.978 626.744 509.978 626.67 510.022 641.256 486.022 641.33
4 0.603027 263.487 171.791 306.299 133.641 323.513 152.959 280.701 191.109
2 0.507812 262.695 171.083 305.576 133.341 322.805 152.917 279.924 190.659
2 0.492676 382.433 597.673 441.608 552.002 458.067 573.327 398.892 618.998
