4 0.939453 450.946 312.227 464.135 268.811 487.054 275.773 473.865 319.189
4 0.9375 423.352 302.545 438.087 258.705 461.148 266.455 446.413 310.295
4 0.9375 477.255 321.083 490.171 276.576 513.745 283.417 500.829 327.924
2 0.9375 232.582 233.947 252.546 173.437 279.418 182.303 259.454 242.813
4 0.933594 137.632 196.748 150.954 153.667 173.868 160.752 160.546 203.833
4 0.932617 397.305 293.274 411.231 249.432 434.195 256.726 420.269 300.568
3 0.931641 494.031 498.605 512.247 447.571 536.969 456.395 518.753 507.429
4 0.928711 527.466 338.347 540.423 296.07 563.534 303.153 550.577 345.43
4 0.927734 165.217 207.278 178.435 163.218 201.783 170.222 188.565 214.282
2 0.926758 194.67 421.287 227.47 344.77 255.33 356.713 222.53 433.23
3 0.923828 343.207 471.462 371.673 398.17 395.793 407.538 367.327 480.83
2 0.921875 576.454 353.646 598.343 295.171 625.546 305.354 603.657 363.829
4 0.920898 74.5595 175.334 89.3143 131.435 112.316 139.166 97.5607 183.065
4 0.917969 45.6477 164.284 58.8944 122.358 80.6023 129.216 67.3556 171.142
0 0.916016 195.534 222.924 210.007 167.146 236.716 174.076 222.243 229.854
2 0.90625 61.6205 634.066 94.5233 538.84 126.63 549.934 93.7267 645.16
2 0.905273 49.5543 364.934 73.8957 287.22 98.9457 295.066 74.6043 372.78
4 0.897461 551.761 349.23 565.505 304.481 589.239 311.77 575.495 356.519
2 0.892578 198.94 525.176 263.996 353.195 296.06 365.324 231.004 537.305
3 0.892578 460.564 488.263 476.919 434.345 502.936 442.237 486.581 496.155
2 0.890625 290.423 516.997 341.333 381.629 371.577 393.003 320.667 528.371
4 0.888672 424.809 210.158 437.02 178.862 456.191 186.342 443.98 217.638
2 0.886719 276.505 452.594 307.647 368.02 334.495 377.906 303.353 462.48
2 0.879883 94.0808 423.636 132.594 311.966 161.294 321.864 122.781 433.534
3 0.868164 518.186 526.919 539.061 459.319 565.814 467.581 544.939 535.181
2 0.858887 549.745 348.833 565.102 303.488 589.255 311.667 573.898 357.012
2 0.84082 123.254 611.227 163.592 603.716 169.746 636.773 129.408 644.284
2 0.839355 229.511 549.289 306.479 363.068 339.489 376.711 262.521 562.932
2 0.837891 577.642 556.931 602.142 483.34 625.358 491.069 600.858 564.66
3 0.819336 542.774 553.144 569.299 477.736 595.226 486.856 568.701 562.264
2 0.800781 196.013 222.003 210.773 167.53 236.487 174.497 221.727 228.97
3 0.760742 609.5 577.816 620.123 493.483 649.5 497.184 638.877 581.517
2 0.759277 544.954 550.028 570.626 474.655 595.046 482.972 569.374 558.345
3 0.73291 265.523 619.984 293.977 619.984 293.977 643.016 265.523 643.016
3 0.716309 614.757 595.754 642.161 576.486 653.243 592.246 625.839 611.514
3 0.576172 575.163 561.881 600.433 484.792 625.837 493.119 600.567 570.208
4 0.539551 0.310548 193.172 0.310546 160.078 7.9082 160.078 7.9082 193.172
2 0.505371 265.34 619.982 294.089 619.893 294.16 643.018 265.411 643.107
4 0.314453 636.5 336.642 641.137 380.931 627.5 382.358 622.863 338.069
