2 0.942383 236.433 232.23 258.102 171.413 285.067 181.02 263.398 241.837
4 0.942383 451.165 317.576 465.403 273.802 488.835 281.424 474.597 325.198
4 0.941406 423.947 306.449 439.577 262.82 462.553 271.051 446.923 314.68
4 0.938477 169.457 201.877 184.052 158.121 207.293 165.873 192.698 209.629
4 0.9375 397.845 295.581 413.482 252.088 436.655 260.419 421.018 303.912
4 0.9375 477.247 326.804 491.201 282.873 514.253 290.196 500.299 334.127
4 0.93457 141.862 191.167 156.623 148.26 178.638 155.833 163.877 198.74
2 0.928711 574.615 363.412 598.151 303.83 625.385 314.588 601.849 374.17
4 0.928711 80.4704 166.514 96.5142 123.403 118.905 131.736 102.861 174.847
2 0.925781 190.6 416.631 227.239 340.973 254.9 354.369 218.261 430.027
4 0.923828 525.247 344.764 540.927 303.552 563.753 312.236 548.073 353.448
4 0.919922 51.127 155.66 64.9455 113.064 87.373 120.34 73.5545 162.936
3 0.918945 510.773 532.893 535.109 467.727 560.227 477.107 535.891 542.273
3 0.912109 338.143 472.357 367.384 400.045 392.357 410.143 363.116 482.455
3 0.90625 488.257 505.534 506.585 452.883 531.243 461.466 512.915 514.117
2 0.904297 268.585 454.291 305.259 367.265 332.415 378.709 295.741 465.735
4 0.900391 550.541 357.265 565.927 312.624 589.459 320.735 574.073 365.376
2 0.899414 193.316 519.103 263.843 352.816 294.684 365.897 224.157 532.184
3 0.899414 455.985 492.139 473.265 439.562 498.515 447.861 481.235 500.438
2 0.897461 47.3518 357.067 76.8345 278.946 100.648 287.933 71.1655 366.054
3 0.896484 537.685 555.396 565.157 483.932 590.315 493.604 562.843 565.068
2 0.892578 47.0711 634.072 87.1645 529.896 118.429 541.928 78.3355 646.104
4 0.892578 427.617 214.118 440.227 182.375 460.383 190.382 447.773 222.125
2 0.888672 89.9445 418.634 134.457 303.502 162.555 314.366 118.043 429.498
2 0.879883 283.894 515.489 337.057 383.142 366.606 395.011 313.443 527.358
2 0.87793 549.713 356.807 566.383 310.995 590.287 319.693 573.617 365.505
0 0.873047 198.999 217.22 216.023 164.329 241.501 172.53 224.477 225.421
2 0.859863 311.443 464.017 338.477 389.721 362.557 398.483 335.523 472.779
2 0.854492 105.99 609.664 152.901 599.205 160.51 633.336 113.599 643.795
3 0.848633 373.546 467.335 396.225 411.617 418.454 420.665 395.775 476.383
3 0.837891 567.812 566.587 594.25 493.404 619.188 502.413 592.75 575.596
3 0.834961 618.526 622.316 621.888 580.545 648.474 582.684 645.112 624.455
2 0.834961 221.963 547.53 308.541 355.796 341.037 370.47 254.459 562.204
4 0.80957 199.768 217.881 215.751 164.862 241.482 172.619 225.499 225.638
3 0.804688 254.676 619.539 282.676 619.367 282.824 643.461 254.824 643.633
3 0.763672 597.855 586.451 616.258 506.158 644.145 512.549 625.742 592.842
2 0.736328 617.387 345.307 654.956 378.016 642.613 392.193 605.044 359.484
4 0.729004 -7.14929 172.883 6.48975 146.937 16.8212 152.367 3.18212 178.313
2 0.685547 569.91 565.106 594.329 496.444 618.09 504.894 593.671 573.556
2 0.675293 198.682 217.232 215.552 164.227 240.818 172.268 223.948 225.273
2 0.644043 598.84 583.56 618.159 502.968 645.16 509.44 625.841 590.032
