4 0.942383 423.405 300.659 437.037 256.692 460.095 263.841 446.463 307.808
4 0.94043 450.976 310.699 463.432 266.32 486.524 272.801 474.068 317.18
2 0.94043 231.764 236.086 249.722 174.69 276.986 182.664 259.028 244.06
4 0.94043 477.196 318.741 488.652 273.738 512.304 279.759 500.848 324.762
4 0.935547 395.966 291.256 409.848 247.696 433.534 255.244 419.652 298.804
4 0.931641 135.124 200.201 147.478 156.443 170.876 163.049 158.522 206.807
2 0.931641 197.356 424.059 227.715 346.945 255.644 357.941 225.285 435.055
4 0.931641 163.547 209.881 175.664 165.668 199.203 172.119 187.086 216.332
4 0.926758 526.192 334.379 538.958 291.946 562.808 299.121 550.042 341.554
3 0.924805 496.889 495.462 513.312 444.972 538.111 453.038 521.688 503.528
2 0.923828 577.312 349.34 597.568 289.19 625.688 298.66 605.432 358.81
3 0.921875 344.95 471.096 372.369 395.742 397.55 404.904 370.131 480.258
4 0.920898 42.5948 170.188 54.547 126.837 78.0302 133.312 66.078 176.663
4 0.916016 71.2706 179.119 85.8183 134.855 109.479 142.631 94.9317 186.895
3 0.914062 520.622 524.76 543.141 454.795 569.378 463.24 546.859 533.205
0 0.912109 193.349 224.833 207.849 169.126 234.901 176.167 220.401 231.874
2 0.90918 50.4942 366.899 75.4279 292.002 99.7558 300.101 74.8221 374.998
4 0.908203 551.879 345.009 564.7 299.597 589.121 306.491 576.3 351.903
4 0.898438 422.59 207.826 435.598 177.158 453.91 184.924 440.902 215.592
2 0.896484 68.9976 633.484 96.8913 543.521 129.127 553.516 101.234 643.479
2 0.895508 203.518 525.587 264.76 355.661 295.982 366.913 234.74 536.839
3 0.895508 463.195 484.709 479.709 431.232 505.805 439.291 489.291 492.768
2 0.882812 583.919 548.446 603.528 481.64 627.081 488.554 607.472 555.36
2 0.879883 294.435 517.807 342.431 381.113 372.565 391.693 324.569 528.387
2 0.871582 96.9186 427.369 133.273 314.124 161.331 323.131 124.977 436.376
2 0.848633 235.655 552.023 306.631 361.302 339.345 373.477 268.369 564.198
2 0.848633 277.396 457.718 308.357 368.5 335.104 377.782 304.143 467
2 0.845703 193.647 224.244 208.005 169.082 234.603 176.006 220.245 231.168
2 0.831543 617.999 565.252 622.676 491.149 648.001 492.748 643.324 566.851
2 0.821289 131.454 608.964 168.741 607.591 170.046 643.036 132.759 644.409
3 0.81543 549.13 544.448 573.565 469.322 598.87 477.552 574.435 552.678
3 0.787109 271.915 620.8 300.289 621.061 300.085 643.2 271.711 642.939
2 0.689453 550.164 343.284 564.65 298.834 588.836 306.716 574.35 351.166
2 0.544922 550.911 544.334 574.637 467.606 599.089 475.166 575.363 551.894
3 0.537598 627.297 605.477 627.297 580.523 639.703 580.523 639.703 605.477
0 0.39209 629.969 605.312 629.969 581.688 640.031 581.688 640.031 605.312
