4 0.939453 339.021 526.424 382.738 532.635 379.479 555.576 335.762 549.365
4 0.938477 409.801 118.533 454.036 123.92 451.199 147.217 406.964 141.83
4 0.938477 350.759 448.02 395.842 453.159 393.241 475.98 348.158 470.841
4 0.938477 355.842 419.638 400.846 424.909 398.158 447.862 353.154 442.591
4 0.9375 360.629 391 405.441 396.807 402.371 420.5 357.559 414.693
2 0.933594 330.088 578.816 393.274 588.387 388.912 617.184 325.726 607.613
4 0.931641 346.729 475.226 391.827 480.228 389.271 503.274 344.173 498.272
4 0.931641 405.212 148.144 448.83 153.932 445.788 176.856 402.17 171.068
4 0.927734 332.266 553.042 379.39 559.001 376.234 583.958 329.11 577.999
2 0.927734 390.52 218.088 452.596 228.272 447.98 256.412 385.904 246.228
3 0.924805 173.122 522.654 226.324 531.717 222.128 556.346 168.926 547.283
0 0.921875 395.842 180.788 451.773 186.47 449.158 212.212 393.227 206.53
3 0.908203 148.922 549.824 218.143 562.164 213.328 589.176 144.107 576.836
4 0.90625 396.553 180.235 450.92 186.433 447.947 212.515 393.58 206.317
4 0.905273 426.417 20.9727 471.156 27.7495 467.583 51.3398 422.844 44.563
2 0.904297 198.841 215.616 280.941 232.471 275.159 260.634 193.059 243.779
3 0.901367 179.24 487.866 235.841 495.112 232.51 521.134 175.909 513.888
4 0.896484 420.543 52.8327 467.952 59.7166 464.457 83.7923 417.048 76.9084
4 0.89502 445.76 403.965 480.528 408.741 477.74 429.035 442.972 424.259
2 0.892578 118.128 325.898 257.109 351.113 252.122 378.602 113.141 353.387
3 0.889648 143.092 583.327 211.932 593.754 208.158 618.673 139.318 608.246
2 0.879883 87.3803 278.986 273.203 310.642 268.37 339.014 82.5468 307.358
2 0.878906 96.5471 239.882 277.479 268.141 272.953 297.118 92.0214 268.859
3 0.87793 171.558 370.013 255.138 382.018 251.192 409.487 167.612 397.482
2 0.875977 -1.54295 129.481 63.1448 136.453 60.0117 165.519 -4.67607 158.547
2 0.875 211.168 121.142 294.972 136.081 290.332 162.108 206.528 147.169
2 0.850586 226.292 58.817 309.41 72.1908 305.208 98.308 222.09 84.9342
3 0.842773 183.333 402.774 248.889 413.942 244.667 438.726 179.111 427.558
3 0.836914 128.896 618.715 211.474 621.503 210.604 647.285 128.026 644.497
3 0.75293 -8.69633 337.093 10.2347 319.614 23.4307 333.907 4.4997 351.386
2 0.731934 -3.0236 220.715 -1.43509 188.817 12.9845 189.535 11.396 221.433
4 0.477539 -0.714563 219.685 -0.417593 190.687 12.0818 190.815 11.7848 219.813
