4 0.93457 374.966 438.414 419.887 437.173 420.534 460.586 375.613 461.827
4 0.931641 375.007 409.153 419.849 408.878 419.993 432.347 375.151 432.622
4 0.928711 375.965 466.205 421.809 463.812 423.035 487.295 377.191 489.688
4 0.927734 370.707 103.729 414.864 103.865 414.793 127.021 370.636 126.885
4 0.925781 370.867 134.927 416.339 133.322 417.133 155.823 371.661 157.428
4 0.924805 374.036 380.93 418.784 380.587 418.964 404.07 374.216 404.413
2 0.919922 368.656 206.96 434.591 206.353 434.844 233.79 368.909 234.397
4 0.918945 378.159 518.922 421.771 517.851 422.341 541.078 378.729 542.149
4 0.914062 367.926 167.341 424.198 164.49 425.574 191.659 369.302 194.51
2 0.912109 381.283 572.118 445.112 570.747 445.717 598.882 381.888 600.253
0 0.90918 367.88 168.288 424.116 166.044 425.12 191.212 368.884 193.456
4 0.907227 367.885 6.68624 412.059 5.60183 412.615 28.2513 368.441 29.3357
4 0.90625 368.597 38.4208 414.125 37.8621 414.403 60.5167 368.875 61.0754
4 0.905273 376.852 545.792 424.677 543.001 426.148 568.208 378.323 570.999
3 0.896484 214.71 510.822 272.31 509.142 273.04 534.178 215.44 535.858
3 0.895508 215.885 545.827 270.131 546.409 269.865 571.173 215.619 570.591
2 0.889648 122.924 362.091 268.663 363.88 268.326 391.409 122.587 389.62
2 0.884766 181.462 239.89 264.344 242.942 263.288 271.61 180.406 268.558
3 0.883789 198.884 576.708 268.8 578.425 268.116 606.292 198.2 604.575
2 0.857422 87.2549 323.405 264.378 324.22 264.245 353.095 87.122 352.28
2 0.857422 88.8607 278.64 266.725 280.55 266.389 311.86 88.5245 309.95
3 0.851562 199.615 611.148 270.611 610.385 270.885 635.852 199.889 636.615
3 0.847168 181.967 395.671 266.404 395.282 266.533 423.329 182.096 423.718
2 0.838867 -0.310703 192.126 35.2804 191.689 35.6232 219.624 0.0321312 220.061
2 0.837891 174.936 144.914 258.057 144.149 258.314 172.086 175.193 172.851
2 0.836914 0.253183 133.898 46.378 134.04 46.2781 166.602 0.153284 166.46
3 0.825684 -2.78125 381.742 25.4375 381.742 25.4375 406.258 -2.78125 406.258
2 0.822266 179.004 81.4878 261.626 78.1908 262.746 106.262 180.124 109.559
4 0.822266 -0.7278 192.517 35.5533 192.405 35.634 218.733 -0.647028 218.845
3 0.805664 207.278 427.098 266.153 426.918 266.222 449.402 207.347 449.582
2 0.583984 376.502 545.651 426.22 543.132 427.498 568.349 377.78 570.868
