4 0.952148 396.473 348.618 436.163 328.218 446.527 348.382 406.837 368.782
4 0.952148 410.732 372.71 450.342 352.429 460.768 372.79 421.158 393.071
4 0.948242 424.365 398.162 464.495 378.078 474.635 398.338 434.505 418.422
4 0.945312 262.784 104.998 303.144 85.4529 313.216 106.252 272.856 125.797
2 0.943359 309.924 195.751 370.156 167.714 381.576 192.249 321.344 220.286
4 0.941406 438.474 421.705 478.816 400.459 489.526 420.795 449.184 442.041
4 0.939453 475.847 491.598 518.621 470.026 529.653 491.902 486.879 513.474
3 0.938477 333.566 567.282 384.682 544.106 394.934 566.718 343.818 589.894
4 0.9375 276.971 131.886 316.972 110.466 328.029 131.114 288.028 152.534
4 0.9375 463.766 466.891 503.721 447.73 513.734 468.609 473.779 487.77
3 0.935547 317.465 537.169 367.675 512.089 379.035 534.831 328.825 559.911
2 0.93457 491.086 511.655 549.904 485.799 560.914 510.845 502.096 536.701
2 0.932617 160.383 312.551 234.634 280.182 245.867 305.949 171.616 338.318
3 0.928711 333.565 601.789 400.179 573.173 410.935 598.211 344.321 626.827
4 0.924805 214.324 19.1761 255.071 1.52398 264.176 22.5427 223.429 40.1948
0 0.917969 290.413 162.794 339.471 134.202 352.587 156.706 303.529 185.298
4 0.916016 229.299 47.55 272.057 27.0051 282.451 48.6375 239.693 69.1824
2 0.905273 93.1401 396.42 255.086 314.747 267.61 339.58 105.664 421.253
2 0.902344 103.552 435.662 286.706 347.83 298.698 372.838 115.544 460.67
3 0.896484 237.774 450.865 308.319 411.187 321.226 434.135 250.681 473.813
4 0.885742 471.205 302.77 502.365 290.641 509.795 309.73 478.635 321.859
3 0.883789 351.412 622.011 420.384 607.409 425.588 631.989 356.616 646.591
2 0.883789 77.4797 250.165 185.363 191.217 199.77 217.585 91.887 276.533
2 0.876953 72.3429 179.236 159.041 135.179 171.407 159.514 84.7093 203.571
3 0.875977 270.575 467.878 323.478 443.055 332.425 462.122 279.522 486.945
2 0.828613 158.107 451.119 290.444 387.407 304.393 416.381 172.056 480.093
2 0.806641 220.629 425.97 294.931 386.255 307.371 409.53 233.069 449.245
3 0.776367 224.444 426.476 294.825 386.89 307.556 409.524 237.175 449.11
2 0.730469 289.452 160.474 339.33 134.402 351.548 157.776 301.67 183.848
3 0.685059 412.582 627.073 439.879 626.989 439.918 639.927 412.621 640.011
2 0.604492 14.666 411.499 15.3235 447.212 -0.400404 447.501 -1.05787 411.788
2 0.511719 -7.44375 346.245 23.5434 348.818 21.6391 371.755 -9.34807 369.182
3 0.508789 -7.97394 346.465 22.4722 348.523 20.9505 371.035 -9.49564 368.977
