4 0.945312 390.87 396.335 434.803 389.058 438.63 412.165 394.697 419.442
4 0.945312 403.875 452.288 447.72 442.725 452.625 465.212 408.78 474.775
4 0.943359 396.264 425.229 440.834 416.719 445.236 439.771 400.666 448.281
4 0.943359 328.287 98.1856 371.948 89.9178 376.213 112.439 332.552 120.707
4 0.941406 384.208 369.41 428.713 361.407 432.792 384.09 388.287 392.093
2 0.935547 346.873 198.211 410.276 188.208 414.627 215.789 351.224 225.792
4 0.93457 419.301 530.949 465.17 520.279 470.699 544.051 424.83 554.721
4 0.929688 334.158 127.784 378.609 118.516 383.342 141.216 338.891 150.484
2 0.928711 427.533 554.306 491.335 544.842 495.467 572.694 431.665 582.158
4 0.925781 414.973 502.91 458.637 495.541 462.527 518.59 418.863 525.959
4 0.921875 313.46 33.7492 359.017 25.7723 363.04 48.7508 317.483 56.7277
2 0.917969 168.832 267.182 250.829 256.046 254.668 284.318 172.671 295.454
3 0.912109 252.954 527.193 308.921 515.748 314.046 540.807 258.079 552.252
3 0.908203 259.804 560.282 314.3 551.771 318.196 576.718 263.7 585.229
4 0.907227 307.776 -0.751326 352.353 -4.31462 354.224 19.0951 309.647 22.6584
0 0.905273 337.866 160.704 392.559 149.737 397.634 175.046 342.941 186.013
3 0.898438 248.772 594.173 320.733 584.849 324.228 611.827 252.267 621.151
2 0.889648 82.0392 324.912 260.931 295.001 265.711 323.588 86.8191 353.499
3 0.888672 201.483 419.352 282.043 404.736 287.017 432.148 206.457 446.764
2 0.875 87.7233 364.547 270.884 336.803 275.527 367.453 92.366 395.197
2 0.87207 133.461 397.829 274.698 374.659 279.539 404.171 138.302 427.341
3 0.856445 257.23 621.347 332.54 620.654 332.77 645.653 257.46 646.346
2 0.854492 138.058 175.551 223.469 160.731 228.192 187.949 142.781 202.769
2 0.841309 137.357 109.474 219.169 94.7602 223.893 121.026 142.081 135.74
4 0.825684 338.901 161.079 391.93 147.969 398.099 172.921 345.07 186.031
2 0.400146 -3.42534 251.916 23.6273 255.675 20.7222 276.584 -6.33041 272.825
