4 0.945312 331.989 98.3567 375.35 90.3523 379.511 112.893 336.15 120.898
4 0.943359 394.927 426.603 438.995 418.817 443.073 441.897 399.005 449.683
4 0.942383 389.558 397.731 433.625 390.502 437.442 413.769 393.375 420.998
4 0.942383 401.32 453.535 445.511 445.378 449.68 467.965 405.489 476.122
4 0.94043 383.49 370.902 427.398 362.936 431.51 385.598 387.602 393.564
4 0.935547 415.491 532.535 461.964 523.661 466.509 547.465 420.036 556.339
4 0.935547 337.683 128.429 381.376 119.668 385.817 141.821 342.124 150.582
4 0.929688 412.007 503.914 456.117 497.578 459.493 521.086 415.383 527.422
2 0.929688 348.871 199.566 412.558 188.968 417.129 216.434 353.442 227.032
0 0.925781 341.504 160.57 395.4 149.764 400.496 175.18 346.6 185.986
4 0.924805 318.567 33.6154 363.956 26.7402 367.433 49.6971 322.044 56.5723
2 0.924805 422.836 556.449 486.576 546.994 490.664 574.551 426.924 584.006
3 0.921875 254.912 558.993 311.493 551.131 315.088 577.007 258.507 584.869
2 0.912109 169.402 264.372 251.714 254.732 255.098 283.628 172.786 293.268
3 0.910156 249.225 526.531 306.042 515.682 310.775 540.469 253.958 551.318
3 0.90918 245.413 593.131 317.14 583.949 320.587 610.869 248.86 620.051
4 0.907227 313.105 -0.0192738 357.702 -3.30899 359.395 19.6443 314.798 22.934
3 0.898438 200.423 416.884 281.196 403.888 285.577 431.116 204.804 444.112
2 0.884766 78.1208 320.829 259.095 292.848 263.629 322.171 82.6546 350.152
2 0.878906 133.879 394.358 274.22 374.42 278.371 403.642 138.03 423.58
2 0.87793 79.4165 360.996 275.403 335.601 279.083 364.004 83.0968 389.399
4 0.856445 468.359 350.491 502.205 345.895 505.141 367.509 471.295 372.105
3 0.853027 225.898 444.046 287.57 436.055 290.602 459.454 228.93 467.445
3 0.853027 255.044 622.5 325.398 620.773 325.956 643.5 255.602 645.227
2 0.845215 136.874 107.537 218.301 93.1512 223.126 120.463 141.699 134.849
2 0.813477 147.739 171.545 231.224 157.323 235.761 183.955 152.276 198.177
2 0.582031 253.948 621.298 325.384 620.75 325.552 642.702 254.116 643.25
2 0.576172 -4.72195 246.747 23.5429 248.092 22.4407 271.253 -5.82418 269.908
4 0.549316 341.003 161.33 395.236 149.108 400.997 174.67 346.764 186.892
2 0.444336 415.072 532.495 464.646 522.871 469.428 547.505 419.854 557.129
