4 0.949219 425.23 328.351 449.472 289.11 469.77 301.649 445.528 340.89
4 0.945312 448.774 345.119 472.045 305.295 492.726 317.381 469.455 357.205
4 0.945312 401.255 312.055 425.416 273.278 445.745 285.945 421.584 324.722
4 0.943359 472.856 359.394 495.208 319.404 516.144 331.106 493.792 371.096
4 0.943359 171.07 154.877 196.834 117.753 217.18 131.873 191.416 168.997
2 0.942383 256.165 215.146 291.683 161.457 315.335 177.104 279.817 230.793
2 0.938477 174.293 387.772 224.509 322.71 247.207 340.228 196.991 405.29
4 0.935547 196.785 172.818 220.346 133.748 240.965 146.182 217.404 185.252
4 0.929688 514.93 386.045 540.416 349.681 560.07 363.455 534.584 399.819
4 0.926758 115.991 118.304 143.938 79.8569 164.009 94.4459 136.062 132.893
2 0.923828 153.531 491.008 255.572 340.304 280.219 356.992 178.178 507.696
4 0.923828 90.7835 102.695 114.698 64.5751 134.591 77.0553 110.677 115.175
2 0.921875 539.146 622.761 579.24 559.23 599.854 572.239 559.76 635.77
2 0.921875 561.067 413.281 597.886 362.507 620.933 379.219 584.114 429.993
4 0.920898 538.045 404.353 561.696 363.376 582.955 375.647 559.304 416.624
3 0.920898 460.725 569.244 501.227 507.611 524.274 522.756 483.773 584.389
3 0.918945 416.069 516.338 446.464 467.639 468.931 481.662 438.536 530.361
3 0.918945 444.828 535.568 476.138 488.199 497.672 502.432 466.362 549.801
2 0.917969 74.6979 366.222 144.957 265.645 168.052 281.778 97.7928 382.355
2 0.914062 43.3237 297.137 91.624 228.107 113.426 243.363 65.126 312.393
2 0.912109 514.267 607.78 556.799 544.495 575.733 557.22 533.201 620.505
3 0.910156 305.443 475.997 350.77 406.616 373.557 421.503 328.23 490.884
3 0.896484 483.107 595.283 527.078 529.201 548.893 543.717 504.922 609.799
4 0.893555 448.069 239.049 466.133 211.096 482.931 221.951 464.867 249.904
2 0.892578 246.682 500.541 323.23 386.169 348.318 402.959 271.77 517.331
2 0.889648 -6.94995 591.747 34.6905 474.019 66.45 485.253 24.8095 602.981
2 0.87793 282.565 457.668 323.405 390.701 344.935 403.832 304.095 470.799
0 0.874023 222.83 195.5 250.568 144.919 274.42 158 246.682 208.581
2 0.867188 179.263 524.129 297.208 352.499 322.487 369.871 204.542 541.501
2 0.856445 200.282 496.255 300.547 360.521 325.218 378.745 224.953 514.479
2 0.848633 221.576 194.733 250.855 145.5 274.424 159.517 245.145 208.75
3 0.848633 344.917 475.539 376.809 425.642 396.083 437.961 364.191 487.858
3 0.836914 184.258 609.988 214.57 600.077 221.742 622.012 191.43 631.923
3 0.509277 540.799 622.936 580.677 558.385 601.201 571.064 561.323 635.615
3 0.475586 513.58 610.508 554.753 543.746 575.42 556.492 534.247 623.254
3 0.449219 107.993 -4.96271 133.836 -5.20057 134.007 13.3299 108.164 13.5678
4 0.390381 108.207 -4.64658 133.734 -5.07737 134.043 13.2325 108.516 13.6633
2 0.374023 107.987 -4.67855 133.564 -4.9532 133.763 13.5614 108.186 13.836
