4 0.949219 421.052 348.857 453.485 317.258 469.448 333.643 437.015 365.242
2 0.949219 279.317 203.708 325.939 159.862 344.683 179.792 298.061 223.638
4 0.948242 461.294 388.337 493.263 356.27 509.706 372.663 477.737 404.73
4 0.947266 441.62 370.239 473.011 338.215 489.38 354.261 457.989 386.285
4 0.943359 401.13 328.514 433.877 297.24 449.87 313.986 417.123 345.26
0 0.943359 251.674 177.249 288.449 135.141 308.326 152.501 271.551 194.609
2 0.942383 162.904 355.557 227.071 303.307 245.096 325.443 180.929 377.693
2 0.942383 535.507 461.368 584.557 419.58 602.493 440.632 553.443 482.42
4 0.9375 209.608 127.156 241.683 97.7247 257.392 114.844 225.317 144.275
3 0.9375 396.778 556.093 438.709 518.786 455.722 537.907 413.791 575.214
4 0.933594 497.106 425.871 529.375 394.912 545.894 412.129 513.625 443.088
4 0.933594 142.353 60.3261 171.78 28.8434 187.647 43.6739 158.22 75.1566
4 0.931641 515.321 446.502 548.944 413.795 565.679 430.998 532.056 463.705
4 0.929688 229.886 150.33 260.746 118.704 277.364 134.92 246.504 166.546
3 0.926758 405.04 592.263 461.083 541.859 478.96 561.737 422.917 612.141
4 0.918945 162.548 81.2717 195.996 50.1041 211.952 67.2283 178.504 98.3959
2 0.918945 121.235 452.062 254.498 329.027 274.265 350.438 141.002 473.473
2 0.917969 69.524 313.949 158.589 230.574 178.226 251.551 89.1613 334.926
3 0.916992 372.833 531.104 412.823 492.44 430.667 510.896 390.677 549.56
2 0.914062 54.0115 239.416 114.569 183.85 131.989 202.834 71.4314 258.4
2 0.908203 215.986 424.042 288.682 355.465 308.014 375.958 235.318 444.535
4 0.899414 462.857 267.218 485.489 243.374 500.143 257.282 477.511 281.126
2 0.897461 449.053 625.167 515.769 598.427 523.947 618.833 457.231 645.573
3 0.894531 273.948 465.554 333.981 412.96 351.052 432.446 291.019 485.04
2 0.882812 236.195 461.906 311.941 389.011 330.305 408.094 254.559 480.989
2 0.875 211.246 483.563 311.416 385.221 331.754 405.937 231.584 504.279
2 0.860352 -8.77203 480.035 3.19487 419.933 33.4908 425.965 21.5239 486.067
2 0.854004 495.482 627.208 537.888 618.705 542.518 641.792 500.112 650.295
3 0.836914 308.799 476.794 354.678 436.973 369.201 453.706 323.322 493.527
2 0.763672 10.9951 379.021 14.4719 408.709 -0.635736 410.479 -4.11257 380.791
3 0.734375 497.649 623.759 538.402 618.478 541.351 641.241 500.598 646.522
