4 0.929688 447.637 292.302 454.752 246.918 478.863 250.698 471.748 296.082
4 0.928711 418.83 286.166 426.671 240.617 451.17 244.834 443.329 290.383
4 0.928711 391.563 281.467 399.776 235.698 423.937 240.033 415.724 285.802
4 0.924805 475.032 296.404 481.188 250.818 505.468 254.096 499.312 299.682
4 0.921875 120.034 226.522 126.541 182.943 150.216 186.478 143.709 230.057
4 0.918945 527.039 305.293 534.405 261.724 557.961 265.707 550.595 309.276
2 0.917969 214.799 441.095 232.419 359.412 260.201 365.405 242.581 447.088
2 0.917969 220.667 247.976 230.084 185.968 260.083 190.524 250.666 252.532
2 0.916992 578.255 314.248 591.187 251.377 619.745 257.252 606.813 320.123
4 0.916016 149.766 233.363 156.311 187.641 180.734 191.137 174.189 236.859
2 0.905273 60.7994 405.406 72.3593 325.362 98.2006 329.094 86.6407 409.138
3 0.904297 365.817 466.304 382.877 388.592 410.683 394.696 393.623 472.408
4 0.902344 54.8606 215.007 62.7168 170.19 87.2644 174.493 79.4082 219.31
2 0.898438 553.339 311.823 561.671 262.459 586.661 266.677 578.329 316.041
4 0.895508 23.9248 209.513 30.7842 165.26 54.8252 168.987 47.9658 213.24
4 0.895508 553.01 311.617 560.42 265.901 584.99 269.883 577.58 315.599
0 0.895508 181.357 241.887 188.625 186.298 215.893 189.863 208.625 245.452
3 0.89502 545.92 493.262 561.344 422.677 589.08 428.738 573.656 499.323
3 0.886719 519.808 469.777 529.162 417.101 555.192 421.723 545.838 474.399
4 0.883789 405.689 195.154 412.045 162.549 432.811 166.596 426.455 199.201
2 0.880859 123.052 638.922 131.196 574.119 162.698 578.078 154.554 642.881
2 0.878906 122.765 419.292 136.016 343.187 161.985 347.708 148.734 423.813
3 0.870605 484.88 462.74 493.734 407.919 520.62 412.26 511.766 467.081
2 0.854492 268.862 559.85 311.573 363.312 347.638 371.15 304.927 567.688
2 0.845215 247.335 475.445 270.091 362.4 300.665 368.555 277.909 481.6
3 0.837891 577.043 512.607 591.271 431.534 618.957 436.393 604.729 517.466
2 0.836914 230.435 543.479 271.784 360.98 305.065 368.521 263.716 551.02
2 0.817383 321.666 521.484 347.236 379.773 381.834 386.016 356.264 527.727
2 0.813477 615.393 516.159 620.237 441.754 644.607 443.341 639.763 517.746
2 0.791016 181.417 242.099 188.425 186.98 215.333 190.401 208.325 245.52
3 0.775391 318.144 518.267 346.004 384.002 380.856 391.233 352.996 525.498
3 0.766602 315.866 621.93 343.864 622.274 343.634 641.07 315.636 640.726
4 0.763672 181.792 243.154 187.72 186.684 215.458 189.596 209.53 246.066
2 0.753418 183.678 624.96 215.376 625.543 215.072 642.04 183.374 641.457
3 0.636719 613.77 525.082 618.839 439.357 645.23 440.918 640.161 526.643
2 0.611328 579.536 509.847 586.386 433.717 613.464 436.153 606.614 512.283
