4 0.945312 347.039 99.1076 391.615 95.5443 393.461 118.642 348.885 122.206
4 0.941406 391.638 458.739 436.721 453.599 439.362 476.761 394.279 481.901
4 0.941406 400.825 537.685 447.872 532.394 450.675 557.315 403.628 562.606
4 0.938477 387.251 432.255 431.913 426.747 434.749 449.745 390.087 455.253
4 0.9375 383.814 402.157 428.869 398.694 430.686 422.343 385.631 425.806
2 0.93457 406.85 563.136 469.93 558.093 472.15 585.864 409.07 590.907
4 0.93457 379.652 375.004 425.161 369.745 427.848 392.996 382.339 398.255
2 0.929688 356.165 202.154 422.573 195.408 425.335 222.596 358.927 229.342
4 0.928711 398.602 511.161 442.875 507.348 444.898 530.839 400.625 534.652
4 0.923828 351.401 129.218 395.722 124.578 398.099 147.282 353.778 151.922
4 0.916992 338.526 34.1138 384.629 30.4285 386.474 53.5112 340.371 57.1965
4 0.914062 335.767 2.18772 379.84 -0.519969 381.233 22.156 337.16 24.8637
3 0.90625 239.655 554.468 295.397 550.185 297.345 575.532 241.603 579.815
3 0.899414 235.609 520.495 291.497 514.123 294.391 539.505 238.503 545.877
2 0.895508 174.053 253.981 256.691 249.667 258.197 278.519 175.559 282.833
3 0.889648 223.719 587.2 299.7 581.595 301.781 609.8 225.8 615.405
2 0.87793 81.3733 302.929 263.542 288.367 265.877 317.571 83.7078 332.133
2 0.87793 123.612 380.097 271.333 371.021 273.138 400.403 125.417 409.479
0 0.875977 352.002 162.333 407.705 155.463 410.998 182.167 355.295 189.037
2 0.874023 87.5 345.689 266.264 332.503 268.5 362.811 89.7357 375.997
4 0.863281 465.58 360.752 500.558 357.902 502.42 380.748 467.442 383.598
4 0.860352 351.385 163.619 406.224 154.493 410.615 180.881 355.776 190.007
3 0.856445 193.213 408.826 274.237 401.974 276.537 429.174 195.514 436.026
3 0.847168 234.17 618.688 305.14 616.619 305.83 640.312 234.86 642.381
3 0.830078 218.774 437.21 278.732 432.324 280.726 456.79 220.768 461.676
4 0.79248 429.726 -1.16821 455.32 -1.05043 455.274 9.01977 429.68 8.90199
4 0.779297 407.152 562.591 470.806 556.913 473.348 585.409 409.694 591.087
2 0.623535 -2.459 224.327 25.1926 223.818 25.6778 250.173 -1.97381 250.682
3 0.62207 -3.12464 225.761 25.1029 224.634 26.1246 250.239 -2.1029 251.366
4 0.463867 -1.99017 225.639 25.5562 225.47 25.7089 250.361 -1.83744 250.53
