4 0.948242 399.432 301.809 417.178 259.336 439.568 268.691 421.822 311.164
2 0.943359 242.272 225.639 268.229 165.91 295.728 177.861 269.771 237.59
4 0.943359 424.857 313.432 443.169 270.893 465.643 280.568 447.331 323.107
4 0.94043 475.948 337.953 492.556 295.29 515.052 304.047 498.444 346.71
2 0.939453 186.357 407.458 226.655 336.258 251.893 350.542 211.595 421.742
4 0.938477 450.569 326.159 468.578 284.238 490.931 293.841 472.922 335.762
4 0.9375 150.694 178.216 169.003 136.699 191.306 146.534 172.997 188.051
4 0.933594 522.556 359.205 541.416 318.969 563.444 329.295 544.584 369.531
4 0.929688 177.701 191.578 195.58 149.602 218.049 159.172 200.17 201.148
2 0.924805 571.546 380.406 600.295 323.401 626.454 336.594 597.705 393.599
3 0.920898 473.024 516.743 496.383 465.538 520.976 476.757 497.617 527.962
0 0.919922 206.881 209.591 226.284 156.394 252.369 165.909 232.966 219.106
4 0.919922 547.945 373.125 565.544 329.41 589.055 338.875 571.456 382.59
3 0.918945 442.299 501.728 464.256 449.737 489.201 460.272 467.244 512.263
4 0.917969 90.1653 150.251 110.013 107.268 132.71 117.749 112.862 160.732
3 0.915039 495.827 547.717 523.056 482.755 548.173 493.283 520.944 558.245
4 0.914062 62.9793 136.823 80.1977 95.7895 102.271 105.052 85.0523 146.085
2 0.914062 177.412 511.917 262.072 349.96 289.088 364.083 204.428 526.04
2 0.905273 82.669 399.871 138.853 293.978 164.581 307.629 108.397 413.522
2 0.904297 551.715 580.832 583.625 511.237 605.285 521.168 573.375 590.763
4 0.902344 435.213 221.14 451.491 191.753 469.287 201.61 453.009 230.997
2 0.897461 577.152 595.407 608.495 521.667 631.848 531.593 600.505 605.333
2 0.895508 44.9039 339.186 79.9324 261.534 102.721 271.814 67.6926 349.466
3 0.893555 327.687 473.389 363.71 401.959 386.813 413.611 350.79 485.041
3 0.892578 519.622 572.979 552.641 497.238 577.378 508.021 544.359 583.762
2 0.886719 15.4871 626.745 71.7668 512.548 103.638 528.255 47.3582 642.452
2 0.883789 269.598 513.174 335.444 383.846 362.902 397.826 297.056 527.154
3 0.864746 366.202 471.745 390.027 418.658 410.298 427.755 386.473 480.842
2 0.863281 76.0354 631.514 113.902 578.914 141.09 598.486 103.223 651.086
2 0.842285 205.68 547.058 304.615 358.147 333.82 373.442 234.885 562.353
3 0.823242 587.637 617.802 625.454 610.099 630.363 634.198 592.546 641.901
3 0.788086 227.455 617.714 259.078 616.646 260.045 645.286 228.422 646.354
4 0.742188 207.272 209.654 228.223 156.913 253.228 166.846 232.277 219.587
3 0.594727 579.019 592.842 608.548 523.22 631.981 533.158 602.452 602.78
3 0.585938 620.332 622.345 643.86 624.298 642.668 638.655 619.14 636.702
