4 0.945312 399.725 302.921 418.888 260.656 440.775 270.579 421.612 312.844
4 0.945312 425.178 315.486 444.266 273.085 466.322 283.014 447.234 325.415
4 0.943359 450.502 328.748 469.253 286.402 491.498 296.252 472.747 338.598
2 0.94043 244.351 224.021 271.594 166.42 298.149 178.979 270.906 236.58
4 0.939453 476.533 340.537 493.94 297.958 515.967 306.963 498.56 349.542
2 0.935547 184.084 404.294 225.952 334.443 251.416 349.706 209.548 419.557
4 0.933594 522.151 363.597 541.22 322.423 563.849 332.903 544.78 374.077
2 0.932617 570.541 384.87 599.927 329.993 624.459 343.13 595.073 398.007
4 0.931641 153.079 175.289 171.364 134.96 193.421 144.961 175.136 185.29
2 0.928711 207.059 207.462 230.373 154.593 255.191 165.538 231.877 218.407
4 0.923828 66.6633 133.232 84.4617 91.7996 106.212 101.143 88.4133 142.575
3 0.923828 490.691 549.922 523.624 485.053 547.309 497.078 514.376 561.947
4 0.921875 179.34 189.327 199.517 147.294 221.66 157.923 201.483 199.956
3 0.919922 439.697 503.867 462.442 451.363 487.303 462.133 464.558 514.637
4 0.919922 546.364 377.195 565.532 334.042 588.636 344.305 569.468 387.458
3 0.917969 470.98 520.416 492.46 469.445 516.52 479.584 495.04 530.555
4 0.917969 93.6409 146.195 113.862 103.525 136.609 114.305 116.388 156.975
2 0.912109 177.167 507.111 258.705 351.42 286.333 365.889 204.795 521.58
3 0.908203 324.379 476.294 361.33 402.322 385.121 414.206 348.17 488.178
2 0.907227 46.6822 328.238 81.4565 258.489 104.068 269.762 69.2935 339.511
2 0.902344 9.67076 623.742 70.8528 506.919 100.142 522.258 38.9597 639.081
3 0.901367 516.168 574.471 549.881 502.335 573.832 513.529 540.119 585.665
4 0.898438 437.538 222.75 454.492 194.365 471.462 204.5 454.508 232.885
2 0.888672 266.759 512.514 333.397 383.593 361.241 397.986 294.603 526.907
2 0.886719 100.876 370.319 136.329 290.255 159.874 300.681 124.421 380.745
2 0.874023 569.819 606.184 606.448 526.857 630.181 537.816 593.552 617.143
2 0.855469 203.267 541.654 303.335 357.171 332.233 372.846 232.165 557.329
2 0.854492 546.548 589 579.31 514.784 602.452 525 569.69 599.216
3 0.84375 361.792 472.575 388.391 418.863 408.708 428.925 382.109 482.637
3 0.825684 221.117 615.759 254.566 613.91 256.133 642.241 222.684 644.09
3 0.808594 582.929 617.405 619.274 612.639 623.071 641.595 586.726 646.361
3 0.775391 65.3811 32.0587 100.364 -12.6264 120.369 3.03507 85.386 47.7201
3 0.759277 568.49 607.606 604.381 526.301 629.51 537.394 593.619 618.699
3 0.546875 545.129 587.697 577.945 515.834 600.871 526.303 568.055 598.166
0 0.452637 207.917 207.963 229.73 154.491 255.583 165.037 233.77 218.509
