4 0.949219 424.371 334.989 451.138 298.195 470.129 312.011 443.362 348.805
2 0.948242 263.141 211.416 302.299 159.456 325.359 176.834 286.201 228.794
4 0.948242 446.629 352.958 473.768 316.01 492.871 330.042 465.732 366.99
4 0.945312 469.039 369.478 495.303 331.446 514.961 345.022 488.697 383.054
0 0.941406 231.797 188.173 263.096 141.059 285.703 156.077 254.404 203.191
4 0.941406 401.558 317.388 429.027 280.88 447.942 295.112 420.473 331.62
2 0.9375 167.967 376.411 225.945 315.888 247.033 336.089 189.055 396.612
2 0.93457 514.334 630.796 569.374 579.666 585.666 597.204 530.626 648.334
4 0.93457 207.721 163.942 233.277 127.359 252.529 140.808 226.973 177.391
2 0.93457 553.192 430.283 594.164 381.892 615.808 400.217 574.836 448.608
4 0.93457 509.683 400.12 537.674 365.365 556.317 380.38 528.326 415.135
2 0.933594 144.764 474.441 254.031 339.832 276.486 358.059 167.219 492.668
4 0.932617 183.683 145.668 209.909 110.532 229.067 124.832 202.841 159.968
2 0.925781 493.395 621.384 539.02 561.465 557.605 575.616 511.98 635.535
3 0.925781 402.729 522.443 435.687 478.217 456.271 493.557 423.313 537.783
4 0.924805 131.178 106.309 159.536 68.4372 179.072 83.0661 150.714 120.938
4 0.923828 531.141 418.5 559.359 380.875 578.859 395.5 550.641 433.125
3 0.921875 429.11 544.068 463.421 499.258 483.89 514.932 449.579 559.742
4 0.921875 106.108 86.7823 132.699 51.1007 151.642 65.2177 125.051 100.899
2 0.917969 48.7931 277.835 97.4036 213.434 117.582 228.665 68.9714 293.066
2 0.908203 71.8684 349.293 146.92 253.427 169.632 271.207 94.58 367.073
4 0.897461 454.084 247.55 474.34 221.657 489.416 233.45 469.16 259.343
2 0.893555 -10.3069 551.099 22.4573 456.685 53.3382 467.401 20.5739 561.815
2 0.892578 233.228 500.082 317.862 387.777 341.272 405.418 256.638 517.723
3 0.889648 296.46 473.905 346.087 408.157 366.54 423.595 316.913 489.343
2 0.880859 465.423 604.304 513.223 541.877 532.577 556.696 484.777 619.123
2 0.880859 231.281 439.231 293.363 360.119 315.219 377.269 253.137 456.381
2 0.870117 273.052 455.234 319.171 391.17 339.448 405.766 293.329 469.83
2 0.864258 169.612 511.122 297.943 347.588 321.888 366.378 193.557 529.912
3 0.854004 332.709 477.607 368.345 430.546 387.291 444.893 351.655 491.954
3 0.853027 442.972 577.378 488.642 518.439 509.528 534.622 463.858 593.561
2 0.819824 593.081 471.643 619.14 419.477 638.919 429.357 612.86 481.523
3 0.796875 161.197 602.209 193.723 589.976 202.303 612.791 169.777 625.024
2 0.772949 -8.0087 468.145 -5.07195 422.489 23.9462 424.355 21.0095 470.011
2 0.70459 232.012 187.924 263.816 141.415 285.988 156.576 254.184 203.085
4 0.541992 231.786 188.632 264.206 141.105 286.214 156.118 253.794 203.645
