4 0.952148 400.026 387.25 442.818 375.267 448.974 397.25 406.182 409.233
4 0.949219 419.177 440.935 461.766 426.21 469.323 448.065 426.734 462.79
4 0.946289 409.294 415.499 451.652 401.757 458.706 423.501 416.348 437.243
4 0.943359 390.07 361.462 432.278 347.662 439.43 369.538 397.222 383.338
4 0.942383 444.015 515.911 489.743 501.733 496.985 525.089 451.257 539.267
2 0.938477 331.076 196.102 395.127 177.315 402.924 203.898 338.873 222.685
4 0.935547 436.48 489.767 479.289 477.85 485.52 500.233 442.711 512.15
2 0.93457 455.637 538.257 516.754 523.097 523.363 549.743 462.246 564.903
4 0.932617 301.049 98.0869 344.031 84.9763 350.951 107.663 307.969 120.774
4 0.931641 310.772 127.339 353.463 113.308 360.728 135.411 318.037 149.442
3 0.927734 291.352 565.033 342.218 552.292 348.148 575.967 297.282 588.708
2 0.926758 163.768 285.463 242.916 265.508 249.982 293.537 170.834 313.492
0 0.920898 317.993 160.264 371.26 140.418 380.507 165.236 327.24 185.082
4 0.917969 278.169 35.8029 323.66 22.6865 330.331 45.8221 284.84 58.9385
3 0.916016 278.336 533.267 333.44 514.969 341.664 539.733 286.56 558.031
2 0.908203 80.564 356.978 256.591 300.469 265.436 328.022 89.409 384.531
4 0.907227 268.658 2.29555 314.644 -4.16573 317.842 18.5951 271.856 25.0564
3 0.904297 283.555 600.427 353.112 582.322 359.945 608.573 290.388 626.678
3 0.902344 213.311 434.12 293.436 409.748 301.689 436.88 221.564 461.252
4 0.896484 471.934 329.055 505.636 323.313 509.066 343.445 475.364 349.187
2 0.889648 92.268 392.407 273.939 344.524 281.732 374.093 100.061 421.976
2 0.875 144.492 419.79 285.164 378.879 293.258 406.71 152.586 447.621
3 0.873047 296.46 623.454 367.961 620.491 369.04 646.546 297.539 649.509
2 0.863281 94.06 208.565 206.528 169.873 216.44 198.685 103.972 237.377
3 0.857422 242.199 457.298 301.516 439.255 308.801 463.202 249.484 481.245
2 0.847168 106.191 135.557 193.947 108.568 202.059 134.943 114.303 161.932
2 0.828613 443.797 516.374 491.681 502.089 498.703 525.626 450.819 539.911
2 0.73291 317.995 158.524 373.539 141.395 381.505 167.226 325.961 184.355
2 0.458984 6.311 284.936 22.5455 308.834 6.7515 319.564 -9.48304 295.666
