4 0.948242 422.3 343.946 452.99 309.346 470.7 325.054 440.01 359.654
4 0.945312 443.862 363.216 474.142 329.548 491.638 345.284 461.358 378.952
4 0.943359 401.804 324.302 432.073 290.75 449.196 306.198 418.927 339.75
2 0.943359 165.307 363.557 226.389 308.196 245.193 328.943 184.111 384.304
4 0.943359 464.665 381.791 493.712 347.054 511.835 362.209 482.788 396.946
4 0.942383 198.995 133.834 229.651 101.881 246.755 118.291 216.099 150.244
2 0.94043 272.956 205.292 317.069 159.313 337.544 178.958 293.431 224.937
4 0.939453 221.337 154.743 251.844 121.238 269.163 137.007 238.656 170.512
4 0.939453 502.035 415.995 533.538 384.876 549.965 401.505 518.462 432.624
2 0.935547 543.105 450.673 587.822 406.162 607.895 426.327 563.178 470.838
3 0.93457 409.5 552.328 448.516 509.413 467.5 526.672 428.484 569.587
2 0.931641 127.542 460.808 254.905 331.674 275.708 352.192 148.345 481.326
3 0.927734 384.509 529.736 420.546 484.85 440.991 501.264 404.954 546.15
4 0.925781 149.268 88.6306 183.722 56.5257 200.232 74.2444 165.778 106.349
4 0.923828 126.897 68.9812 156.957 35.6618 174.603 51.5813 144.543 84.9007
4 0.921875 521.483 436.171 553.556 401.644 571.517 418.329 539.444 452.856
2 0.916992 69.7589 327.987 153.672 239.17 173.616 258.013 89.7029 346.83
0 0.916016 243.795 181.179 279.382 136.853 300.205 153.571 264.618 197.897
4 0.914062 459.967 258.905 483.878 236.07 497.033 249.845 473.122 272.68
2 0.90918 227.046 481.797 314.662 386.606 335.954 406.203 248.338 501.394
3 0.904297 438.135 618.151 492.979 557.359 512.365 574.849 457.521 635.641
3 0.898438 282.822 470.828 337.162 409.753 356.178 426.672 301.838 487.747
2 0.896484 49.2363 257.214 109.386 194.617 127.514 212.036 67.3643 274.633
2 0.894531 463.535 628.02 524.25 583.565 538.465 602.98 477.75 647.435
2 0.885742 498.642 622.633 552.875 607.356 559.358 630.367 505.125 645.644
3 0.880859 316.582 478.639 357.75 434.049 375.418 450.361 334.25 494.951
2 0.879883 -9.74006 500.987 10.7818 433.148 41.7401 442.513 21.2182 510.352
2 0.874023 258.002 451.133 312.972 390.202 331.998 407.367 277.028 468.298
2 0.867188 164.575 482.812 299.692 351.375 320.425 372.688 185.308 504.125
4 0.736816 192.623 -2.06688 218.42 -1.98774 218.377 11.9888 192.58 11.9096
2 0.736328 11.8576 393.606 23.0769 427.221 4.57992 433.394 -6.63936 399.779
2 0.71875 242.997 181.119 280.347 136.869 300.503 153.881 263.153 198.131
3 0.683105 499.816 624.184 553.781 607.768 560.184 628.816 506.219 645.232
4 0.580078 244.041 180.324 281.824 137.395 301.459 154.676 263.676 197.605
