4 0.951172 419.968 403.761 460.653 385.427 470.032 406.239 429.347 424.573
4 0.949219 394.777 352.019 435.543 334.098 444.723 354.981 403.957 372.902
4 0.949219 407.307 377.819 447.977 359.604 457.193 380.181 416.523 398.396
4 0.946289 432.789 427.819 473.252 408.415 483.211 429.181 442.748 448.585
2 0.946289 480.944 520.169 541.491 497.398 551.056 522.831 490.509 545.602
4 0.939453 274.032 102.186 314.276 83.9394 323.968 105.314 283.724 123.561
4 0.9375 467.127 499.652 510.215 480.036 520.373 502.348 477.285 521.964
4 0.935547 456.184 474.236 497.005 457.4 505.816 478.764 464.995 495.6
2 0.935547 316.304 195.286 377.587 169.626 388.196 194.964 326.913 220.624
4 0.935547 287.339 129.756 326.829 110.781 336.661 131.244 297.171 150.219
3 0.932617 319.993 566.221 372.729 544.755 382.507 568.779 329.771 590.245
4 0.931641 230.58 13.5467 272.016 -1.06487 279.67 20.6408 238.234 35.2524
0 0.929688 298.373 161.777 348.978 135.274 361.127 158.473 310.522 184.976
3 0.921875 305.317 536.093 356.828 513.965 366.683 536.907 315.172 559.035
2 0.921875 160.489 305.31 236.16 275.72 246.511 302.19 170.84 331.78
4 0.921875 243.846 42.9658 287.901 24.8756 297.154 47.4092 253.099 65.4994
3 0.914062 319.008 601.376 387.391 576.553 396.492 601.624 328.109 626.447
2 0.90918 86.2884 384.813 256.219 310.111 267.462 335.687 97.5314 410.389
2 0.895508 93.0343 159.693 167.675 126.812 178.466 151.307 103.825 184.188
2 0.89502 161.438 440.156 289.018 381.601 301.062 407.844 173.482 466.399
3 0.892578 229.13 447.254 304.507 410.465 315.87 433.746 240.493 470.535
4 0.892578 472.005 310.712 503.301 299.025 510.495 318.288 479.199 329.975
3 0.879883 334.523 622.17 406.154 613.224 409.477 639.83 337.846 648.776
2 0.874023 105.901 419.056 278.685 349.189 289.099 374.944 116.315 444.811
2 0.871582 105.004 225.444 191.716 188.509 201.746 212.056 115.034 248.991
2 0.842773 183.535 389.799 279.858 344.512 291.465 369.201 195.142 414.488
3 0.806641 260.721 466.201 316.598 439.773 326.779 461.299 270.902 487.727
4 0.773926 230.364 -1.2071 259.707 -1.02705 259.636 10.5821 230.293 10.4021
3 0.61377 397.411 630.483 420.004 630.275 420.089 639.517 397.496 639.725
3 0.5 14.4955 323.53 18.5963 355.959 -1.26115 358.47 -5.36196 326.041
2 0.362549 15.4196 325.203 17.3483 356.597 -2.17738 357.797 -4.10611 326.403
2 0.325195 8.84126 403.69 9.28216 427.639 -0.0365734 427.81 -0.477472 403.861
