4 0.947266 424.016 304.405 438.862 260.734 461.984 268.595 447.138 312.266
4 0.941406 450.493 314.665 464.514 271.248 488.007 278.835 473.986 322.252
2 0.938477 234.852 233.483 255.675 172.767 282.648 182.017 261.825 242.733
4 0.9375 477.086 323.997 489.481 280.348 512.914 287.003 500.519 330.652
4 0.935547 397.581 294.362 412.502 250.222 435.919 258.138 420.998 302.278
4 0.931641 167.225 204.636 180.88 161.037 204.275 168.364 190.62 211.963
4 0.931641 139.194 193.183 153.39 151.371 176.056 159.067 161.86 200.879
0 0.928711 197.143 220.056 211.813 165.753 239.357 173.194 224.687 227.497
2 0.925781 193.146 419.517 226.866 343.128 254.854 355.483 221.134 431.872
2 0.924805 576.578 359.456 597.544 300.611 625.422 310.544 604.456 369.389
4 0.924805 48.0019 160.398 62.026 118.001 84.2481 125.352 70.224 167.749
3 0.920898 490.122 502.829 508.247 450.471 533.378 459.171 515.253 511.529
4 0.919922 77.1573 171.014 92.0653 127.298 115.343 135.236 100.435 178.952
4 0.919922 526.179 341.5 540.372 299.984 563.821 308 549.628 349.516
3 0.916016 340.398 472.42 370.692 400.069 394.602 410.08 364.308 482.431
2 0.911133 549.823 353.947 565.125 306.904 590.177 315.053 574.875 362.096
2 0.90918 575.611 557.898 598.352 487.939 620.389 495.102 597.648 565.061
3 0.904297 515.648 530.716 537.544 463.834 563.352 472.284 541.456 539.166
2 0.898438 48.2709 361.913 74.7275 282.847 99.3541 291.087 72.8975 370.153
2 0.898438 53.6812 636.409 87.8606 535.741 119.819 546.591 85.6394 647.259
4 0.894531 426.182 212.594 437.551 180.684 457.818 187.906 446.449 219.816
3 0.892578 457.912 490.224 474.66 437.672 500.088 445.776 483.34 498.328
4 0.890625 550.388 353.069 564.67 307.866 588.612 315.431 574.33 360.634
2 0.888672 271.786 456.332 306.653 368.164 333.214 378.668 298.347 466.836
2 0.885742 195.551 523.416 263.067 352.116 294.699 364.584 227.183 535.884
2 0.885742 286.587 516.814 339.841 381.544 369.413 393.186 316.159 528.456
2 0.883789 107.952 387.436 134.445 310.428 159.548 319.064 133.055 396.072
2 0.871582 91.105 421.122 132.942 310.521 161.645 321.378 119.808 431.979
2 0.865723 604.618 577.929 619.872 498.951 646.382 504.071 631.128 583.049
2 0.859863 313.947 465.248 338.677 389.166 363.553 397.252 338.823 473.334
2 0.845703 541.826 551.147 569.072 477.327 592.174 485.853 564.928 559.673
3 0.84375 541.363 553.481 567.467 476.935 592.637 485.519 566.533 562.065
2 0.841309 224.548 546.405 308.142 361.279 340.952 376.095 257.358 561.221
2 0.823242 114.635 607.767 158.797 602.044 163.615 639.233 119.453 644.956
3 0.813477 622.116 615.597 625.701 578.363 646.884 580.403 643.299 617.637
3 0.644531 259.036 620.375 288.927 620.329 288.964 644.625 259.073 644.671
2 0.632812 196.791 218.92 213.362 165.689 238.709 173.58 222.138 226.811
4 0.605469 197.758 220.444 211.908 166.294 238.742 173.306 224.592 227.456
2 0.463867 258.992 620.266 288.508 620.266 288.508 643.734 258.992 643.734
2 0.309082 624.357 339.815 652.957 379.256 640.643 388.185 612.043 348.744
