4 0.951172 428.301 392.694 466.586 370.381 478.199 390.306 439.914 412.619
4 0.948242 412.586 367.822 451.985 345.503 463.414 365.678 424.015 387.997
4 0.948242 251.854 108.305 290.695 86.4597 302.146 106.82 263.305 128.665
4 0.948242 397.48 344.727 435.825 322.023 447.52 341.773 409.175 364.477
4 0.947266 443.276 415.732 481.963 391.606 494.224 411.268 455.537 435.394
2 0.943359 303.914 196.922 360.509 164.574 374.086 188.328 317.491 220.676
4 0.941406 485.113 482.705 525.472 459.8 537.387 480.795 497.028 503.7
2 0.941406 159.822 321.746 233.371 283.012 246.928 308.754 173.379 347.488
0 0.941406 282.283 165.409 329.844 134.05 343.717 155.091 296.156 186.45
4 0.941406 471.181 459.22 510.328 438.257 521.319 458.78 482.172 479.743
4 0.9375 267.821 134.998 305.831 110.969 318.179 130.502 280.169 154.531
3 0.935547 347.982 601.416 413.501 567.422 425.518 590.584 359.999 624.578
2 0.932617 500.282 501.778 558.201 474.112 569.718 498.222 511.799 525.888
4 0.928711 198.836 26.4803 237.558 4.11107 248.914 23.7697 210.192 46.1389
3 0.925781 345.765 566.252 398.67 539.162 410.235 561.748 357.33 588.838
3 0.921875 328.594 535.015 377.27 508.612 389.406 530.985 340.73 557.388
4 0.917969 215.61 52.6553 256.334 30.4038 267.64 51.0947 226.916 73.3462
2 0.916016 96.1243 406.767 255.751 317.79 269.376 342.233 109.749 431.21
2 0.914062 75.4888 262.191 179.366 199.169 194.011 223.309 90.134 286.331
3 0.911133 366.485 622.575 431.319 600.659 439.015 623.425 374.181 645.341
2 0.908203 77.1288 184.324 149.074 144.076 161.996 167.176 90.0513 207.424
3 0.905273 243.705 454.546 314.23 411.98 327.795 434.454 257.27 477.02
4 0.901367 469.474 294.966 500.249 280.439 509.026 299.034 478.251 313.561
2 0.890625 182.353 454.667 297.969 382.813 312.897 406.833 197.281 478.687
4 0.858887 502.039 346.601 533.093 327.302 544.961 346.399 513.907 365.698
2 0.857422 227.589 430.948 296.257 385.446 309.911 406.052 241.243 451.554
2 0.851562 194.099 401.861 283.212 349.097 297.151 372.639 208.038 425.403
3 0.842285 73.3743 535.752 103.962 525.932 111.126 548.248 80.5382 558.068
3 0.833496 276.231 469.634 329.43 440.301 340.769 460.866 287.57 490.199
3 0.789062 420.776 624.667 454.434 623.272 455.224 642.333 421.566 643.728
3 0.609375 -9.97204 363.558 22.1095 362.672 22.8627 389.942 -9.21885 390.828
2 0.486328 -8.85419 364.057 23.4743 363.065 24.2839 389.443 -8.04466 390.435
2 0.48584 282.119 163.649 330.852 135.246 343.881 157.601 295.148 186.004
2 0.476562 15.6062 428.376 22.4771 462.918 -1.18437 467.624 -8.0552 433.082
3 0.457031 14.6466 428.269 22.9054 462.12 -0.0919189 467.731 -8.35071 433.88
0 0.449707 267.06 135.021 304.796 111.084 316.94 130.229 279.204 154.166
