2 0.938477 384.596 215.489 448.04 222.624 444.904 250.511 381.46 243.376
4 0.9375 357.428 445.853 402.611 448.838 401.072 472.147 355.889 469.162
4 0.93457 364.035 388.533 408.676 392.791 406.465 415.967 361.824 411.709
2 0.93457 344.791 577.302 408.463 584.363 405.209 613.698 341.537 606.637
4 0.933594 388.313 176.524 443.771 179.931 442.187 205.726 386.729 202.319
4 0.932617 360.861 417.259 405.449 420.685 403.639 444.241 359.051 440.815
4 0.928711 399.503 113.874 443.862 117.42 441.997 140.751 397.638 137.205
4 0.927734 343.937 552.172 392.211 555.287 390.563 580.828 342.289 577.713
4 0.927734 395.698 144.293 440.319 147.241 438.802 170.207 394.181 167.259
4 0.926758 349.458 524.395 393.796 529.449 391.042 553.605 346.704 548.551
4 0.923828 354.688 473.42 400.618 475.959 399.312 499.58 353.382 497.041
4 0.914062 406.76 48.2271 453.612 52.9868 451.24 76.3354 404.388 71.5757
2 0.910156 193.887 222.071 276.359 234.305 272.113 262.929 189.641 250.695
4 0.90918 410.419 15.9235 455.364 20.2806 453.081 43.8265 408.136 39.4694
3 0.904297 161.721 558.203 235.496 568.108 231.779 595.797 158.004 585.892
3 0.900391 187.585 495.396 245.615 499.676 243.665 526.104 185.635 521.824
3 0.89502 185.246 528.215 239.451 536.766 235.504 561.785 181.299 553.234
2 0.892578 207.055 127.871 285.741 137.821 282.445 163.879 203.759 153.929
2 0.880859 118.938 337.183 261.35 356.748 257.562 384.317 115.15 364.752
2 0.880859 0.000482559 147.559 54.5015 150.74 52.812 179.691 -1.68901 176.51
3 0.878906 158.28 592.548 228.397 599.889 225.72 625.452 155.603 618.111
2 0.87793 93.8603 250.436 270.367 269.188 267.14 299.564 90.6331 280.812
2 0.869141 220.999 64.2214 298.301 72.5541 295.501 98.5286 218.199 90.1959
2 0.859863 80.1656 271.029 272.604 296.564 268.834 324.971 76.3962 299.436
2 0.858887 86.4901 289.383 277.571 316.53 273.51 345.117 82.4286 317.97
3 0.856445 174.055 375.943 256.652 388.195 252.445 416.557 169.848 404.305
3 0.760742 150.978 626.029 233.228 625.776 233.272 639.971 151.022 640.224
3 0.707031 -8.78458 350.746 12.4367 335.058 24.4096 351.254 3.18834 366.942
