4 0.951172 419.498 352.969 454.407 324.275 469.002 342.031 434.093 370.725
4 0.949219 437.867 376.093 472.392 346.266 487.633 363.907 453.108 393.734
4 0.945312 401.084 332.09 435.685 302.93 450.416 320.41 415.815 349.57
2 0.945312 284.645 201.842 334.842 159.473 353.355 181.408 303.158 223.777
4 0.943359 490.75 434.297 525.816 406.496 540.25 424.703 505.184 452.504
4 0.94043 218.971 122.082 253.091 93.4173 268.529 111.793 234.409 140.458
3 0.939453 362.147 534.415 403.704 496.692 420.853 515.585 379.296 553.308
4 0.939453 457.508 395.771 491.385 365.349 506.992 382.729 473.115 413.151
2 0.939453 161.949 348.051 228.273 298.149 245.051 320.449 178.727 370.351
4 0.9375 238.63 144.924 272.34 115.209 287.87 132.826 254.16 162.541
4 0.9375 508.327 456.188 543.963 425.544 559.673 443.812 524.037 474.456
4 0.933594 154.756 51.3794 187.727 20.9384 203.244 37.7456 170.273 68.1866
2 0.932617 527.346 471.553 579.201 433.83 595.654 456.447 543.799 494.17
3 0.929688 385.157 559.181 428.671 524.682 443.843 543.819 400.329 578.318
2 0.927734 113.661 441.913 257.892 324.468 275.089 345.587 130.858 463.032
3 0.923828 392.113 594.982 449.974 549.252 466.387 570.018 408.526 615.748
4 0.921875 174.282 72.0579 212.471 43.1861 227.218 62.6921 189.029 91.5639
0 0.921875 258.374 173.902 299.014 133.757 317.626 152.598 276.986 192.743
2 0.907227 58.6762 227.59 122.24 172.675 139.074 192.16 75.5104 247.075
3 0.898438 268.54 463.946 326.347 413.459 343.46 433.054 285.653 483.541
4 0.898438 464.674 272.527 492.53 253.196 503.826 269.473 475.97 288.804
2 0.890625 252.784 439.211 306.81 389.101 323.216 406.789 269.19 456.899
4 0.890625 -11.1548 448.963 7.09777 404.366 33.1704 415.037 14.9179 459.634
2 0.890625 200.703 479.714 303.539 386.939 322.797 408.286 219.961 501.061
3 0.890625 414.208 620.844 469.325 575.398 484.792 594.156 429.675 639.602
2 0.888672 87.8704 288.264 162.907 222.73 180.38 242.736 105.343 308.27
2 0.880859 134.017 484.766 283.996 353.78 302.733 375.234 152.754 506.22
3 0.87207 301.74 475.875 348.518 437.606 363.26 455.625 316.482 493.894
2 0.851562 257.196 173.549 299.022 133.91 317.304 153.201 275.478 192.84
2 0.834473 440.45 625.255 501.358 607.186 508.05 629.745 447.142 647.814
2 0.828613 -8.47754 457.973 -4.4948 405.655 26.665 408.027 22.6823 460.345
3 0.765625 440.621 622.122 505.353 608.314 510.379 631.878 445.647 645.686
2 0.722168 486.628 624.717 523.222 622.582 524.372 642.283 487.778 644.418
2 0.708984 11.4545 362.994 14.2722 392.531 -1.18885 394.006 -4.00659 364.469
3 0.608887 489.827 624.864 523.854 624.342 524.173 645.136 490.146 645.658
