2 0.951172 294.943 198.779 348.743 161.747 364.557 184.721 310.757 221.753
4 0.946289 433.158 385.773 469.351 359.991 482.342 378.227 446.149 404.009
4 0.946289 399.146 339.077 435.982 313.722 448.854 332.423 412.018 357.778
2 0.945312 160.778 332.91 230.005 291.704 244.222 315.59 174.995 356.796
2 0.943359 514.005 489.165 568.628 455.217 582.995 478.335 528.372 512.283
4 0.943359 416.146 361.163 453.582 336.191 466.354 355.337 428.918 380.309
4 0.943359 450.259 407.346 485.753 380.298 499.741 398.654 464.247 425.702
4 0.941406 236.877 113.399 273.711 88.9908 286.623 108.476 249.789 132.884
4 0.9375 480.793 448.26 518.012 424.85 530.207 444.24 492.988 467.65
4 0.9375 496.157 472.026 533.196 444.069 547.843 463.474 510.804 491.431
3 0.931641 366.777 598.462 430.469 559.216 444.223 581.538 380.531 620.784
3 0.931641 362.456 562.973 411.668 534.089 424.544 556.027 375.332 584.911
4 0.928711 254.903 138.72 290.938 112.504 304.597 131.28 268.562 157.496
4 0.927734 179.428 36.3444 214.986 10.6425 228.322 29.0931 192.764 54.795
4 0.927734 196.908 60.3109 236.133 35.8075 248.592 55.7516 209.367 80.255
3 0.921875 342.738 535.761 389.159 503.334 403.762 524.239 357.341 556.666
2 0.917969 101.037 424.167 257.498 321.522 272.463 344.333 116.002 446.978
3 0.902344 382.499 623.356 449.255 591.28 460.001 613.644 393.245 645.72
4 0.901367 468.629 286.52 495.372 268.976 505.871 284.98 479.128 302.524
0 0.898438 272.138 169.315 315.549 132.958 331.862 152.435 288.451 188.792
2 0.895508 78.1151 277.048 172.381 206.799 189.635 229.952 95.3692 300.201
3 0.894531 254.299 458.176 320.645 412.807 335.701 434.824 269.355 480.193
2 0.890625 239.33 434.988 300.637 386.764 316.17 406.512 254.863 454.736
2 0.888672 54.0396 214.978 136.775 154.789 152.585 176.522 69.8497 236.711
2 0.883789 186.004 469.007 299.642 382.408 317.996 406.493 204.358 493.092
2 0.845703 121.277 459.48 274.996 357.449 290.973 381.52 137.254 483.551
3 0.823242 88.408 552.021 120.267 540.787 128.092 562.979 96.2334 574.213
4 0.811523 -14.2018 409.84 5.06578 377.778 28.9986 392.16 9.73109 424.222
3 0.795898 435.04 625.512 477.999 618.87 481.96 644.488 439.001 651.13
2 0.779297 -10.7508 458.689 28.0274 455.17 31.1258 489.311 -7.65238 492.83
2 0.779297 272.208 168.629 315.567 134.035 331.792 154.371 288.433 188.965
2 0.769043 -15.812 410.526 4.42742 377.08 29.8667 392.474 9.62726 425.92
2 0.475586 433.103 624.551 478.602 621.616 480.397 649.449 434.898 652.384
