4 0.932617 369.659 412.757 414.336 413.717 413.841 436.743 369.164 435.783
4 0.931641 368.891 441.728 413.857 442.211 413.609 465.272 368.643 464.789
4 0.929688 369.863 384.175 415.634 385.158 415.137 408.325 369.366 407.342
4 0.927734 367.657 521.076 412.131 522.578 411.343 545.924 366.869 544.422
4 0.925781 380.443 137.826 424.967 138.646 424.557 160.924 380.033 160.104
4 0.921875 369.683 469.5 414.025 469.908 413.817 492.5 369.475 492.092
2 0.920898 375.589 210.709 438.541 212.158 437.911 239.541 374.959 238.092
4 0.919922 381.985 106.688 425.685 107.962 425.015 130.937 381.315 129.663
2 0.919922 366.287 574.106 431.918 576.826 430.713 605.894 365.082 603.174
4 0.912109 364.892 548.278 413.691 549.401 413.108 574.722 364.309 573.599
0 0.904297 375.436 170.679 433.05 169.53 433.564 195.321 375.95 196.47
4 0.904297 384.17 9.84189 427.875 10.9148 427.33 33.1269 383.625 32.0539
4 0.902344 381.902 40.9471 429.288 42.3286 428.598 65.9904 381.212 64.6089
2 0.89502 185.621 232.751 269.022 239.676 266.629 268.499 183.228 261.574
3 0.893555 202.982 540.346 258.454 542.9 257.268 568.654 201.796 566.1
3 0.890625 182.891 570.015 258.422 574.888 256.609 602.985 181.078 598.112
3 0.889648 204.235 505.508 261.575 506.212 261.265 531.492 203.925 530.788
3 0.870605 175.72 603.977 254.946 605.922 254.28 633.023 175.054 631.078
2 0.867188 124.114 352.689 266.317 359.675 264.886 388.811 122.683 381.825
2 0.866211 78.2261 308.475 274 320.201 272.274 349.025 76.4997 337.299
4 0.864746 376.371 171.04 432.4 170.524 432.629 195.46 376.6 195.976
2 0.863281 -0.173853 175.459 42.0135 175.588 41.9239 204.791 -0.263449 204.662
2 0.861328 90.4541 268.489 266.005 276.843 264.546 307.511 88.9946 299.157
2 0.847168 0.10997 117.715 55.9347 119.171 55.0775 152.035 -0.747234 150.579
2 0.839355 180.166 138.61 265.956 140.585 265.334 167.64 179.544 165.665
3 0.833496 178.473 388.316 263.312 390.789 262.527 417.684 177.688 415.211
4 0.812012 -0.615053 175.553 41.6622 176.137 41.2713 204.447 -1.00592 203.863
2 0.802246 192.742 71.9736 276.694 74.8078 275.758 102.526 191.806 99.6922
3 0.779297 -3.26357 366.167 23.2047 366.005 23.3417 388.333 -3.12656 388.495
