4 0.949219 427.467 526.24 472.453 515.775 478.033 539.76 433.047 550.225
4 0.948242 393.053 394.306 437.371 384.425 442.447 407.194 398.129 417.075
4 0.945312 399.992 422.814 443.761 412.632 449.008 435.186 405.239 445.368
4 0.943359 408.154 449.445 452.243 438.329 457.846 460.555 413.757 471.671
4 0.943359 422.05 499.109 463.904 490.717 468.45 513.391 426.596 521.783
4 0.941406 320.154 97.6177 363.758 88.7354 368.346 111.257 324.742 120.14
4 0.94043 386.426 367.149 430.073 357.418 435.074 379.851 391.427 389.582
2 0.938477 343.291 197.712 407 185.141 412.209 211.538 348.5 224.109
2 0.9375 436.444 549.931 499.106 539.454 503.556 566.069 440.894 576.546
4 0.93457 327.983 127.364 371.417 117.401 376.517 139.636 333.083 149.599
4 0.928711 303.417 34.076 348.236 24.5877 353.083 47.4865 308.264 56.9748
0 0.921875 331.949 160.449 387.237 146.329 393.551 171.051 338.263 185.171
2 0.919922 166.405 271.778 249.358 258.561 253.845 286.722 170.892 299.939
3 0.918945 268.411 562.029 325.705 551.18 330.589 576.971 273.295 587.82
4 0.908203 296.51 -0.613857 341.5 -4.48814 343.49 18.6139 298.5 22.4881
3 0.904297 259.55 529.447 315.857 515.663 321.95 540.553 265.643 554.337
2 0.900391 80.7091 332.136 261.051 296.264 266.541 323.864 86.199 359.736
3 0.898438 259.258 597.098 329.753 585.533 334.242 612.902 263.747 624.467
2 0.892578 87.93 373.152 274.663 340.16 279.82 369.348 93.087 402.34
2 0.878906 139.704 402.492 278.447 375.999 283.796 404.008 145.053 430.501
2 0.876953 130.151 117.371 209.922 97.585 216.599 124.504 136.828 144.29
3 0.875977 207.451 422.487 285.263 405.889 291.049 433.013 213.237 449.611
4 0.873047 470.447 342.024 504.289 337.639 507.053 358.976 473.211 363.361
2 0.862305 136.126 181.691 217.204 164.527 222.874 191.309 141.796 208.473
3 0.856445 270.81 623.558 341.824 620.942 342.69 644.442 271.676 647.058
3 0.84082 234.668 450.098 292.706 437.718 297.332 459.402 239.294 471.782
3 0.669434 -4.44073 262.626 23.4333 267.023 20.1439 287.874 -7.73017 283.477
2 0.477539 427.077 526.313 472.982 516.521 477.923 539.687 432.018 549.479
2 0.334961 -4.31002 263.381 22.9634 267.469 19.9428 287.619 -7.33056 283.531
