4 0.9375 418.953 284.384 426.28 239.257 450.047 243.116 442.72 288.243
4 0.93457 447.553 290.213 454.195 244.348 477.947 247.787 471.305 293.652
4 0.931641 390.687 279.943 397.835 234.691 422.313 238.557 415.165 283.809
4 0.926758 474.72 293.679 479.691 248.137 504.28 250.821 499.309 296.363
4 0.920898 119.24 230.418 124.569 186.018 148.01 188.832 142.681 233.232
4 0.916016 526.093 302.191 532.103 257.941 556.907 261.309 550.897 305.559
4 0.916016 148.006 236.145 153.785 190.478 178.494 193.605 172.715 239.272
2 0.914062 219.857 250.62 226.965 188.431 257.143 191.88 250.035 254.069
2 0.914062 216.491 443.287 233.139 360.507 261.509 366.213 244.861 448.993
2 0.911133 579.036 309.233 590.399 247.679 617.964 252.767 606.601 314.321
2 0.904297 179.56 244.002 185.924 188.742 214.19 191.998 207.826 247.258
4 0.904297 553.453 307.092 560.023 261.847 584.547 265.408 577.977 310.653
4 0.902344 52.6325 219.948 61.0156 173.892 85.2426 178.302 76.8594 224.358
2 0.895508 122.342 431.14 136.004 344.65 162.658 348.86 148.996 435.35
4 0.89502 22.5491 214.652 28.5799 170.846 52.2009 174.098 46.1701 217.904
3 0.890625 521.806 466.36 530.495 411.418 557.194 415.64 548.505 470.582
2 0.890625 61.8574 406.074 72.5185 331.393 97.2676 334.926 86.6065 409.607
3 0.888672 550.172 486.923 562.535 419.739 588.828 424.577 576.465 491.761
2 0.886719 128.768 638.769 136.059 577.576 166.732 581.231 159.441 642.424
4 0.882812 403.725 193.63 410.008 161.33 430.775 165.37 424.492 197.67
3 0.880859 368.548 466.074 382.843 386.854 410.952 391.926 396.657 471.146
3 0.857422 487.971 459.92 495.384 405.453 522.029 409.08 514.616 463.547
2 0.851562 273.746 559.307 312.602 361.589 348.754 368.693 309.898 566.411
2 0.851562 619.497 505.983 620.851 436.059 644.503 436.517 643.149 506.441
2 0.847168 235.149 546.783 270.882 362.719 304.351 369.217 268.618 553.281
2 0.842285 298.007 465.352 317.992 367.433 345.993 373.148 326.008 471.067
3 0.835938 584.95 497.41 595.78 425.913 620.05 429.59 609.22 501.087
2 0.832031 324.974 523.457 347.282 379.171 382.026 384.543 359.718 528.829
3 0.810059 404.125 451.867 415.636 393.173 438.375 397.633 426.864 456.327
0 0.804688 179.824 244.765 185.689 188.539 213.926 191.485 208.061 247.711
2 0.79248 584.025 505.684 589.802 428.775 616.975 430.816 611.198 507.725
3 0.780762 322.046 623.705 349.76 624.173 349.454 642.295 321.74 641.827
4 0.716797 180.723 245.123 186.386 188.845 214.027 191.627 208.364 247.905
3 0.70459 321.752 522.102 346.719 383.584 381.748 389.898 356.781 528.416
2 0.693848 190.348 626.861 221.966 627.54 221.652 642.139 190.034 641.46
2 0.583008 488.327 460.567 494.296 405.043 521.173 407.933 515.204 463.457
