4 0.948242 446.022 355.049 473.509 318.633 492.478 332.951 464.991 369.367
4 0.945312 424.284 336.884 451.635 299.976 470.716 314.116 443.365 351.024
2 0.943359 550.866 434.159 593.097 385.655 615.134 404.841 572.903 453.345
2 0.941406 265.1 210.266 305.715 159.118 327.9 176.734 287.285 227.882
4 0.939453 402.068 319.035 429.134 282.889 447.932 296.965 420.866 333.111
4 0.939453 468.078 370.979 495.187 334.397 514.922 349.021 487.813 385.603
2 0.939453 167.622 374.243 226.019 314.211 246.628 334.257 188.231 394.289
4 0.9375 508.219 402.906 537.644 368.9 555.781 384.594 526.356 418.6
4 0.935547 186.796 143.366 214.698 108.061 233.454 122.884 205.552 158.189
4 0.93457 111.569 83.3763 138.603 48.8187 155.931 62.3737 128.897 96.9313
4 0.932617 209.681 161.34 238.586 125.395 257.569 140.66 228.664 176.605
2 0.928711 140.482 472.742 255.629 337.167 277.518 355.758 162.371 491.333
3 0.928711 398.494 523.313 432.577 479.432 453.506 495.687 419.423 539.568
2 0.928711 488.471 623.399 537.048 565.847 554.529 580.601 505.952 638.153
4 0.924805 134.363 102.203 164.809 66.3557 183.137 81.9223 152.691 117.769
2 0.921875 49.526 272.33 100.05 209.499 119.849 225.42 69.325 288.251
4 0.920898 528.296 422.201 557.674 383.925 577.704 399.299 548.326 437.575
3 0.920898 424.99 546.428 460.001 501.566 480.51 517.572 445.499 562.434
2 0.917969 71.3226 345.256 148.199 250.847 170.177 268.744 93.3015 363.153
3 0.916992 437.247 580.784 484.821 521.436 505.753 538.216 458.179 597.564
4 0.904297 454.134 248.217 478.236 224.771 491.866 238.783 467.764 262.229
2 0.897461 229.323 435.597 292.816 360.373 314.177 378.403 250.684 453.627
0 0.897461 234.392 187.247 266.536 139.419 288.608 154.253 256.464 202.081
3 0.892578 292.186 471.413 344.02 411.135 364.314 428.587 312.48 488.865
2 0.892578 512.473 636.877 560.25 582.846 577.527 598.123 529.75 652.154
2 0.886719 271.57 453.396 318.278 391.318 337.93 406.104 291.222 468.182
2 0.886719 228.855 498.162 316.929 385.662 340.145 403.838 252.071 516.338
2 0.873047 527.835 421.526 557.489 384.3 577.165 399.974 547.511 437.2
3 0.87207 464.405 601.63 509.788 543.338 529.095 558.37 483.712 616.662
2 0.871582 -8.54219 538.418 19.7903 452.599 51.5422 463.082 23.2097 548.901
2 0.858398 171.094 504.193 295.757 348.919 319.906 368.307 195.243 523.581
3 0.847168 325.648 479.65 366.25 430.867 384.852 446.35 344.25 495.133
3 0.797852 157.332 602.894 186.586 587.488 196.918 607.106 167.664 622.512
2 0.760254 -10.8702 454.272 3.97718 417.063 28.1983 426.728 13.3509 463.937
4 0.694824 168.411 -8.21827 197.721 -8.62294 198.089 18.0151 168.779 18.4198
2 0.594727 234.771 187.073 266.284 139.989 288.229 154.677 256.716 201.761
