4 0.947266 402.406 421.11 445.366 410.244 451.094 432.89 408.134 443.756
4 0.947266 430.398 524.457 476.066 512.831 482.102 536.543 436.434 548.169
4 0.947266 394.363 393.789 437.959 382.762 443.637 405.211 400.041 416.238
4 0.945312 410.381 447.512 453.896 436.292 459.619 458.488 416.104 469.708
4 0.942383 387.382 366.099 430.813 355.714 436.118 377.901 392.687 388.286
2 0.941406 340.481 197.636 404.803 183.71 410.519 210.114 346.197 224.04
2 0.94043 439.702 548.008 501.498 535.912 506.798 562.992 445.002 575.088
4 0.938477 324.746 127.089 368.21 116.308 373.754 138.661 330.29 149.442
4 0.935547 316.28 97.4285 360.018 87.3949 365.22 110.072 321.482 120.105
0 0.932617 329.918 160.53 383.451 144.201 391.082 169.22 337.549 185.549
4 0.931641 424.995 497.597 467.462 488.027 472.505 510.403 430.038 519.973
3 0.921875 273.819 563.451 326.722 553.601 331.181 577.549 278.278 587.399
4 0.921875 298.639 34.5294 343.565 24.0785 348.861 46.8456 303.935 57.2965
2 0.918945 165.81 273.12 248.206 260.381 252.69 289.38 170.294 302.119
3 0.908203 263.797 530.035 319.11 515.637 325.703 540.965 270.39 555.363
4 0.90625 290.768 -0.830042 335.772 -5.54155 338.232 17.955 293.228 22.6665
3 0.904297 263.842 598.73 332.207 586.219 337.158 613.27 268.793 625.781
2 0.897461 89.4604 377.343 275.074 340.423 280.79 369.157 95.176 406.077
2 0.89502 79.4623 336.984 261.861 296.906 268.038 325.016 85.639 365.094
2 0.885742 137.358 407.619 280.445 376.179 286.642 404.381 143.555 435.821
4 0.885742 470.687 339.387 503.956 333.351 507.813 354.613 474.544 360.649
3 0.87793 207.793 425.539 286.864 407.401 292.957 433.961 213.886 452.099
2 0.875 134.417 183.72 214.032 167.502 219.333 193.53 139.718 209.748
3 0.866211 273.325 622.735 347.553 620.913 348.175 646.265 273.947 648.087
2 0.84375 123.891 120.663 205.798 100.146 212.859 128.337 130.952 148.854
3 0.833496 234.452 450.46 294.01 437.278 299.048 460.04 239.49 473.222
4 0.722656 329.827 159.89 384.27 145.138 391.173 170.61 336.73 185.362
3 0.640625 -4.3886 267.939 23.422 273.648 19.3339 293.561 -8.47668 287.852
