4 0.947266 424.509 331.59 450.897 293.379 470.491 306.91 444.103 345.121
4 0.947266 447.59 348.513 473.854 310.482 493.41 323.987 467.146 362.018
2 0.946289 171.775 382.123 224.219 320.23 246.225 338.877 193.781 400.77
2 0.943359 258.836 212.233 297.56 160.104 320.664 177.267 281.94 229.396
4 0.942383 471.287 364.602 495.124 325.004 515.713 337.398 491.876 376.996
4 0.941406 401.218 314.816 427.353 277.189 446.782 290.684 420.647 328.311
4 0.938477 177.275 150.023 203.882 114.003 223.475 128.477 196.868 164.497
2 0.93457 557.656 422.952 595.466 372.053 618.344 389.048 580.534 439.947
4 0.931641 201.759 168.57 227.675 131.135 247.241 144.68 221.325 182.115
4 0.928711 512.926 393.853 538.719 357.437 558.074 371.147 532.281 407.563
2 0.921875 151.516 483.915 255.695 339.432 279.484 356.585 175.305 501.068
4 0.918945 123.352 111.816 151.824 75.4476 170.648 90.1843 142.176 126.552
4 0.917969 98.4341 94.3957 123.334 57.5899 142.941 70.8543 118.041 107.66
2 0.914062 528.484 629.857 573.04 568.906 592.516 583.143 547.96 644.094
2 0.911133 502.975 615.386 546.514 551.348 566.025 564.614 522.486 628.652
2 0.910156 46.5607 287.319 94.0637 220.633 115.189 235.681 67.6863 302.367
4 0.908203 534.961 411.705 560.634 372.076 581.039 385.295 555.366 424.924
4 0.908203 450.224 241.745 473.235 216.04 488.276 229.505 465.265 255.21
3 0.908203 437.672 539.68 469.617 493.876 490.328 508.32 458.383 554.124
3 0.90625 409.663 518.679 441.894 472.274 462.837 486.821 430.606 533.226
2 0.902344 239.356 502.608 321.229 385.213 345.144 401.892 263.271 519.287
2 0.899414 73.4532 356.639 147.352 260.511 169.922 277.861 96.0234 373.989
2 0.897461 -9.36005 570.731 28.4331 465.234 59.235 476.269 21.4419 581.766
3 0.894531 300.535 474.482 347.472 408.161 368.465 423.018 321.528 489.339
2 0.875 235.355 445.151 295.809 360.834 318.145 376.849 257.691 461.166
3 0.867188 479.875 594.659 520.925 534.825 540.625 548.341 499.575 608.175
2 0.861328 275.015 458.637 322.024 390.006 342.985 404.363 295.976 472.994
3 0.856445 336.91 478.296 370.831 428.692 390.59 442.204 356.669 491.808
2 0.842773 178.747 509.894 303.347 354.089 327.753 373.606 203.153 529.411
2 0.839355 452.203 573.627 493.577 515.544 515.797 531.373 474.423 589.456
3 0.800781 451.706 571.991 494.513 515.504 516.294 532.009 473.487 588.496
2 0.800293 227.215 191.48 257.125 143.804 279.785 158.02 249.875 205.696
0 0.794434 227.992 192.228 256.266 143.023 279.758 156.522 251.484 205.727
4 0.788086 150.812 -3.67213 184.516 -5.95047 186.438 22.4846 152.734 24.763
2 0.765625 -8.66954 489.473 -7.37679 433.3 24.193 434.027 22.9002 490.2
2 0.740234 533.383 410.422 560.355 372.621 580.617 387.078 553.645 424.879
4 0.722656 228.176 191.668 256.197 143.291 279.574 156.832 251.553 205.209
3 0.553711 504.393 615.287 549.188 550.899 567.607 563.713 522.812 628.101
4 0.462402 121.435 0.117648 139.651 -0.217699 139.815 8.70266 121.599 9.03801
2 0.313721 120.307 -1.0681 139.744 -0.978654 139.693 9.96654 120.256 9.87709
