4 0.952148 411.161 371.021 450.792 350.304 461.339 370.479 421.708 391.196
4 0.951172 396.995 346.704 436.534 326.151 447.005 346.296 407.466 366.849
4 0.949219 425.643 396.437 465.157 375.433 475.857 395.563 436.343 416.567
4 0.947266 259.211 105.244 298.709 85.3625 309.289 106.381 269.791 126.262
4 0.945312 440.063 419.745 479.724 397.638 490.937 417.755 451.276 439.862
2 0.943359 308.2 194.594 367.021 166.497 378.8 191.156 319.979 219.253
4 0.939453 466.115 463.933 506.371 444.894 516.385 466.067 476.129 485.106
2 0.9375 160.413 316.438 233.873 281.141 246.087 306.562 172.627 341.859
4 0.9375 274.294 132.791 312.715 110.713 324.206 130.709 285.785 152.787
2 0.931641 493.849 508.727 552.41 481.25 564.151 506.273 505.59 533.75
3 0.928711 320.973 536.678 370.888 511.361 382.027 533.322 332.112 558.64
3 0.928711 338.226 565.203 388.324 544.227 397.774 566.797 347.676 587.773
4 0.920898 478.699 489.259 520.081 466.977 531.801 488.741 490.419 511.023
3 0.919922 337.795 601.878 403.789 572.624 414.205 596.122 348.211 625.376
4 0.916992 224.115 49.0409 266.597 28.4277 277.135 50.1466 234.653 70.7598
4 0.915039 209.591 22.192 248.659 2.63945 258.659 22.6205 219.591 42.173
2 0.914062 91.38 400.17 257.272 315.227 269.87 339.83 103.978 424.773
4 0.904297 471.12 299.339 503.07 287.99 509.88 307.161 477.93 318.51
2 0.901367 105.109 441.8 287.924 347.127 300.391 371.2 117.575 465.873
3 0.901367 355.564 622.039 425.472 606.453 430.936 630.961 361.028 646.547
3 0.898438 239.354 451.838 309.777 411.944 322.646 434.662 252.223 474.556
2 0.890625 76.8913 253.866 183.727 194.958 197.609 220.134 90.7733 279.042
2 0.884766 47.5004 197.12 155.67 135.732 169.375 159.88 61.2046 221.268
2 0.87793 201.134 441.253 297.874 384.073 311.866 407.747 215.126 464.927
2 0.854492 288.007 163.015 336.907 133.91 350.493 156.735 301.593 185.84
0 0.854004 287.801 163.914 336.503 134.059 349.699 155.586 300.997 185.441
4 0.81543 202.833 -1.73415 242.436 -5.14459 244.167 14.9529 204.564 18.3633
2 0.734375 479.265 489.02 521.94 467.045 533.235 488.98 490.56 510.955
3 0.725098 415.97 625.519 445.39 625.248 445.53 640.481 416.11 640.752
3 0.567383 222.974 429.139 295.213 387.26 308.026 409.361 235.787 451.24
2 0.55957 -2.8362 347.979 26.2428 357.784 18.0706 382.021 -11.0085 372.216
2 0.536621 14.8071 417.329 15.5795 453.29 -2.15082 453.671 -2.92322 417.71
3 0.460938 -8.70439 352.125 22.0707 352.739 21.5794 377.375 -9.19574 376.761
4 0.383301 12.5959 420.143 12.9889 452.172 -2.15055 452.357 -2.54362 420.328
