4 0.945312 390.774 429.11 435.531 422.892 438.726 445.89 393.969 452.108
4 0.943359 340.038 98.86 383.652 92.5953 386.962 115.64 343.348 121.905
4 0.942383 386.035 400.346 431.257 394.063 434.465 417.154 389.243 423.437
4 0.941406 381.651 372.786 426.844 366.082 430.349 389.714 385.156 396.418
4 0.938477 396.077 457.026 440.883 449.11 444.923 471.974 400.117 479.89
4 0.935547 405.484 507.334 449.356 502.333 452.016 525.666 408.144 530.667
4 0.931641 408.276 535.961 454.761 528.225 458.724 552.039 412.239 559.775
2 0.931641 354.314 200.086 417.391 192.502 420.686 219.914 357.609 227.498
2 0.928711 413.777 558.918 477.754 551.227 481.223 580.082 417.246 587.773
4 0.926758 344.493 129.02 387.935 122.031 391.507 144.23 348.065 151.219
0 0.925781 346.325 161.76 400.856 151.607 405.675 177.49 351.144 187.643
4 0.917969 328.634 33.6755 374.537 28.014 377.366 50.9495 331.463 56.611
2 0.90918 171.8 258.153 253.933 251.841 256.2 281.347 174.067 287.659
4 0.90918 324.246 0.44243 368.564 -1.80293 369.754 21.6826 325.436 23.9279
3 0.907227 242.249 523.353 299.48 514.953 303.251 540.647 246.02 549.047
3 0.89502 246.882 556.212 304.419 551.257 306.618 576.788 249.081 581.743
3 0.890625 234.479 590.385 303.234 584.571 305.521 611.615 236.766 617.429
3 0.886719 195.089 413.464 277.681 403.02 281.161 430.536 198.569 440.98
2 0.880859 79.179 311.688 264.014 290.903 267.321 320.312 82.486 341.097
2 0.878906 82.2734 352.965 269.866 334.488 272.727 363.535 85.1343 382.012
2 0.871582 127.767 388.367 274.168 371.449 277.483 400.133 131.082 417.051
2 0.858887 146.902 102.63 229.239 89.5117 233.598 116.87 151.261 129.988
3 0.848633 220.972 442.584 281.254 434.114 284.529 457.416 224.246 465.886
2 0.84082 148.23 167.61 236.143 154.569 240.27 182.39 152.357 195.431
3 0.830078 239.634 620.717 315.566 619.785 315.866 644.283 239.934 645.215
3 0.800781 9.14799 421.615 41.0472 423.722 39.352 449.385 7.45278 447.278
2 0.67627 -3.07658 236.418 24.7202 236.332 24.7953 260.832 -3.00141 260.918
4 0.626465 417.313 0.261509 446.25 0.527843 446.187 7.34396 417.25 7.07763
4 0.532227 346.039 161.779 402.076 152.233 406.461 177.971 350.424 187.517
4 0.414307 -3.54408 236.228 24.6746 236.272 24.6378 260.272 -3.58089 260.228
