4 0.945312 449.844 298.901 458.473 254.131 481.656 258.599 473.027 303.369
4 0.94043 476.399 304.958 484.6 259.155 509.101 263.542 500.9 309.345
2 0.94043 225.102 243.856 238.825 181.569 266.398 187.644 252.675 249.931
4 0.939453 393.55 284.376 403.492 239.783 427.45 245.124 417.508 289.717
4 0.93457 420.814 291.749 431.276 246.698 455.186 252.251 444.724 297.302
4 0.929688 154.032 223.978 162.96 178.916 187.468 183.772 178.54 228.834
4 0.928711 125.564 217.069 134.466 172.449 158.186 177.181 149.284 221.801
2 0.921875 206.732 434.277 231.461 354.523 259.518 363.223 234.789 442.977
4 0.919922 60.46 201.256 71.0001 155.71 94.915 161.244 84.3749 206.79
4 0.917969 527.12 316.38 536.349 272.912 560.88 278.12 551.651 321.588
2 0.914062 577.867 327.87 593.434 265.47 622.133 272.63 606.566 335.03
3 0.908203 477.237 471.584 488.058 417.021 515.263 422.416 504.442 476.979
4 0.904297 553.461 323.963 562.958 278.412 587.539 283.537 578.042 329.088
4 0.904297 29.9844 194.033 39.4341 150.388 62.8906 155.467 53.4409 199.112
4 0.901367 412.065 200.297 419.365 167.73 440.435 172.453 433.135 205.02
2 0.900391 552.851 324.431 563.264 276.646 588.149 282.069 577.736 329.854
2 0.899414 116.939 413.775 135.003 331.036 161.061 336.725 142.997 419.464
0 0.899414 185.736 235.663 195.122 179.663 223.014 184.337 213.628 240.337
3 0.898438 358.938 467.429 379.81 391.949 405.562 399.071 384.69 474.551
3 0.896484 511.752 480.186 523.228 425.821 549.248 431.314 537.772 485.679
2 0.894531 56.6899 390.995 72.9351 313.747 97.9351 319.005 81.6899 396.253
3 0.893555 537.455 507.973 553.344 433.972 581.545 440.027 565.656 514.028
2 0.884766 223.226 535.139 268.478 361.695 299.774 369.861 254.522 543.305
2 0.873047 102.876 636.738 117.962 562.825 149.499 569.262 134.413 643.175
3 0.870605 394.366 458.799 408.767 399.524 432.134 405.201 417.733 464.476
2 0.858887 186.152 235.851 195.268 180.25 222.098 184.649 212.982 240.25
3 0.834473 566.659 525.536 584.336 444.568 611.341 450.464 593.664 531.432
2 0.830078 254.421 559.563 311.961 358.12 348.079 368.437 290.539 569.88
2 0.818359 603.277 530.176 615.241 452.404 640.723 456.324 628.759 534.096
2 0.81543 309.835 522.122 345.742 379.704 378.165 387.878 342.258 530.296
2 0.79248 167.108 619.672 196.3 620.478 195.642 644.328 166.45 643.522
3 0.726562 297.725 622.651 327.973 622.975 327.775 641.349 297.527 641.025
2 0.708984 567.908 525.673 585.127 444.799 611.092 450.327 593.873 531.201
3 0.554688 613.613 524.031 651.548 498.346 657.387 506.969 619.452 532.654
3 0.528809 309.434 516.442 346.524 380.796 378.566 389.558 341.476 525.203
3 0.507324 618.6 532.733 641.273 485.867 651.4 490.767 628.727 537.633
3 0.490234 604.516 529.734 617.684 450.319 641.484 454.266 628.316 533.681
2 0.454102 297.918 622.139 327.261 622.409 327.082 641.861 297.739 641.591
