4 0.943359 389.409 460.341 434.344 455.009 437.091 478.159 392.156 483.491
4 0.943359 396.819 539.655 444.86 534.253 447.681 559.345 399.64 564.747
2 0.943359 402.522 564.125 466.776 560.177 468.478 587.875 404.224 591.823
4 0.94043 385.058 433.108 429.992 428.334 432.442 451.392 387.508 456.166
4 0.935547 382.283 403.527 427.545 400.328 429.217 423.973 383.955 427.172
4 0.93457 351.534 99.9855 395.217 96.6285 396.966 119.389 353.283 122.747
4 0.933594 379.258 375.435 424.51 372.097 426.242 395.565 380.99 398.903
2 0.927734 359.412 202.343 423.395 197.229 425.588 224.657 361.605 229.771
4 0.921875 354.96 130.464 398.81 126.145 401.04 148.786 357.19 153.105
4 0.921875 395.446 511.789 439.97 508.78 441.554 532.211 397.03 535.22
4 0.919922 341.157 2.70209 384.833 0.757885 385.843 23.4542 342.167 25.3984
4 0.917969 343.86 34.393 390.067 31.2695 391.64 54.5445 345.433 57.668
2 0.89502 175.711 252.697 256.885 247.96 258.539 276.303 177.365 281.04
3 0.890625 235.02 553.463 290.092 550.419 291.48 575.537 236.408 578.581
0 0.890625 354.6 163.281 409.285 155.854 412.9 182.469 358.215 189.896
3 0.890625 231.412 519.04 288.076 513.459 290.588 538.96 233.924 544.541
3 0.889648 219.984 586.361 294.205 581.572 296.016 609.639 221.795 614.428
2 0.875 124.037 377.165 270.142 370.661 271.463 400.335 125.358 406.839
4 0.87207 464.751 364.156 498.261 361.787 499.749 382.844 466.239 385.213
4 0.869141 472.638 425.73 508.752 418.431 512.862 438.77 476.748 446.069
2 0.865723 87.5738 340.422 266.594 331.352 268.176 362.578 89.1558 371.648
2 0.865723 80.4881 300.271 262.327 286.297 264.512 314.729 82.6731 328.703
4 0.855469 354.969 164.087 409.469 156.685 413.031 182.913 358.531 190.315
3 0.854492 191.088 407.725 273.678 400.868 275.912 427.775 193.322 434.632
2 0.84375 161.522 156.571 245.255 149.877 247.478 177.679 163.745 184.373
3 0.835938 223.735 617.05 301.109 616.575 301.265 641.95 223.891 642.425
4 0.771484 434.893 -1.05303 461.049 -1.1734 461.107 11.428 434.951 11.5484
2 0.705078 -1.66872 219.46 26.8932 219.635 26.7312 246.04 -1.83074 245.865
4 0.655762 -3.05302 220.578 26.2305 219.275 27.3499 244.422 -1.93361 245.725
2 0.512695 178.18 407.483 274.017 401.89 275.57 428.517 179.733 434.11
