4 0.949219 420.023 352.328 453.83 321.828 469.477 339.172 435.67 369.672
4 0.945312 438.985 373.911 473.303 343.093 489.015 360.589 454.697 391.407
2 0.943359 282.655 202.886 331.696 159.186 350.345 180.114 301.304 223.814
4 0.942383 400.812 330.991 434.782 300.721 450.188 318.009 416.218 348.279
4 0.942383 458.214 393.76 490.647 362.162 507.286 379.24 474.853 410.838
4 0.941406 492.815 431.347 526.917 402.564 542.185 420.653 508.083 449.436
2 0.94043 161.771 350.073 227.969 299.385 245.229 321.927 179.031 372.615
4 0.939453 235.596 147.327 268.941 115.775 285.404 133.173 252.059 164.725
2 0.93457 529.121 467.47 581.561 428.328 598.879 451.53 546.439 490.672
4 0.93457 215.408 123.704 249.736 94.367 265.592 112.921 231.264 142.258
2 0.929688 116.53 443.914 256.922 326.335 274.72 347.586 134.328 465.165
4 0.928711 149.853 53.7664 182.588 22.9339 198.647 39.9836 165.912 70.8161
3 0.927734 365.935 532.48 407.19 495.261 424.565 514.52 383.31 551.739
4 0.923828 169.892 74.9054 206.9 45.9327 221.608 64.7196 184.6 93.6923
4 0.923828 510.665 454.063 544.905 420.602 562.335 438.437 528.095 471.898
0 0.923828 256.345 174.919 296.04 134.362 314.655 152.581 274.96 193.138
3 0.915039 388.636 557.14 431.342 523.282 446.864 542.86 404.158 576.718
2 0.912109 69.5413 305.361 161.42 225.859 179.834 247.139 87.9547 326.641
2 0.90918 59.7797 230.689 119.412 176.055 136.595 194.811 76.9634 249.445
3 0.899414 269.583 465.496 328.797 412.731 346.417 432.504 287.203 485.269
2 0.898438 255.036 440.987 307.492 390.039 324.464 407.513 272.008 458.461
2 0.897461 509.348 452.57 545.261 420.864 561.652 439.43 525.739 471.136
4 0.895508 463.802 269.912 491.093 250.376 502.698 266.588 475.407 286.124
2 0.892578 200.482 484.523 305.742 384.615 326.018 405.977 220.758 505.885
2 0.878906 443.124 625.852 506.282 606.269 513.376 629.148 450.218 648.731
2 0.856445 135.737 483.05 282.746 358.58 301.263 380.45 154.254 504.92
3 0.854492 304.622 476.679 350.915 437.727 364.878 454.321 318.585 493.273
2 0.854004 -7.08044 465.071 -1.11014 409.485 30.9554 412.929 24.9851 468.515
2 0.853027 199.471 434.005 288.66 354.284 306.279 373.995 217.09 453.716
2 0.835938 492.892 623.597 527.844 622.524 528.608 647.403 493.656 648.476
3 0.827148 395.237 593.436 453.455 545.955 470.263 566.564 412.045 614.045
3 0.797852 413.413 623.983 476.022 572.198 491.587 591.017 428.978 642.802
2 0.724609 395.717 594.392 450.439 547.408 467.783 567.608 413.061 614.592
2 0.706543 11.2535 368.487 16.495 396.167 1.46525 399.013 -3.77628 371.333
2 0.658203 414.12 619.543 475.307 573.211 489.88 592.457 428.693 638.789
4 0.652344 255.538 174.958 297.984 134.793 315.962 153.792 273.516 193.957
3 0.5625 442.874 626.322 505.724 604.214 513.626 626.678 450.776 648.786
3 0.498047 -10.8306 459.987 4.95893 409.132 33.565 418.013 17.7754 468.868
4 0.384766 -13.4265 454.245 10.8488 409.286 37.6453 423.755 13.37 468.714
