4 0.951172 352.724 193.762 373.683 234.464 352.276 245.488 331.317 204.786
4 0.951172 404.281 167.953 424.28 210.071 402.219 220.547 382.22 178.429
4 0.949219 427.359 154.006 448.606 194.805 426.641 206.244 405.394 165.445
4 0.949219 378.457 179.891 399.065 222.445 377.043 233.109 356.435 190.555
2 0.941406 194.968 254.245 224.107 313.256 197.782 326.255 168.643 267.244
4 0.9375 132.146 304.394 153.095 345.698 130.604 357.106 109.655 315.802
2 0.9375 303.244 392.139 336.54 470.142 310.256 481.361 276.96 403.358
4 0.935547 106.722 319.095 125.877 359.918 103.528 370.405 84.3728 329.582
3 0.935547 569.342 254.458 592.661 304.959 568.658 316.042 545.339 265.541
3 0.933594 535.889 269.714 561.212 318.89 538.111 330.786 512.788 281.61
4 0.928711 475.784 131.187 495.269 172.061 472.716 182.813 453.231 141.939
3 0.925781 599.843 237.068 629.764 305.704 605.157 316.432 575.236 247.796
4 0.923828 20.8142 365.252 38.7715 405.763 17.3733 415.248 -0.583988 374.737
2 0.916016 519.956 86.9003 546.528 143.988 521.044 155.85 494.472 98.7625
3 0.914062 439.988 325.493 472.249 397.674 448.012 408.507 415.751 336.326
4 0.912109 47.7462 347.106 69.7254 388.685 46.6288 400.894 24.6496 359.315
4 0.911133 499.93 117.026 520.838 160.198 498.07 171.224 477.162 128.052
2 0.905273 341.564 374.399 418.602 533.477 389.436 547.601 312.398 388.523
2 0.905273 212.428 438.248 249.488 512.725 226.322 524.252 189.262 449.775
2 0.901367 152.005 463.139 190.969 536.849 168.245 548.861 129.281 475.151
2 0.899414 407.481 336.782 475.007 457.706 449.019 472.218 381.493 351.294
2 0.898438 371.682 348.785 413.252 434.624 389.318 446.215 347.748 360.376
4 0.889648 317.171 129.212 329.491 160.297 309.329 168.288 297.009 137.203
0 0.888672 158.892 281.1 188.097 331.21 164.608 344.9 135.403 294.79
4 0.874023 161.501 281.319 187.296 331.412 162.499 344.181 136.704 294.088
3 0.807617 639.043 228.275 649.405 295.291 623.957 299.225 613.595 232.209
4 0.796875 13.2559 382.529 14.7225 419.281 -2.56062 419.971 -4.02719 383.219
2 0.740723 407.018 335.244 446.389 411.702 422.982 423.756 383.611 347.298
2 0.73584 333 622.853 365.843 622.601 366 643.147 333.157 643.399
2 0.65625 500.724 117.246 520.295 159.289 497.276 170.004 477.705 127.961
3 0.558594 407.676 334.687 480.842 464.773 452.324 480.813 379.158 350.727
2 0.546387 638.95 227.038 649.34 295.631 624.05 299.462 613.66 230.869
2 0.501465 409.586 628.836 434.961 628.953 434.914 639.164 409.539 639.047
3 0.450195 631.547 235.352 631.547 216.148 639.453 216.148 639.453 235.352
