4 0.951172 399.133 164.766 421.068 206.262 399.367 217.734 377.432 176.238
4 0.949219 372.732 178.756 394.989 219.048 374.268 230.494 352.011 190.202
4 0.948242 347.942 193.333 370.469 232.397 350.058 244.167 327.531 205.103
4 0.945312 421.301 150.333 444.531 190.615 423.199 202.917 399.969 162.635
3 0.942383 534.56 261.057 560.965 311.008 537.44 323.443 511.035 273.492
2 0.941406 193.12 259.084 222.757 317.074 197.63 329.916 167.993 271.926
4 0.938477 106.334 326.136 127.861 366.115 106.041 377.864 84.5144 337.885
3 0.9375 565.895 243.314 590.984 295.122 567.105 306.685 542.016 254.878
2 0.935547 511.885 79.7174 539.508 137.207 514.115 149.408 486.492 91.9185
4 0.935547 131.491 311.865 153.582 351.857 132.259 363.635 110.168 323.643
4 0.932617 469.485 126.054 489.714 165.936 467.515 177.196 447.286 137.314
4 0.925781 492.295 110.552 515.696 153.069 493.205 165.448 469.804 122.931
2 0.923828 305.219 392.674 341.59 470.812 315.781 482.826 279.41 404.688
4 0.921875 21.3118 374.884 42.5608 415.082 21.6882 426.116 0.439167 385.918
3 0.921875 596.334 227.78 629.273 293.975 604.666 306.22 571.727 240.025
4 0.917969 49.391 358.187 70.9861 399.192 48.9215 410.813 27.3264 369.808
2 0.914062 343.246 369.378 427.214 534.926 397.254 550.122 313.286 384.574
0 0.90625 157.737 286.957 188.267 335.83 165.513 350.043 134.983 301.17
3 0.90625 440.831 321.084 473.53 391.899 449.669 402.916 416.97 332.101
2 0.892578 156.841 469.276 200.601 543.311 177.909 556.724 134.149 482.689
4 0.890625 310.727 130.056 322.932 160.85 303.773 168.444 291.568 137.65
2 0.885742 374.115 337.729 467.747 523.743 438.885 538.271 345.253 352.257
2 0.880859 219.328 440.638 271.378 540.584 244.922 554.362 192.872 454.416
2 0.854492 158.186 465.88 218.412 572.194 192.064 587.12 131.838 480.806
2 0.828613 373.312 345.077 421.449 440.708 396.188 453.423 348.051 357.792
3 0.794434 635.709 216.363 649.839 282.112 625.291 287.387 611.161 221.638
2 0.788086 343.493 622.117 376.952 621.296 377.507 643.883 344.048 644.704
3 0.710938 408.596 334.927 449.062 405.599 426.404 418.573 385.938 347.901
4 0.701172 158.645 286.945 187.331 336.164 164.355 349.555 135.669 300.336
3 0.659668 626.328 205.569 647.276 210.408 644.672 221.681 623.724 216.842
4 0.657715 13.0212 394.243 14.3416 430.094 -3.67741 430.757 -4.99787 394.906
2 0.634277 636.295 215.518 648.23 284.303 622.705 288.732 610.77 219.947
2 0.512695 414.955 626.46 446.565 626.509 446.545 639.54 414.935 639.491
