4 0.935547 221.326 150.598 266.593 149.487 267.174 173.152 221.907 174.263
4 0.929688 223.37 177.631 268.308 177.494 268.38 200.869 223.442 201.006
4 0.926758 223.233 235.329 268.1 234.503 268.517 257.171 223.65 257.997
4 0.925781 222.803 511.539 266.802 511.742 266.697 534.461 222.698 534.258
4 0.925781 223.733 206.665 268.229 206.118 268.517 229.585 224.021 230.132
4 0.921875 223.871 610.189 267.495 609.921 267.629 631.811 224.005 632.079
4 0.920898 221.614 577.241 268.458 577.384 268.386 600.759 221.542 600.616
4 0.917969 222.09 482.185 266.09 482.05 266.16 504.815 222.16 504.95
4 0.916992 223.158 96.8493 266.877 96.9164 266.842 120.151 223.123 120.084
2 0.90625 205.317 403.022 270.189 403.619 269.933 431.478 205.061 430.881
2 0.90625 199.845 37.4568 266.792 40.1283 265.655 68.6057 198.708 65.9342
3 0.89502 372.415 105.126 429.83 103.54 430.585 130.874 373.17 132.46
4 0.892578 217.96 70.358 267.238 69.7532 267.54 94.392 218.262 94.9968
3 0.886719 372.338 67.9469 431.88 69.5 431.162 97.0531 371.62 95.5
3 0.875977 374.158 35.6322 449.01 37.4697 448.342 64.6803 373.49 62.8428
2 0.866211 376.458 328.528 559.479 334.707 558.542 362.472 375.521 356.293
2 0.861328 213.003 447.435 269.093 445.456 269.997 471.065 213.907 473.044
3 0.858887 376.478 5.53644 448.788 4.87089 449.022 30.3386 376.712 31.0041
2 0.858398 377.281 367.704 462.448 372.674 460.719 402.296 375.552 397.326
4 0.854492 147.838 237.001 182.087 238.472 181.162 259.999 146.913 258.528
2 0.853027 378.525 248.704 516.767 250.188 516.475 277.296 378.233 275.812
3 0.847168 375.947 212.937 459.796 217.959 458.053 247.063 374.204 242.041
2 0.845215 380.28 284.779 568.981 292.889 567.72 322.221 379.019 314.111
2 0.842285 374.228 534.275 453.601 533.788 453.772 561.725 374.399 562.212
0 0.830078 213.751 446.413 269.359 445.048 269.999 471.087 214.39 472.452
2 0.819824 378.448 468.868 459.635 469.117 459.552 496.132 378.365 495.883
3 0.803223 615.498 240.077 641.576 240.157 641.502 264.173 615.424 264.093
2 0.738281 601.933 424.716 639.263 423.685 640.067 452.784 602.737 453.815
4 0.716309 602.049 426.014 640.704 425.659 640.951 452.486 602.296 452.841
4 0.597656 213.842 446.423 269.029 444.56 269.908 470.577 214.721 472.44
