4 0.949219 282.188 153.031 325.549 165.749 318.812 188.719 275.451 176.001
4 0.947266 290.372 126.878 334.812 139.691 328.128 162.872 283.688 150.059
4 0.945312 157.043 462.259 198.988 475.547 191.957 497.741 150.012 484.453
4 0.943359 261.241 205.606 304.223 218.933 297.259 241.394 254.277 228.067
4 0.943359 270.882 179.879 314.324 192.766 307.618 215.371 264.176 202.484
4 0.941406 130.449 522.831 175.837 536.295 169.051 559.169 123.663 545.705
4 0.939453 166.663 433.975 210.26 447.639 203.087 470.525 159.49 456.861
4 0.9375 120.139 553.458 163.989 566.614 157.111 589.542 113.261 576.386
2 0.9375 314.606 15.1305 374.75 37.9076 364.894 63.932 304.75 41.1549
4 0.93457 312.575 77.6176 354.498 91.6813 346.925 114.257 305.002 100.194
3 0.932617 460.5 108.928 516.302 125.855 508.5 151.572 452.699 134.645
2 0.929688 182.695 354.358 243.646 377.121 233.555 404.142 172.604 381.379
3 0.923828 446.314 142.736 501.791 158.089 494.686 183.764 439.209 168.411
2 0.921875 354.419 386.235 431.455 420.807 419.581 447.265 342.545 412.693
4 0.921875 319.463 51.1596 365.353 65.2341 358.037 89.0904 312.147 75.0159
3 0.916016 474.556 75.8651 547.685 103.176 537.944 129.26 464.815 101.949
3 0.912109 410.596 243.126 485.465 276.726 474.404 301.374 399.535 267.774
3 0.912109 490.32 49.4264 557.729 74.3656 548.68 98.8236 481.271 73.8844
0 0.905273 172.021 397.822 227.126 414.353 219.229 440.678 164.124 424.147
2 0.902344 543.083 523.346 647.245 561.338 636.917 589.654 532.755 551.662
4 0.901367 189.06 180.377 221.996 190.645 215.69 210.873 182.754 200.605
3 0.899414 501.619 19.896 581.817 45.7093 573.381 71.9165 493.183 46.1032
2 0.895508 395.639 278.185 531.81 326.908 522.361 353.315 386.19 304.592
2 0.89502 366.502 351.007 539.192 417.014 528.498 444.993 355.808 378.986
3 0.876953 508.71 -4.92193 595.817 17.466 589.29 42.8594 502.183 20.4715
2 0.875 287.288 539.472 368.235 566.214 359.212 593.528 278.265 566.786
2 0.867188 373.596 310.504 554.295 378.303 543.904 405.996 363.205 338.197
2 0.84375 316.687 477.7 434.607 521.738 424.313 549.3 306.393 505.262
3 0.838867 615.247 364.427 641.892 357.622 647.753 380.573 621.108 387.378
2 0.832031 172.648 398.098 227.403 414.159 219.852 439.902 165.097 423.841
2 0.830078 604.39 483.012 649.471 499.769 638.61 528.988 593.529 512.231
4 0.774414 171.745 398.025 226.827 413.633 219.505 439.475 164.423 423.867
3 0.773926 583.223 -8.37306 623.743 -5.44665 621.777 21.7793 581.257 18.8529
2 0.768555 350.799 -4.85588 394.222 -3.72326 393.701 16.2387 350.278 15.1061
4 0.606445 148.205 628.857 175.08 628.94 175.045 640.143 148.17 640.06
4 0.530273 348.009 -3.39036 392.223 -2.77991 391.991 14.0466 347.777 13.4362
2 0.506348 396.727 276.803 476.932 304.947 468.773 328.197 388.568 300.053
