4 0.958984 329.131 149.048 368.137 172.836 355.869 192.952 316.863 169.164
4 0.955078 344.792 126.507 383.774 149.791 371.708 169.993 332.726 146.709
4 0.955078 312.139 171.67 350.353 195.786 337.861 215.58 299.647 191.464
4 0.949219 294.617 194.19 332.361 218.173 319.883 237.81 282.139 213.827
4 0.945312 123.554 411.031 161.984 435.449 148.946 455.969 110.516 431.551
4 0.943359 378.222 84.9829 416.686 108.279 404.278 128.767 365.814 105.471
4 0.943359 141.06 387.435 179.729 411.591 166.94 432.065 128.271 407.909
2 0.943359 178.451 314.618 230.334 354.599 213.549 376.382 161.666 336.401
4 0.939453 393.802 60.3509 434.987 87.415 421.198 108.399 380.013 81.335
2 0.939453 399.602 26.0287 450.456 64.1087 433.898 86.2213 383.044 48.1413
2 0.935547 335.746 392.743 397.79 450.202 378.754 470.757 316.71 413.298
4 0.93457 81.8991 462.832 121.663 486.998 109.101 507.668 69.3372 483.502
3 0.931641 489.987 183.524 539.406 214.712 525.513 236.726 476.094 205.538
3 0.929688 514.463 156.129 561.52 190.141 546.537 210.871 499.48 176.859
4 0.928711 63.0381 489.673 102.101 513.005 89.9619 533.327 50.8994 509.995
3 0.928711 537.781 128.77 598.831 173.614 582.219 196.23 521.169 151.386
3 0.924805 430.154 271.644 490.776 325.083 473.346 344.856 412.724 291.417
2 0.920898 362.194 363.626 501.041 475.804 482.806 498.374 343.959 386.196
2 0.917969 408.256 300.412 518.409 383.955 501.244 406.588 391.091 323.045
3 0.908203 574.796 81.5159 640.773 127.529 627.204 146.984 561.227 100.971
2 0.900391 229.314 522.462 295.326 572.05 279.935 592.538 213.924 542.95
2 0.892578 467.019 586.772 563.841 620.414 553.481 650.228 456.659 616.586
2 0.888672 269.756 470.714 368.701 544.097 352.244 566.286 253.299 492.903
2 0.883789 374.323 327.071 534.971 442.813 518.677 465.429 358.029 349.687
2 0.882812 156.941 354.946 204.357 384.565 190.309 407.054 142.893 377.435
3 0.867188 595.497 55.8633 650.632 101.681 635.503 119.887 580.368 74.0694
2 0.845703 228.21 519.364 322.755 590.387 305.29 613.636 210.745 542.613
4 0.813477 -0.287958 447.346 26.1274 457.535 17.788 479.154 -8.6274 468.965
2 0.784668 422.915 618.227 470.156 619.169 469.585 647.773 422.344 646.831
3 0.765625 591.527 443.461 622.433 443.414 622.473 469.039 591.567 469.086
2 0.757812 373.511 321.561 468.916 393.001 452.489 414.939 357.084 343.499
3 0.679688 405.38 299.302 475.802 347.458 461.62 368.198 391.198 320.042
0 0.64502 158.053 355.339 205.01 384.572 190.947 407.161 143.99 377.928
