4 0.943359 402.003 192.361 414.569 236.709 390.997 243.389 378.431 199.041
4 0.942383 429.308 184.862 442.018 229.201 418.692 235.888 405.982 191.549
4 0.935547 453.966 174.596 469.227 218.09 445.534 226.404 430.273 182.91
4 0.93457 374.53 201.017 387.613 245.117 364.47 251.983 351.387 207.883
2 0.931641 208.605 233.535 225.633 295.812 197.645 303.465 180.617 241.188
4 0.926758 109.617 281.424 121.56 325.102 97.8827 331.576 85.9396 287.898
4 0.924805 531.183 149.974 546.627 196.246 521.817 204.526 506.373 158.254
0 0.921875 169.902 254.823 187.161 308.163 160.848 316.677 143.589 263.337
4 0.920898 137.784 272.746 151.166 315.906 127.466 323.254 114.084 280.094
4 0.919922 506.712 161.346 518.407 204.638 494.288 211.154 482.593 167.862
2 0.918945 195.802 417.3 217.578 497.911 192.448 504.7 170.672 424.089
4 0.917969 46.2312 301.391 59.5818 344.921 36.1438 352.109 22.7932 308.579
2 0.917969 557.364 124.931 572.897 186.148 544.636 193.319 529.103 132.102
2 0.917969 291.247 387.6 309.774 470.108 281.753 476.4 263.226 393.892
3 0.916992 576.219 298.728 591.337 350.861 565.781 358.272 550.663 306.139
4 0.916992 18.3883 312.101 26.6968 355.977 3.34612 360.399 -4.96241 316.523
2 0.916016 130.914 432.365 154.939 509.851 129.836 517.635 105.811 440.149
3 0.908203 541.389 307.767 558.141 360.645 532.611 368.733 515.859 315.855
2 0.899414 328.614 373.589 382.107 546.111 348.886 556.411 295.393 383.889
3 0.894531 608.522 287.21 628.816 358.827 602.478 366.29 582.184 294.673
4 0.890625 350.655 132.192 357.191 164.028 336.345 168.308 329.809 136.472
2 0.883789 368.919 357.68 388.861 442.813 361.081 449.32 341.139 364.187
3 0.883789 437.028 344.443 456.466 422.046 430.472 428.557 411.034 350.954
2 0.876953 406.638 348.969 451.372 480.31 421.362 490.531 376.628 359.19
2 0.864258 343.514 363.441 411.84 545.544 378.486 558.059 310.16 375.956
2 0.834473 369.119 363.433 420.893 544.034 389.381 553.067 337.607 372.466
4 0.772949 169.826 253.991 187.734 307.644 161.174 316.509 143.266 262.856
2 0.651855 642.722 283.102 645.789 354.474 624.278 355.398 621.211 284.026
2 0.63916 169.315 254.884 187.113 308.211 160.435 317.116 142.637 263.789
2 0.630371 224.053 627.669 252.439 628.192 252.197 641.331 223.811 640.808
2 0.605957 277.811 623.884 308.449 623.508 308.689 643.116 278.051 643.492
3 0.546387 407.48 350.393 450.18 479.648 418.52 490.107 375.82 360.852
4 0.524902 -2.82169 346.744 11.7726 355.613 8.95059 360.256 -5.64366 351.387
3 0.473145 643.156 284.524 644.605 352.009 622.844 352.476 621.395 284.991
