4 0.947266 276.8 154.398 320.394 166.174 314.2 189.102 270.606 177.326
4 0.945312 257.389 208.047 300.1 219.374 294.111 241.953 251.4 230.626
4 0.945312 161.622 467.938 204.496 480.087 198.128 502.562 155.254 490.413
4 0.945312 283.699 128.584 327.96 139.527 322.301 162.416 278.04 151.473
4 0.943359 138.172 529.382 183.469 541.32 177.328 564.618 132.031 552.68
4 0.942383 266.809 181.459 309.889 193.097 303.691 216.041 260.611 204.403
4 0.941406 171.171 438.928 214.75 451.566 208.079 474.572 164.5 461.934
4 0.9375 128.517 559.731 172.47 571.967 165.983 595.269 122.03 583.033
2 0.93457 306.444 16.7158 365.311 36.7655 356.556 62.4717 297.689 42.422
4 0.93457 303.854 78.3731 345.767 90.8071 339.146 113.127 297.233 100.693
4 0.924805 309.632 51.7989 356.395 64.8946 349.868 88.2011 303.105 75.1054
2 0.921875 184.101 359.23 245.283 379.651 236.399 406.27 175.217 385.849
2 0.920898 355.832 385.562 433.932 416.656 423.668 442.438 345.568 411.344
3 0.918945 440.63 136.286 496.282 152.056 488.87 178.214 433.218 162.444
3 0.914062 409.49 241.148 483.119 270.462 473.01 295.852 399.381 266.538
3 0.912109 454.052 104.02 509.987 120.055 502.448 146.355 446.513 130.32
3 0.90625 466.564 70.5403 539.87 94.5082 530.936 121.835 457.63 97.8668
2 0.904297 549.941 515.383 645.251 546.06 636.059 574.617 540.749 543.94
3 0.896484 480.529 44.5545 550.776 66.8085 542.971 91.4455 472.724 69.1915
2 0.893555 366.491 348.01 542.421 410.655 532.509 438.49 356.579 375.845
2 0.890625 296.149 540.461 374.205 565.585 365.851 591.539 287.795 566.415
3 0.890625 490.494 15.0613 564.621 36.8045 557.506 61.0637 483.379 39.3205
2 0.885742 175.7 402.836 230.773 417.532 223.8 443.664 168.727 428.968
2 0.883789 376.189 307.286 559.108 371.157 549.311 399.214 366.392 335.343
2 0.878906 389.885 271.66 540.67 322.501 531.115 350.84 380.33 299.999
0 0.876953 175.298 404.317 229.959 418.366 223.452 443.683 168.791 429.634
4 0.874023 186.337 184.294 217.928 194.463 211.413 214.706 179.822 204.537
2 0.874023 324.227 480.385 411.331 509.606 402.773 535.115 315.669 505.894
3 0.847168 615.435 356.51 640.5 346.263 648.565 365.99 623.5 376.237
3 0.838867 497.555 -9.307 584.046 2.16987 580.445 29.307 493.954 17.8301
2 0.830078 607.114 473.945 646.008 480.081 640.886 512.555 601.992 506.419
3 0.760742 394.97 272.654 473.81 299.777 465.53 323.846 386.69 296.723
3 0.748047 576.365 -2.72874 612.521 -2.95059 612.635 15.5647 576.479 15.7865
2 0.729004 338.636 -2.73061 381.66 -1.93854 381.364 14.1525 338.34 13.3604
4 0.387695 337.24 -2.12407 380.394 -1.72687 380.26 12.8272 337.106 12.43
