4 0.955078 308.978 172.038 347.932 195.062 336.022 215.212 297.068 192.188
4 0.955078 326.285 148.461 365.043 171.935 352.715 192.289 313.957 168.815
4 0.953125 341.608 125.706 381.127 149.31 368.892 169.794 329.373 146.19
4 0.948242 291.786 194.51 331.062 217.482 319.214 237.74 279.938 214.768
4 0.947266 141.937 390.783 181.496 413.515 169.313 434.717 129.754 411.985
4 0.946289 125.187 415.238 163.016 437.832 150.813 458.262 112.984 435.668
2 0.946289 177.611 317.059 230.485 355.4 214.139 377.941 161.265 339.6
4 0.942383 374.554 83.9812 412.475 107.028 399.946 127.644 362.025 104.597
2 0.94043 394.817 25.9897 446.329 61.3303 430.683 84.1353 379.171 48.7947
2 0.9375 335.644 392.935 400.097 447.676 382.356 468.565 317.903 413.824
4 0.935547 65.6206 494.176 105.913 515.713 94.6294 536.824 54.3366 515.287
3 0.933594 508.285 150.638 558.962 183.166 544.715 205.362 494.038 172.834
3 0.932617 487.587 181.406 537.117 209.867 523.914 232.844 474.383 204.383
4 0.928711 389.195 59.4748 430.994 86.3956 417.305 107.65 375.506 80.7294
4 0.926758 85.5276 466.963 124.488 491.301 111.847 511.537 72.8868 487.199
3 0.926758 532.435 125.469 593.919 167.651 578.565 190.031 517.081 147.849
2 0.921875 362.6 363.581 502.995 472.801 485.4 495.419 345.005 386.199
2 0.917969 408.345 299.543 519.805 379.846 503.155 402.957 391.695 322.654
3 0.916016 428.783 269.529 491.513 321.657 474.217 342.471 411.487 290.343
2 0.901367 472.463 583.146 573.573 622.505 562.537 650.854 461.427 611.495
4 0.899414 232.402 150.783 258.913 170.954 246.348 187.467 219.837 167.296
2 0.889648 378.07 323.727 532.911 442.667 515.93 464.773 361.089 345.833
2 0.871582 275.399 474.506 338.232 520.512 323.601 540.494 260.768 494.488
2 0.864746 234.139 522.971 313.102 582.479 296.861 604.029 217.898 544.521
3 0.856445 569.873 76.9951 638.241 121.473 625.127 141.63 556.759 97.1518
0 0.855469 157.084 357.597 206.205 386.327 192.416 409.903 143.295 381.173
2 0.851562 276.403 473.423 367.814 541.436 350.597 564.577 259.186 496.564
4 0.84375 156.092 357.135 205.964 385.691 192.408 409.365 142.536 380.809
4 0.834961 7.58684 450.8 30.1848 470.293 15.6007 487.2 -6.99729 467.707
2 0.81543 588.681 53.4479 647.934 96.8318 634.319 115.427 575.066 72.0432
2 0.803223 428.016 617.585 478.69 618.751 477.984 649.415 427.31 648.249
2 0.738281 158.218 357.884 204.889 386.15 191.282 408.616 144.611 380.35
2 0.712402 570.28 76.7057 635.446 120.248 622.72 139.294 557.554 95.7515
4 0.695312 68.5925 577.181 101.849 586.001 95.5325 609.819 62.2759 600.999
3 0.623047 404.607 298.23 476.432 344.958 462.893 365.77 391.068 319.042
3 0.568359 586.116 54.6529 648.4 93.5603 635.884 113.597 573.6 74.6897
