4 0.952148 302.273 149.862 344.671 166.968 335.727 189.138 293.329 172.032
4 0.952148 288.113 175.1 330.192 192.078 321.387 213.9 279.308 196.922
4 0.949219 314.032 125.014 356.053 141.968 346.968 164.486 304.947 147.532
4 0.949219 140.774 441.42 180.942 459.225 171.476 480.58 131.308 462.775
4 0.949219 274.761 199.885 316.067 216.772 307.239 238.365 265.933 221.478
2 0.943359 178.762 338.197 236.352 367.519 223.988 391.803 166.398 362.481
4 0.941406 341.293 78.3346 382.49 96.5958 372.707 118.665 331.51 100.404
4 0.938477 154.047 414.626 195.385 432.875 185.453 455.374 144.115 437.125
4 0.9375 92.6015 527.84 135.937 544.176 127.273 567.16 83.9377 550.824
4 0.931641 106.513 498.297 150.114 515.423 141.362 537.703 97.7613 520.577
2 0.929688 346.134 389.587 417.246 435.231 402.366 458.413 331.254 412.769
2 0.925781 352.453 16.9919 409.64 46.5514 396.547 71.8831 339.36 42.3236
3 0.924805 503.061 97.4977 571.037 129.776 558.939 155.252 490.963 122.974
4 0.921875 352.312 53.1167 395.616 72.711 385.188 95.7583 341.884 76.164
3 0.921875 466.072 157.865 520.499 180.802 509.928 205.885 455.501 182.948
2 0.918945 163.557 379.891 216.68 401.895 206.443 426.609 153.32 404.605
3 0.918945 483.931 126.849 538.254 151.731 527.069 176.151 472.746 151.269
3 0.915039 520.082 72.0999 596.469 108.228 584.918 132.65 508.531 96.5217
2 0.914062 366.828 356.316 522.927 444.429 508.672 469.684 352.573 381.571
3 0.912109 535.016 44.0714 610.718 77.4891 599.984 101.804 524.282 68.3859
2 0.907227 404.549 288.005 527.709 351.905 514.951 376.495 391.791 312.595
3 0.904297 419.123 253.882 490.439 297.074 475.877 321.118 404.561 277.926
2 0.898438 515.057 547.851 628.513 607.38 613.943 635.149 500.487 575.62
2 0.885742 372.824 316.311 547.35 408.225 533.676 434.189 359.15 342.275
2 0.885742 293.052 477.229 403.732 531.88 390.948 557.771 280.268 503.12
4 0.882812 207.718 165.069 239.45 179.31 230.532 199.181 198.8 184.94
4 0.874023 163.314 379.622 216.215 401.344 205.936 426.378 153.035 404.656
2 0.864746 584.179 514.992 643.802 547.69 628.821 575.008 569.198 542.31
2 0.853027 259.677 532.199 372.909 586.606 360.323 612.801 247.091 558.394
2 0.785645 475.005 604.085 573.703 617.644 568.995 651.915 470.297 638.356
3 0.769043 545.068 19.1197 632.298 54.3145 621.932 80.0053 534.702 44.8105
3 0.749023 607.995 397.943 639.833 396.428 641.005 421.057 609.167 422.572
3 0.743652 620.432 33.2913 647.228 35.3506 645.568 56.9587 618.772 54.8994
2 0.628418 400.968 286.737 476.393 322.269 466.032 344.263 390.607 308.731
