4 0.924805 403.312 221.202 412.57 266.293 388.188 271.298 378.93 226.207
4 0.920898 463.543 223.669 466.364 269.582 441.957 271.081 439.136 225.168
4 0.915039 491.617 222.76 493.304 268.572 468.383 269.49 466.696 223.678
4 0.912109 427.644 220.731 443.8 262.999 420.856 271.769 404.7 229.501
4 0.907227 97.5764 253.858 118.983 215.488 139.424 226.892 118.017 265.262
2 0.90625 209.198 204.265 257.654 242.44 239.302 265.735 190.846 227.56
0 0.904297 196.547 210.88 197.233 266.782 169.703 267.12 169.017 211.218
4 0.904297 155.736 216.188 164.978 259.845 141.514 264.812 132.272 221.155
2 0.901367 238.391 458.004 241.25 373.553 269.109 374.496 266.25 458.947
2 0.898438 573.296 269.935 576.603 206.302 605.704 207.815 602.397 271.448
3 0.892578 531.084 387.165 584.954 397.452 579.916 423.835 526.046 413.548
4 0.889648 -0.424091 254.604 20.332 213.798 42.6428 225.146 21.8868 265.952
4 0.888672 515.409 265.877 526.689 223.509 550.591 229.873 539.311 272.241
4 0.883789 26.2889 241.476 65.8432 216.556 79.2112 237.774 39.6568 262.694
4 0.883789 373.928 168.371 399.17 147.066 413.572 164.129 388.33 185.434
2 0.876953 142.219 444.34 146.483 374.658 171.031 376.16 166.767 445.842
2 0.867188 55.9247 431.691 107.517 369.897 126.575 385.809 74.9835 447.603
2 0.861328 177.093 605.435 214.499 605.55 214.407 635.565 177.001 635.45
3 0.860352 573.077 451.372 576.724 378.713 604.923 380.128 601.276 452.787
3 0.859863 393.188 456.995 395.29 376.835 420.812 377.505 418.71 457.665
4 0.858887 564.161 221.921 579.823 266.996 555.839 275.329 540.177 230.254
3 0.851562 364.467 419.127 441.321 391.628 450.533 417.373 373.679 444.872
2 0.848633 272.342 552.704 278.583 367.184 311.658 368.296 305.417 553.816
4 0.835938 196.036 210.317 198.27 266.304 169.964 267.433 167.73 211.446
3 0.833496 606.648 467.188 606.648 381.312 635.352 381.312 635.352 467.188
2 0.833496 313.507 570.721 321.205 360.487 356.493 361.779 348.795 572.013
3 0.827148 595.221 388.444 665.05 438.429 647.779 462.556 577.95 412.571
3 0.812012 368.441 616.394 396.448 615.707 397.059 640.606 369.052 641.293
2 0.810059 357.373 508.656 359.569 377.299 392.127 377.844 389.931 509.201
2 0.797852 111.669 467.357 176.705 370.023 200.831 386.143 135.795 483.477
3 0.786133 533.766 375.688 534.808 432.304 507.234 432.812 506.192 376.196
2 0.621094 196.69 211.572 197.028 266.759 169.56 266.927 169.222 211.741
2 0.536133 532.723 374.657 535.021 432.236 507.277 433.343 504.979 375.764
3 0.530762 354.371 509.005 360.319 379.016 392.629 380.495 386.681 510.484
3 0.486816 177.046 605.885 214.543 605.368 214.954 635.115 177.457 635.632
4 0.387695 177.102 606.581 213.479 605.13 214.648 634.419 178.271 635.87
0 0.313232 177.319 605.963 213.561 605.184 214.181 634.037 177.939 634.816
