4 0.952148 293.781 150.643 336.61 166.638 328.219 189.107 285.39 173.112
4 0.949219 280.816 176.385 323.396 192.064 315.184 214.365 272.604 198.686
4 0.948242 269.448 202.014 311.414 217.907 303.052 239.986 261.086 224.093
4 0.947266 147.268 450.433 188.611 466.893 179.982 488.567 138.639 472.107
4 0.947266 303.639 125.748 346.759 140.657 338.861 163.502 295.741 148.593
4 0.946289 158.743 422.914 201.536 439.27 193.007 461.586 150.214 445.23
4 0.939453 104.553 539.715 146.552 554.888 138.822 576.285 96.8228 561.112
4 0.938477 328.989 77.7433 370.166 93.7725 361.511 116.007 320.334 99.9775
4 0.93457 116.784 508.962 161.143 525.683 152.716 548.038 108.357 531.317
2 0.93457 179.903 345.522 239.487 371.498 228.597 396.478 169.013 370.502
2 0.93457 336.228 16.0142 394.589 42.2058 383.272 67.4233 324.911 41.2317
3 0.929688 457.563 150.67 512.692 171.066 503.437 196.08 448.308 175.684
3 0.928711 493.197 88.366 560.39 119.517 548.803 144.509 481.61 113.358
2 0.924805 349.172 389.444 423.278 428.327 410.828 452.056 336.722 413.173
3 0.924805 473.26 118.142 529.354 138.993 519.74 164.858 463.646 144.007
3 0.917969 415.05 251.577 488.852 288.868 476.95 312.423 403.148 275.132
3 0.916992 509.353 61.9893 584.441 94.3133 573.647 119.386 498.559 87.0617
4 0.914062 337.593 52.315 383.49 68.1833 375.407 91.56 329.51 75.6917
2 0.910156 337.042 51.8663 383.613 70.4902 374.458 93.3837 327.887 74.7598
2 0.90625 526.906 536.777 645.245 592.082 632.094 620.223 513.755 564.918
3 0.90625 521.613 33.2621 598.642 65.1683 588.387 89.9254 511.358 58.0192
2 0.901367 361.578 352.805 537.356 434.298 524.422 462.195 348.644 380.702
2 0.900391 401.932 283.193 527.888 340.185 516.068 366.307 390.112 309.315
4 0.888672 200.333 171.359 231.137 183.623 223.167 203.641 192.363 191.377
2 0.885742 594.113 499.934 652.385 529.154 637.887 558.066 579.615 528.846
2 0.882812 303.573 478.986 418.273 528.989 406.927 555.014 292.227 505.011
3 0.879883 614.404 382.252 643.685 381.263 644.596 408.248 615.315 409.237
2 0.879883 378.839 316.745 554.99 397.429 543.161 423.255 367.01 342.571
2 0.859863 273.305 536.503 356.485 572.159 345.195 598.497 262.015 562.841
2 0.826172 167.106 389.064 219.51 408.36 210.644 432.436 158.24 413.14
4 0.819824 123.438 620.097 150.735 620.013 150.812 644.903 123.515 644.987
3 0.814453 611.661 10.4455 649.011 28.4627 638.339 50.5857 600.989 32.5686
4 0.795898 370.071 -7.4819 415.022 -6.24039 414.429 15.2202 369.478 13.9787
2 0.794434 488.099 590.166 603.149 614.338 595.901 648.834 480.851 624.662
0 0.760254 167.899 388.894 220.126 407.581 211.351 432.106 159.124 413.419
3 0.750977 531.099 7.61657 604.103 36.8114 594.901 59.8209 521.897 30.6261
2 0.730469 369.544 -9.07685 415.386 -6.11927 413.956 16.0378 368.114 13.0802
4 0.728516 166.51 386.973 220.512 407.613 210.99 432.527 156.988 411.887
4 0.706543 156.773 627.672 176.727 627.672 176.727 640.328 156.773 640.328
3 0.695312 620.641 -0.271714 642.561 0.0309262 642.359 14.717 620.439 14.4144
3 0.671387 399.258 282.617 476.327 315.235 466.742 337.883 389.673 305.265
2 0.536133 531.941 6.51753 608.138 38.6288 598.059 62.545 521.862 30.4337
3 0.425293 595.625 -0.659613 616.737 0.442484 616.375 7.37055 595.263 6.26845
