4 0.948242 178.669 483.212 222.266 491.815 217.831 514.288 174.234 505.685
4 0.946289 252.497 187.675 296.496 195.31 292.503 218.325 248.504 210.69
4 0.943359 264.672 133.299 309.257 139.842 305.828 163.201 261.243 156.658
4 0.942383 259.728 159.639 303.981 167.808 299.772 190.611 255.519 182.442
4 0.939453 161.303 546.657 207.561 555.49 203.197 578.343 156.939 569.51
4 0.9375 155.111 578.291 199.935 586.637 195.639 609.709 150.815 601.363
2 0.935547 189.003 373.423 252.03 388.8 245.497 415.577 182.47 400.2
4 0.935547 185.025 454.598 228.876 463.041 224.475 485.902 180.624 477.459
4 0.93457 246.25 215.232 289.832 223.07 285.75 245.768 242.168 237.93
4 0.933594 279.196 80.721 321.755 89.8675 316.804 112.904 274.245 103.758
2 0.926758 274.461 18.8171 334.873 34.344 328.039 60.9329 267.627 45.406
2 0.921875 362.763 381.487 443.463 405.023 435.737 431.513 355.037 407.977
3 0.920898 429.686 89.972 487.952 102.027 482.314 129.278 424.048 117.223
4 0.912109 281.644 53.6781 329.213 63.2921 324.356 87.3219 276.787 77.7079
3 0.908203 421.198 124.93 478.605 135.346 473.802 161.82 416.395 151.404
3 0.904297 440.016 57.4638 514.574 75.4119 507.984 102.786 433.426 84.8381
2 0.904297 186.5 417.615 241.538 427.427 237 452.885 181.962 443.073
4 0.89502 172.462 199.243 204.981 206.179 200.538 227.007 168.019 220.071
3 0.892578 398.633 230.318 478.971 254.419 470.867 281.432 390.529 257.331
2 0.890625 569.044 489.911 643.176 505.486 636.956 535.089 562.824 519.514
2 0.883789 318.229 541.418 397.746 557.489 392.271 584.582 312.754 568.511
2 0.883789 370.822 344.738 549.357 387.138 542.678 415.262 364.143 372.862
3 0.880859 448.598 27.3828 536.609 45.5921 530.902 73.1797 442.891 54.9704
2 0.867188 340.792 479.173 420.575 498.379 414.208 524.827 334.425 505.621
2 0.865723 378.95 301.731 560.104 347.108 553.05 375.269 371.896 329.892
2 0.865723 397.157 266.399 528.454 298.859 521.843 325.601 390.546 293.141
3 0.856445 454.569 -2.05887 537.016 14.3409 531.931 39.9026 449.484 23.5028
0 0.824219 185.015 418.487 241.546 428.654 236.985 454.013 180.454 443.846
2 0.813477 613.468 460.005 635.576 441.14 649.532 457.495 627.424 476.36
3 0.793945 621.304 339.937 627.795 311.24 644.696 315.063 638.205 343.76
4 0.779297 185.108 418.291 241.384 427.345 237.142 453.709 180.866 444.655
2 0.632812 307.002 -1.66431 347.124 -1.23346 346.998 10.4846 306.876 10.0538
3 0.558594 498.041 -1.55815 542.009 -1.3558 541.959 9.37846 497.991 9.17612
4 0.362305 304.549 -0.441554 342.606 0.200675 342.451 9.39468 304.394 8.75245
