4 0.923828 383.684 269.663 385.669 224.238 410.816 225.337 408.831 270.762
4 0.923828 411.845 270.698 413.979 225.123 439.155 226.302 437.021 271.877
4 0.918945 440.903 271.599 442.806 226.358 467.597 227.401 465.694 272.642
2 0.912109 575.045 273.723 578.369 210.279 606.955 211.777 603.631 275.221
4 0.911133 490.955 224.376 497.508 270.506 472.045 274.124 465.492 227.994
2 0.911133 209.711 264.002 212.171 201.581 241.789 202.748 239.329 265.169
4 0.908203 105.584 258.422 109.053 213.901 133.791 215.828 130.322 260.349
4 0.904297 126.383 247.646 154.229 212.495 173.617 227.854 145.771 263.005
4 0.898438 519.781 272.389 522.373 229.123 547.219 230.611 544.627 273.877
2 0.898438 235.352 456.361 240.8 372.35 268.398 374.139 262.95 458.15
4 0.888672 547.3 274.693 549.27 227.984 574.7 229.057 572.73 275.766
3 0.886719 390.3 461.526 392.16 376.859 420.2 377.474 418.34 462.141
0 0.886719 197.485 208.769 198.68 264.381 170.765 264.981 169.57 209.369
4 0.883789 8.78587 255.972 12.3727 212.055 36.5266 214.028 32.9398 257.945
4 0.878906 39.7376 257.17 43.7648 211.127 68.9499 213.33 64.9227 259.373
4 0.87793 377.302 172.009 399.719 147.579 415.698 162.241 393.281 186.671
3 0.875977 530.348 427.709 553.898 378.456 578.652 390.291 555.102 439.544
2 0.874023 140.824 448.754 143.441 371.861 169.426 372.746 166.809 449.639
3 0.868164 571.806 456.067 573.83 382.157 602.194 382.933 600.17 456.843
2 0.863281 76.0623 446.499 77.8977 365.395 104.688 366.001 102.852 447.105
3 0.850586 604.195 467.801 606.189 387.513 633.805 388.199 631.811 468.487
2 0.836914 171.059 604.748 209.871 604.987 209.691 634.252 170.879 634.013
3 0.834961 531.499 379.532 532.868 435.296 505.501 435.968 504.132 380.204
2 0.833496 268.453 555.629 276.609 363.927 310.547 365.371 302.391 557.073
2 0.828613 310.062 569.106 319.571 362.2 356.438 363.894 346.929 570.8
3 0.823242 421.843 440.889 423.841 378.859 447.157 379.611 445.159 441.641
2 0.806641 352.446 517.686 357.481 374.65 390.554 375.814 385.519 518.85
3 0.77832 362.729 618.077 390.929 617.644 391.271 639.923 363.071 640.356
4 0.767578 197.247 208.292 198.804 264.677 170.503 265.458 168.946 209.073
2 0.675293 197.334 209.08 198.348 264.165 170.916 264.67 169.902 209.585
3 0.503418 352.641 513.417 356.026 380.21 390.359 381.083 386.974 514.29
3 0.409912 170.838 604.679 210.054 604.198 210.412 633.321 171.196 633.802
4 0.273193 171.222 604.683 208.94 604.567 209.028 633.317 171.31 633.433
