4 0.956055 351.642 173.052 380.664 208.862 362.358 223.698 333.336 187.888
4 0.955078 374.681 156.152 403.823 191.662 385.319 206.848 356.177 171.338
4 0.953125 395.703 138.328 425.412 173.856 406.797 189.422 377.088 153.894
4 0.949219 329.101 190.019 358.56 225.916 339.899 241.231 310.44 205.334
4 0.945312 108.317 356.209 136.803 391.247 117.683 406.791 89.1975 371.753
3 0.945312 550.419 208.899 585.11 256.739 563.581 272.351 528.89 224.511
2 0.945312 184.26 278.129 223.849 329.996 201.74 346.871 162.151 295.004
4 0.938477 131.272 337.864 160.991 373.628 141.728 389.636 112.009 353.872
3 0.9375 579.817 189.764 624.154 251.105 602.183 266.986 557.846 205.645
4 0.9375 438.853 107.538 466.866 141.994 448.147 157.212 420.134 122.756
2 0.9375 475.061 57.069 510.953 107.701 488.939 123.306 453.047 72.6745
2 0.935547 315.285 393.425 361.417 465.783 338.215 480.575 292.083 408.217
4 0.931641 30.4931 415.938 59.3504 451.881 39.8194 467.562 10.9621 431.619
4 0.928711 459.967 88.716 490.076 126.218 470.533 141.909 440.424 104.407
4 0.928711 54.5661 395.646 84.7256 431.489 65.8714 447.354 35.7119 411.511
3 0.925781 521.219 232.254 558.083 277.032 537.781 293.746 500.917 248.968
3 0.921875 439.754 304.192 482.834 370.858 461.246 384.808 418.166 318.142
0 0.918945 154.837 310.313 190.958 354.326 170.413 371.187 134.292 327.174
2 0.912109 345.968 363.555 456.737 519.308 430.532 537.945 319.763 382.192
2 0.898438 408.265 320.999 497.37 430.598 474.735 449.001 385.63 339.402
3 0.895508 612.435 173.116 649.183 236.841 626.565 249.884 589.817 186.159
4 0.884766 283.157 133.338 301.561 160.163 283.343 172.662 264.939 145.837
2 0.883789 235.756 455.214 288.681 525.442 266.994 541.786 214.069 471.558
2 0.874023 180.548 492.757 231.477 558.848 210.202 575.243 159.273 509.152
2 0.87207 378.034 341.848 493.492 496.036 469.966 513.652 354.508 359.464
2 0.863281 377.049 336.323 436.481 421.82 412.951 438.177 353.519 352.68
2 0.835938 388.311 616.907 428.284 618.379 427.189 648.093 387.216 646.621
2 0.833496 462.335 614.018 501.285 615.992 499.665 647.982 460.715 646.008
2 0.800293 514.773 47.2001 552.291 79.9671 539.227 94.9249 501.709 62.1579
3 0.782715 641.04 153.235 651.072 200.622 627.96 205.515 617.928 158.128
3 0.77832 547.728 512.911 580.041 516.394 577.272 542.089 544.959 538.606
4 0.755859 155.567 310.251 190.843 354.466 170.433 370.749 135.157 326.534
3 0.699707 407.56 327.227 504.097 433.738 481.44 454.273 384.903 347.762
4 0.689453 16.5153 496.534 39.7017 523.581 21.1722 539.466 -2.01418 512.419
2 0.628906 407.597 320.151 466.501 392.603 445.903 409.349 386.999 336.897
3 0.487305 388.611 618.19 427.568 619.146 426.889 646.81 387.932 645.854
2 0.474609 155.595 309.91 191.347 354.023 170.905 370.59 135.153 326.477
