4 0.953125 308.6 149.164 349.081 168.31 338.9 189.836 298.419 170.69
4 0.952148 294.107 173.914 334.764 192.536 324.893 214.086 284.236 195.464
4 0.951172 320.62 125.151 362.357 143.27 352.88 165.099 311.143 146.98
4 0.951172 279.411 198.205 319.868 217.037 310.089 238.045 269.632 219.213
4 0.947266 150.52 409.006 192.055 428.262 181.98 449.994 140.445 430.738
4 0.943359 136.137 434.648 176.186 454.119 165.863 475.352 125.814 455.881
2 0.942383 177.978 332.951 234.838 364.703 221.522 388.549 164.662 356.797
4 0.941406 85.8305 520.236 127.444 537.849 118.169 559.764 76.5555 542.151
3 0.938477 470.514 163.126 525.093 188.125 513.986 212.374 459.407 187.375
4 0.935547 349.812 79.6558 389.867 98.8264 379.688 120.094 339.633 100.924
4 0.93457 100.768 491.143 143.507 510.088 133.857 531.857 91.1179 512.912
2 0.933594 345.183 390.497 413.206 439.032 396.817 462.003 328.794 413.468
3 0.933594 489.621 132.012 543.663 157.572 531.879 182.488 477.837 156.928
3 0.925781 512.144 102.869 577.672 139.991 563.856 164.381 498.328 127.259
2 0.924805 362.302 18.158 420.152 49.5374 406.698 74.342 348.848 42.9626
3 0.917969 420.617 258.346 492.086 302.839 477.883 325.654 406.414 281.161
2 0.917969 161.874 374.726 213.134 398.491 201.876 422.774 150.616 399.009
2 0.915039 404.745 289.888 525.587 359.081 511.255 384.112 390.413 314.919
4 0.912109 361.657 55.1395 405.54 74.5111 395.343 97.6105 351.46 78.2389
3 0.907227 529.427 80.4662 592.188 113.396 580.573 135.534 517.812 102.604
2 0.904297 360.579 355.678 523.869 453.55 508.421 479.322 345.131 381.45
2 0.898438 254.453 532.372 326.132 571.68 313.547 594.628 241.868 555.32
3 0.894531 542.96 52.1309 621.401 91.464 610.04 114.119 531.599 74.786
2 0.883789 380.815 321.26 548.209 418.82 533.685 443.74 366.291 346.18
4 0.880859 212.768 161.267 243.354 174.545 234.482 194.983 203.896 181.705
2 0.876953 381.809 302.978 540.912 394.403 526.191 420.022 367.088 328.597
2 0.875 500.904 559.705 620.739 610.422 608.096 640.295 488.261 589.578
2 0.862305 293.215 477.62 370.304 523.825 356.785 546.38 279.696 500.175
3 0.825684 558.201 28.0427 638.886 64.2529 627.799 88.9573 547.114 52.7471
3 0.794434 606.695 407.318 640.107 409.731 638.305 434.682 604.893 432.269
2 0.722168 400.306 288.465 482.383 332.986 470.694 354.535 388.617 310.014
4 0.716309 161.404 374.163 214.104 398.009 203.096 422.337 150.396 398.491
0 0.675293 161.552 373.638 213.166 399.124 201.198 423.362 149.584 397.876
2 0.663574 362.16 54.6116 406.003 75.9269 394.84 98.8884 350.997 77.5731
3 0.64209 631.449 62.4922 631.449 43.5078 639.551 43.5078 639.551 62.4922
3 0.604492 401.864 290.139 475.108 327.147 464.136 348.861 390.892 311.853
2 0.475586 558.187 25.8966 638.075 67.345 625.813 90.9784 545.925 49.53
