4 0.94043 475.71 196.923 483.394 242.879 458.29 247.077 450.606 201.121
4 0.938477 420.142 206.693 426.63 252.359 402.358 255.807 395.87 210.141
4 0.933594 449.343 202.782 455.631 249.076 430.657 252.468 424.369 206.174
4 0.929688 392.747 211.279 398.378 256.933 373.753 259.971 368.122 214.317
2 0.919922 222.55 218.346 230.747 280.117 202.2 283.905 194.003 222.133
4 0.918945 117.165 249.373 123.654 293.113 99.9597 296.627 93.4714 252.887
4 0.914062 147.082 245.097 153.584 288.93 130.168 292.403 123.666 248.57
2 0.912109 583.987 164.324 591.795 227.626 563.013 231.176 555.205 167.874
4 0.911133 528.624 191.581 533.674 237.114 508.376 239.919 503.326 194.386
4 0.908203 555.569 186.012 562.674 232.914 537.431 236.738 530.326 189.836
4 0.90625 22.2773 264.389 26.3873 308.918 2.62896 311.111 -1.4811 266.582
2 0.902344 281.366 382.943 287.417 464.97 259.134 467.057 253.083 385.03
2 0.902344 115.355 403.046 125.639 480.554 100.02 483.954 89.7355 406.446
2 0.902344 180.903 231.473 190.37 288.093 163.847 292.527 154.38 235.907
4 0.896484 52.6269 257.794 60.1546 303.681 35.6231 307.706 28.0954 261.819
4 0.890625 377.374 137.648 382.031 171.17 359.126 174.352 354.469 140.83
2 0.889648 180.877 397.39 190.122 480.754 164.373 483.61 155.128 400.246
2 0.880859 396.823 360.894 421.825 499.914 390.177 505.606 365.175 366.586
3 0.874023 431.566 361.433 438.201 441.345 411.434 443.567 404.799 363.655
3 0.870605 576.806 340.947 583.568 393.136 557.194 396.553 550.432 344.364
2 0.870117 360.632 364.619 371.247 460.345 343.868 463.381 333.253 367.655
2 0.862305 318.725 374.978 341.983 554.478 310.775 558.522 287.517 379.022
3 0.858887 540.7 341.042 549.79 397.534 522.3 401.958 513.21 345.466
0 0.857422 181.41 231.276 190.846 286.666 164.09 291.224 154.654 235.834
4 0.855469 401.388 133.282 410.223 162.735 388.612 169.218 379.777 139.765
2 0.845703 641.863 331.876 644.992 404.684 623.137 405.624 620.008 332.816
2 0.845215 357.631 357.789 387.656 560.199 353.869 565.211 323.844 362.801
3 0.842285 610.247 334.038 616.584 405.068 589.753 407.462 583.416 336.432
2 0.806641 229.956 617.036 258.408 617.167 258.294 641.964 229.842 641.833
2 0.795898 611.207 335.962 616.75 405.303 588.793 407.538 583.25 338.197
4 0.702637 8.85709 187.494 8.94755 216.978 -0.107094 217.006 -0.19755 187.522
2 0.687012 173.386 614.21 204.698 614.306 204.614 641.79 173.302 641.694
4 0.650391 576.735 341.795 582.802 393.597 556.265 396.705 550.198 344.903
0 0.467285 539.208 341.475 549.242 397.268 522.792 402.025 512.758 346.232
