4 0.959961 349.133 172.605 379.409 207.485 361.367 223.145 331.091 188.265
4 0.957031 372.221 155.044 402.215 190.25 383.779 205.956 353.785 170.75
4 0.955078 392.706 137.023 422.841 171.528 404.294 187.727 374.159 153.222
4 0.951172 326.448 190.114 356.63 224.994 338.552 240.636 308.37 205.756
4 0.948242 108.715 359.989 138.101 394.481 119.285 410.511 89.8991 376.019
2 0.947266 183.561 280.004 223.747 331.173 201.689 348.496 161.503 297.327
4 0.942383 435.882 105.268 464.015 140.31 445.118 155.482 416.985 120.44
4 0.942383 131.176 340.884 162.318 375.457 143.824 392.116 112.682 357.543
2 0.938477 471.146 54.7648 507.93 104.363 485.854 120.735 449.07 71.1372
3 0.938477 549.505 206.858 584.634 252.301 563.495 268.642 528.366 223.199
2 0.9375 315.255 393.537 364.559 464.001 341.745 479.963 292.441 409.499
4 0.932617 456.198 85.8075 486.931 123.609 467.302 139.567 436.569 101.766
3 0.931641 576.625 185.26 622.824 245.212 601.375 261.74 555.176 201.788
3 0.929688 519.838 228.44 558.287 271.655 538.162 289.56 499.713 246.345
4 0.927734 31.7736 421.896 60.7738 456.795 42.3514 472.104 13.3512 437.205
4 0.921875 55.981 400.178 86.796 435.791 68.269 451.822 37.454 416.209
2 0.914062 347.027 364.293 462.054 516.929 436.473 536.207 321.446 383.571
3 0.914062 440.959 300.193 483.884 368.441 461.041 382.807 418.116 314.559
0 0.910156 153.924 313.107 192.522 355.431 172.826 373.393 134.228 331.069
2 0.898438 409.517 319.99 498.896 428.558 476.483 447.01 387.104 338.442
4 0.898438 154.922 313.569 191.32 355.633 171.328 372.931 134.93 330.867
4 0.892578 281.032 133.512 298.951 161.335 280.468 173.238 262.549 145.415
3 0.87207 610.428 168.421 649.322 234.223 627.572 247.079 588.678 181.277
2 0.871582 239.113 456.464 306.661 541.932 284.387 559.536 216.839 474.068
2 0.851562 466.514 610.195 509.45 614.225 506.486 645.805 463.55 641.775
2 0.845703 393.208 615.807 434.193 617.758 432.792 647.193 391.807 645.242
2 0.836914 344.153 367.633 420.557 465.535 398.347 482.867 321.943 384.965
4 0.776367 18.3585 501.313 45.9126 526.286 30.1415 543.687 2.58737 518.714
3 0.755859 551.509 507.64 584.335 512.304 580.491 539.36 547.665 534.696
3 0.743652 642.327 151.127 644.676 198.944 620.673 200.123 618.324 152.306
2 0.711426 635.275 149.066 649.645 198.618 628.725 204.684 614.355 155.132
3 0.603027 409.267 322.021 507.893 432.872 484.733 453.479 386.107 342.628
2 0.524902 406.758 317.935 470.069 392.247 449.742 409.565 386.431 335.253
3 0.467773 393.202 616.918 433.977 618.67 432.798 646.082 392.023 644.33
4 0.454102 393.443 615.907 432.896 617.845 431.557 645.093 392.104 643.155
2 0.309814 631.371 157.32 631.371 139.18 639.629 139.18 639.629 157.32
3 0.260498 630.98 158.008 630.98 138.242 640.02 138.242 640.02 158.008
