4 0.949219 279.767 153.451 322.591 166.441 315.733 189.049 272.909 176.059
4 0.948242 159.056 464.976 201.441 477.905 194.694 500.024 152.309 487.095
4 0.945312 287.126 127.793 330.568 139.529 324.374 162.457 280.932 150.721
4 0.943359 259.013 206.791 302.398 219.084 295.987 241.709 252.602 229.416
4 0.943359 268.78 180.566 312.218 193.019 305.72 215.684 262.282 203.231
4 0.94043 307.829 77.8128 350.482 90.6087 343.671 113.312 301.018 100.516
4 0.9375 123.712 557.697 168.06 569.313 162.038 592.303 117.69 580.687
4 0.932617 133.593 526.357 179.117 538.655 172.907 561.643 127.383 549.345
4 0.932617 168.727 437.486 212.192 449.729 205.773 472.514 162.308 460.271
2 0.931641 310.124 16.0368 369.247 37.7044 359.876 63.2757 300.753 41.6081
4 0.929688 314.872 51.4355 360.883 64.3206 354.128 88.4395 308.117 75.5544
2 0.926758 184.251 356.053 244.111 379.566 233.749 405.947 173.889 382.434
2 0.918945 354.554 386.941 432.751 418.631 422.446 444.059 344.249 412.369
3 0.917969 456.481 105.183 512.966 122.224 505.019 148.567 448.534 131.526
3 0.915039 471.009 73.3388 543.309 98.3359 533.991 125.286 461.691 100.289
3 0.914062 410.705 241.776 485.366 272.702 474.795 298.224 400.134 267.298
3 0.912109 485.046 47.2502 562.252 72.3622 553.954 97.8748 476.748 72.7628
3 0.911133 444.521 138.742 499.091 154.658 491.479 180.758 436.909 164.842
2 0.908203 547.317 520.435 646.355 554.167 636.683 582.565 537.645 548.833
2 0.897461 367.234 348.548 542.23 414.821 531.766 442.452 356.77 376.179
0 0.895508 173.894 400.864 228.54 417.075 221.106 442.136 166.46 425.925
3 0.89502 493.884 16.4475 570.965 40.0883 563.116 65.6775 486.035 42.0367
2 0.892578 291.65 540.308 368.584 564.421 360.35 590.692 283.416 566.579
4 0.883789 187.819 182.069 219.159 191.787 212.681 212.681 181.341 202.963
2 0.879883 377.416 309.884 558.38 375.889 548.084 404.116 367.12 338.111
2 0.879883 391.821 274.609 534.928 324.333 525.179 352.391 382.072 302.667
2 0.861328 606.253 477.953 647.547 488.77 639.747 518.547 598.453 507.73
2 0.858887 322.057 478.901 423.69 515.618 413.943 542.599 312.31 505.882
3 0.845703 504.167 -6.35635 587.285 7.41009 582.833 34.2939 499.715 20.5274
3 0.845703 614.805 358.185 641.884 350.646 648.195 373.315 621.116 380.854
2 0.842773 377.903 308.007 520.496 357.307 511.097 384.493 368.504 335.193
2 0.841309 174.524 400.7 228.813 416.353 221.476 441.8 167.187 426.147
3 0.832031 396.233 276.041 468.991 300.077 461.267 323.459 388.509 299.423
3 0.777344 582.153 -6.72409 617.242 -6.13195 616.847 17.2553 581.758 16.6632
2 0.770996 343.947 -3.27023 388.229 -1.63921 387.553 16.7077 343.271 15.0767
4 0.604492 154.14 631.398 176.296 631.228 176.36 639.602 154.204 639.772
4 0.569824 342.554 -2.61567 384.763 -1.70906 384.446 13.0063 342.237 12.0997
