4 0.948242 271.322 156.021 314.455 166.966 308.678 189.729 265.545 178.784
4 0.947266 168.116 472.966 209.752 484.557 203.634 506.534 161.998 494.943
4 0.943359 278.177 129.936 321.413 139.645 316.323 162.314 273.087 152.605
4 0.943359 253.364 210.127 296.859 220.105 291.636 242.873 248.141 232.895
4 0.942383 262.355 183.484 305.251 194.089 299.645 216.766 256.749 206.161
2 0.935547 185.564 364.395 247.26 381.876 239.686 408.605 177.99 391.124
4 0.93457 296.373 78.8584 337.901 90.4879 331.627 112.892 290.099 101.262
4 0.933594 176.126 445.484 218.689 456.006 213.124 478.516 170.561 467.994
2 0.929688 294.168 17.2247 355.536 36.2524 347.332 62.7128 285.964 43.6851
4 0.928711 301.223 52.2928 347.096 63.4848 341.277 87.3322 295.404 76.1402
2 0.928711 358.957 383.497 437.479 413.509 427.543 439.503 349.021 409.491
4 0.925781 137.98 566.754 181.503 577.94 175.77 600.246 132.247 589.06
4 0.921875 145.262 534.722 191.222 546.085 185.488 569.278 139.528 557.915
3 0.916992 433.6 132.219 490.511 146.289 483.9 173.031 426.989 158.961
3 0.916016 445.734 98.6846 502.599 114.986 495.266 140.565 438.401 124.264
3 0.914062 460.822 66.5954 531.766 87.6415 523.678 114.905 452.734 93.8585
2 0.914062 554.788 507.551 643.061 531.397 635.212 560.449 546.939 536.603
3 0.907227 404.866 236.032 482.177 266.401 472.134 291.968 394.823 261.599
2 0.904297 177.745 408.993 232.635 422.385 226.505 447.507 171.615 434.115
3 0.902344 470.202 37.9282 549.242 60.4556 541.798 86.5718 462.758 64.0444
4 0.892578 180.269 189.839 212.623 198.155 207.481 218.161 175.127 209.845
2 0.892578 394.37 271.665 531.282 312.51 523.13 339.835 386.218 298.99
3 0.892578 477.518 6.76687 558.087 27.4745 551.482 53.1706 470.913 32.463
2 0.888672 363.783 346.633 548.453 401.417 539.717 430.867 355.047 376.083
2 0.87207 303.948 541.059 382.989 562.412 375.552 589.941 296.511 568.588
2 0.864746 328.413 479.416 421.921 507.468 414.087 533.584 320.579 505.532
2 0.864258 374.482 306.037 560.779 361.926 552.518 389.463 366.221 333.574
3 0.808594 615.624 350.072 638.072 333.128 650.376 349.428 627.928 366.372
2 0.79248 611.032 464.62 644.314 466.05 642.968 497.38 609.686 495.95
2 0.77832 328.344 -2.61339 370.921 -0.587187 370.156 15.4728 327.579 13.4466
2 0.759277 392.892 271.396 470.487 294.415 463.608 317.604 386.013 294.585
3 0.755859 482.936 -11.8842 568.339 -7.81988 567.064 18.9779 481.661 14.9136
4 0.460938 327.901 -0.627682 367.242 -0.144874 367.099 11.5652 327.758 11.0824
0 0.432861 177.44 408.719 232.556 421.007 226.81 446.781 171.694 434.493
2 0.301758 574.239 0.510469 597.707 0.294469 597.761 6.20047 574.293 6.41647
