4 0.953125 311.439 149.249 352.225 168.847 342.061 190.001 301.275 170.403
4 0.953125 296.027 173.688 336.821 192.906 326.973 213.812 286.179 194.594
4 0.951172 324.464 124.928 365.468 144.864 355.036 166.322 314.032 146.386
4 0.951172 281.481 197.74 321.507 216.972 311.519 237.76 271.493 218.528
4 0.949219 134.231 431.885 173.954 451.804 163.519 472.615 123.796 452.696
4 0.947266 148.983 406.4 189.679 426.185 179.267 447.6 138.571 427.815
2 0.943359 177.815 330.242 233.853 362.557 220.185 386.258 164.147 353.943
4 0.939453 82.6495 516.082 123.132 535.153 113.35 555.918 72.8676 536.847
4 0.938477 353.714 80.3264 393.649 99.8174 383.286 121.049 343.351 101.558
3 0.935547 493.293 135.206 546.956 162.115 534.707 186.544 481.044 159.635
3 0.93457 474.631 166.239 527.37 191.481 515.869 215.511 463.13 190.269
4 0.93457 97.653 487.031 140.067 506.695 129.972 528.469 87.5584 508.805
2 0.933594 342.845 391.435 411.062 439.479 395.155 462.065 326.938 414.021
2 0.932617 367.147 18.7976 424.732 51.3022 410.853 75.8899 353.268 43.3853
3 0.926758 514.508 107.665 580.926 144.089 567.492 168.585 501.074 132.161
4 0.925781 366.936 55.2296 409.359 76.6653 398.064 99.0204 355.641 77.5847
2 0.919922 160.72 371.471 211.376 397.262 199.53 420.529 148.874 394.738
3 0.915039 422.763 260.913 491.1 306.121 476.237 328.587 407.9 283.379
2 0.912109 405.465 291.126 523.942 361.154 509.035 386.374 390.558 316.346
3 0.90625 534.454 84.4371 598.679 119.402 586.546 141.688 522.321 106.723
3 0.901367 551.796 56.7354 622.556 95.1177 610.204 117.89 539.444 79.5073
2 0.899414 289.237 477.843 357.772 519.351 344.263 541.657 275.728 500.149
2 0.899414 365.797 358.583 516.479 454.975 500.203 480.417 349.521 384.025
2 0.893555 377.281 319.543 543.985 421.91 529.219 445.957 362.515 343.59
2 0.890625 250.409 531.335 321.506 572.19 308.591 594.665 237.494 553.81
2 0.870605 496.434 565.435 618.917 612.251 606.566 644.565 484.083 597.749
4 0.861328 217.258 159.748 245.59 174.891 235.242 194.252 206.91 179.109
4 0.823242 160.531 370.62 213.204 396.429 201.469 420.38 148.796 394.571
3 0.79248 605.813 411.816 636.681 415 634.187 439.184 603.319 436
3 0.78418 563.458 32.9204 633.633 68.3788 622.542 90.3296 552.367 54.8712
0 0.659668 160.796 372.271 212.314 397.808 200.704 421.229 149.186 395.692
2 0.652832 367.245 55.4064 408.903 77.1013 397.255 99.4686 355.597 77.7737
2 0.642578 562.899 31.7655 640.573 71.9147 629.101 94.1095 551.427 53.9602
3 0.53418 400.713 290.753 481.018 332.888 469.287 355.247 388.982 313.112
3 0.481445 407.593 295.569 528.871 365.259 514.407 390.431 393.129 320.741
