4 0.951172 381.368 180.916 401.216 223.554 379.132 233.834 359.284 191.196
4 0.951172 430.095 155.605 450.381 197.169 428.405 207.895 408.119 166.331
4 0.949219 355.184 194.628 375.029 235.607 353.316 246.122 333.471 205.143
4 0.947266 407.139 169.45 426.141 211.445 404.361 221.3 385.359 179.305
4 0.942383 106.316 315.031 125.438 356.111 103.184 366.469 84.062 325.389
2 0.938477 196.65 252.425 223.147 311.71 196.6 323.575 170.103 264.29
4 0.9375 503.86 119.369 523.549 163.419 500.14 173.881 480.451 129.831
3 0.935547 536.47 273.432 561.438 323.034 537.53 335.068 512.562 285.466
4 0.932617 131.737 301.61 152.982 341.951 131.263 353.39 110.018 313.049
2 0.931641 302.162 391.782 333.539 470.24 307.338 480.718 275.961 402.26
3 0.929688 570.265 257.943 592.738 309.065 567.735 320.057 545.262 268.935
4 0.929688 479.377 134.201 496.955 175.557 474.623 185.049 457.045 143.693
2 0.918945 523.517 89.6583 549.16 147.99 522.483 159.717 496.84 101.385
3 0.917969 440.74 327.004 470.782 400.811 445.76 410.996 415.718 337.189
4 0.916992 19.7627 359.88 37.4211 400.385 16.2373 409.62 -1.42114 369.115
2 0.916016 149.396 460.686 185.729 534.267 163.354 545.315 127.021 471.733
2 0.914062 407.99 336.899 473.709 461.223 446.51 475.601 380.791 351.277
3 0.912109 601.348 242.32 630.425 311.318 604.652 322.18 575.575 253.182
0 0.912109 160.534 277.972 187.64 329.249 163.466 342.028 136.36 290.751
4 0.90918 46.636 344.012 66.3807 385.593 44.489 395.988 24.7443 354.407
2 0.90625 339.631 372.847 415.772 535.122 385.869 549.153 309.728 386.878
2 0.899414 211.466 435.959 245.358 510.558 222.284 521.041 188.392 446.442
2 0.892578 371.307 348.677 413.184 440.105 388.693 451.323 346.816 359.895
4 0.889648 319.818 129.19 332.043 160.312 311.682 168.31 299.457 137.188
2 0.861328 370.781 340.647 454.495 520.493 424.719 534.353 341.005 354.507
2 0.861328 211.636 433.905 264.966 538.255 238.864 551.595 185.534 447.245
3 0.821289 639.633 232.319 650.5 298.558 625.367 302.681 614.5 236.442
4 0.795898 12.6614 378.327 13.7599 414.123 -4.16916 414.673 -5.26771 378.877
2 0.696777 327.156 622.838 359.812 622.787 359.844 643.162 327.188 643.213
4 0.679688 160.731 279.175 186.454 329.128 162.769 341.325 137.046 291.372
2 0.663574 161.987 278.361 186.741 329.878 162.263 341.639 137.509 290.122
