4 0.93457 239.85 142.428 284.681 144.423 283.65 167.572 238.819 165.577
4 0.933594 235.063 198.008 279.659 200.336 278.437 223.742 233.841 221.414
4 0.931641 238.285 169.535 282.939 171.935 281.715 194.715 237.061 192.315
4 0.931641 202.631 501.976 246.681 504.547 245.369 527.024 201.319 524.453
4 0.928711 232.483 226.334 276.845 228.923 275.517 251.666 231.155 249.077
2 0.924805 229.481 27.0484 296.694 34.5022 293.519 63.1391 226.306 55.6853
4 0.923828 205.195 471.672 249.153 474.711 247.555 497.828 203.597 494.789
4 0.923828 194.185 566.315 241.39 569.943 239.565 593.685 192.36 590.057
4 0.923828 193.008 599.367 238.001 601.855 236.742 624.633 191.749 622.145
4 0.918945 246.389 88.4849 289.943 91.8993 288.111 115.265 244.557 111.851
2 0.916992 196.523 390.778 261.904 397.117 259.227 424.722 193.846 418.383
2 0.904297 372.428 373.802 455.79 388.003 451.072 415.698 367.71 401.497
3 0.902344 396.758 76.4527 456.255 81.9443 453.742 109.172 394.245 103.681
4 0.898438 246.219 61.0261 294.011 64.3305 292.281 89.3489 244.489 86.0445
3 0.893555 401.482 42.081 478.66 50.4003 475.518 79.544 398.34 71.2247
3 0.886719 386.676 221.941 465.536 234.63 461.324 260.809 382.464 248.12
4 0.882812 157.229 220.319 191.525 224.069 189.271 244.681 154.975 240.931
3 0.876953 394.088 112.534 450.796 115.407 449.412 142.716 392.704 139.843
3 0.876953 406.461 10.1482 487.129 17.4691 484.539 46.0081 403.871 38.6872
2 0.874023 589.56 454.884 640.437 456.602 639.44 486.116 588.563 484.398
2 0.862305 388.533 256.566 524.188 270.558 521.467 296.934 385.812 282.942
2 0.862305 352.301 539.628 430.179 546.576 427.699 574.372 349.821 567.424
2 0.861328 202.332 435.293 256.984 438.566 255.418 464.707 200.766 461.434
2 0.860352 373.183 335.15 561.405 354.855 558.317 384.35 370.095 364.645
2 0.857422 379.342 293.986 570.963 317.024 567.658 344.514 376.037 321.476
2 0.854492 363.177 474.088 446.237 482.655 443.323 510.912 360.263 502.345
0 0.825684 201.134 436.179 256.603 438.819 255.366 464.821 199.897 462.181
4 0.812012 200.068 435.549 256.776 438.422 255.432 464.951 198.724 462.078
3 0.80957 615.455 278.802 641.04 272.726 645.545 291.698 619.96 297.774
3 0.6875 407.454 -0.649391 489.578 -0.397435 489.546 9.93064 407.422 9.67869
3 0.442383 484.655 -0.142536 505.42 0.0804379 505.345 7.04879 484.58 6.82581
