4 0.955078 319.816 148.706 360.758 169.949 349.684 191.294 308.742 170.051
4 0.951172 128.876 421.968 167.356 443.689 155.874 464.032 117.394 442.311
4 0.951172 303.097 172.164 344.025 193.639 332.903 214.836 291.975 193.361
2 0.949219 177.487 322.896 231.338 358.283 216.013 381.604 162.162 346.217
4 0.949219 334.302 125.37 374.842 146.641 363.698 167.88 323.158 146.609
4 0.948242 287.092 195.285 327.638 216.878 316.408 237.965 275.862 216.372
4 0.945312 144.76 397.132 184.871 418.809 173.49 439.868 133.379 418.191
3 0.942383 504.105 145.874 554.081 175.001 540.895 197.626 490.919 168.499
4 0.941406 72.5172 503.199 112.838 523.806 102.108 544.801 61.7872 524.194
3 0.935547 482.705 174.814 533.22 203.124 520.295 226.186 469.78 197.876
2 0.93457 338.665 392.552 404.93 445.587 387.835 466.948 321.57 413.913
4 0.932617 89.9617 475.805 129.792 497.41 118.788 517.695 78.9581 496.09
2 0.932617 382.339 22.3055 437.565 55.8689 423.161 79.5695 367.935 46.0061
3 0.931641 524.843 117.881 589.707 159.375 575.157 182.119 510.293 140.625
4 0.929688 366.414 81.9194 405.058 104.047 393.086 124.956 354.442 102.828
0 0.927734 158.571 363.362 208.092 391.015 195.179 414.138 145.658 386.485
3 0.926758 427.319 267.398 489.698 315.465 474.181 335.602 411.802 287.535
4 0.916992 379.526 57.3426 422.428 81.9079 409.974 103.657 367.072 79.0921
2 0.910156 361.79 359.005 511.471 465.803 494.21 489.995 344.529 383.197
2 0.90918 239.727 527.446 306.62 571.552 292.773 592.554 225.88 548.448
2 0.907227 575.629 45.3336 643.133 84.5375 631.371 104.791 563.867 65.5875
2 0.904297 403.987 297.867 524.39 373.853 510.013 396.633 389.61 320.647
3 0.900391 546.796 93.5215 611.426 135.146 597.204 157.229 532.574 115.604
2 0.886719 483.773 575.523 589.688 617.69 578.227 646.477 472.312 604.31
2 0.876953 374.516 323.351 534.59 433.174 518.484 456.649 358.41 346.826
2 0.874023 282.307 474.76 358.557 530.052 343.193 551.24 266.943 495.948
3 0.865723 562.369 68.8205 633.433 110.972 620.631 132.554 549.567 90.4033
2 0.819824 374.544 318.795 466.662 382.83 451.456 404.705 359.338 340.67
3 0.797852 598.889 427 631.987 430.773 629.111 456 596.013 452.227
2 0.793945 438.626 616.74 496.993 618.89 495.874 649.26 437.507 647.11
2 0.79248 402.315 294.357 479.568 342.45 466.685 363.143 389.432 315.05
2 0.732422 561.157 69.3686 629.862 111.558 617.843 131.131 549.138 88.9417
4 0.679688 -7.02464 508.498 14.9817 506.534 16.2278 520.502 -5.7786 522.466
4 0.47168 159.205 362.287 208.14 391.211 194.545 414.213 145.61 385.289
2 0.456055 -6.34099 507.177 15.5484 506.941 15.7082 521.823 -6.18118 522.059
