4 0.931641 456.385 212.421 459.769 258.297 435.615 260.078 432.231 214.203
4 0.928711 399.805 215.748 402.92 261.831 378.195 263.502 375.08 217.42
4 0.926758 483.162 208.215 487.997 254.401 462.838 257.035 458.003 210.849
2 0.921875 228.931 211.239 233.649 275.19 205.569 277.261 200.851 213.31
4 0.920898 428.192 214.025 431.885 260.221 406.808 262.225 403.115 216.029
4 0.914062 152.054 232.392 156.336 277.282 131.946 279.608 127.664 234.718
4 0.914062 536.576 206.691 539.827 250.759 515.424 252.559 512.173 208.491
4 0.912109 122.744 235.404 126.24 279.139 101.756 281.096 98.2598 237.361
3 0.90918 573.245 356.79 578.385 410.67 551.755 413.21 546.615 359.33
3 0.902344 607.932 357.725 611.775 427.244 584.068 428.775 580.225 359.256
2 0.901367 593.404 183.006 597.988 245.15 569.596 247.244 565.012 185.1
2 0.898438 109.495 387.762 115.325 466.797 89.0054 468.738 83.1754 389.703
4 0.897461 57.8466 240.017 61.4024 284.5 36.5909 286.483 33.0351 242
2 0.897461 175.087 386.881 179.916 469.616 154.163 471.119 149.334 388.384
2 0.896484 275.244 378.622 276.036 464.618 247.756 464.878 246.964 378.882
4 0.896484 25.4347 243.21 28.2094 288.375 5.17472 289.79 2.39996 244.625
4 0.895508 564.051 202.55 568.477 250.502 541.949 252.95 537.523 204.998
4 0.892578 389.172 141.845 392.335 175.007 369.828 177.155 366.665 143.993
3 0.873047 537.637 356.21 544.182 413.619 516.363 416.79 509.818 359.381
2 0.862305 357.927 366.715 362.383 457.418 334.573 458.785 330.117 368.082
2 0.861328 315.325 375.844 327.6 557.43 294.675 559.656 282.4 378.07
3 0.859863 427.672 370.45 430.807 449.013 404.828 450.05 401.693 371.487
2 0.849609 397.428 365.419 407.92 507.658 375.072 510.081 364.58 367.842
2 0.84375 207.176 612.452 238.614 612.501 238.574 638.548 207.136 638.499
4 0.842285 400.438 139.23 425.626 155.179 413.062 175.02 387.874 159.071
0 0.823242 186.606 221.623 192.936 278.711 166.644 281.627 160.314 224.539
2 0.823242 334.869 362.685 350.646 560.056 316.131 562.815 300.354 365.444
3 0.803711 454.3 366.177 459.078 425.955 435.7 427.823 430.922 368.045
4 0.791016 186.514 222.257 193.339 277.588 165.736 280.993 158.911 225.662
3 0.772461 394.667 611.07 425.698 612.069 424.833 638.93 393.802 637.931
4 0.755371 119.154 157.25 121.902 197.907 98.3464 199.5 95.598 158.843
2 0.745605 186.786 222.319 192.63 278.139 165.964 280.931 160.12 225.111
3 0.72998 637.665 355.946 640.179 424.212 617.335 425.054 614.821 356.788
2 0.679199 638.234 355.682 641.463 430.8 617.766 431.818 614.537 356.7
4 0.63916 207.573 612.622 238.049 613.323 237.427 640.378 206.951 639.677
