4 0.955078 378.225 156.766 406.36 193.277 387.275 207.984 359.14 171.473
4 0.955078 399.176 139.614 427.238 176.496 408.324 190.886 380.262 154.004
4 0.952148 354.519 173.383 383.085 209.756 364.481 224.367 335.915 187.994
4 0.949219 331.554 190.628 360.498 225.897 341.946 241.122 313.002 205.853
4 0.945312 464.193 92.0182 492.652 128.95 473.307 143.857 444.848 106.925
2 0.942383 185.4 275.581 223.453 328.74 200.85 344.919 162.797 291.76
4 0.942383 107.72 352.268 135.273 388.712 115.405 403.732 87.8524 367.288
2 0.94043 314.572 393.579 359.364 466.773 335.428 481.421 290.636 408.227
2 0.9375 479.53 58.494 515.224 110.52 492.47 126.131 456.776 74.1046
4 0.935547 443.771 109.002 470.37 145.802 450.729 159.998 424.13 123.198
3 0.93457 582.314 194.639 625.324 256.918 603.686 271.861 560.676 209.582
4 0.932617 130.562 335.002 160.03 370.242 141.188 385.998 111.72 350.758
4 0.928711 29.1144 410.58 57.8596 447.884 37.6981 463.42 8.95285 426.116
3 0.927734 555.323 216.39 585.845 261.919 564.677 276.109 534.155 230.581
4 0.926758 55.5445 390.799 82.4635 429.021 62.3305 443.201 35.4115 404.979
3 0.916992 440.931 305.257 481.793 373.67 459.069 387.243 418.207 318.83
3 0.914062 523.361 237.013 558.026 280.875 537.639 296.987 502.974 253.125
3 0.907227 613.902 177.142 648.521 241.199 625.098 253.858 590.479 189.801
2 0.907227 348.472 367.629 452.354 517.07 426.028 535.371 322.146 385.93
2 0.89502 376.503 339.005 429.508 418.069 406.497 433.495 353.492 354.431
2 0.893555 408.458 322.373 497.081 433.803 474.042 452.127 385.419 340.697
2 0.892578 175.713 488.871 226.298 554.517 206.037 570.129 155.452 504.483
4 0.888672 286.662 132.812 304.335 160.533 286.838 171.688 269.165 143.967
2 0.866211 233.212 451.88 293.44 535.205 270.038 552.12 209.81 468.795
2 0.862305 379.393 345.503 491.859 499.107 468.107 516.497 355.641 362.893
0 0.859863 154.31 306.798 191.778 351.886 170.94 369.202 133.472 324.114
4 0.851562 155.516 306.87 190.757 352.028 169.484 368.63 134.243 323.472
2 0.850586 179.604 488.401 244.07 576.448 220.646 593.599 156.18 505.552
2 0.826172 385.099 618.015 420.54 619.429 419.401 647.985 383.96 646.571
2 0.825684 408.021 322.31 460.316 389.319 439.979 405.19 387.684 338.181
4 0.813477 18.1282 491.81 37.1283 522.019 17.7781 534.19 -1.22207 503.981
3 0.79541 544.473 515.087 577.011 519.557 573.527 544.913 540.989 540.443
2 0.788086 457.063 614.138 493.624 613.801 493.937 647.862 457.376 648.199
3 0.776367 646.597 162.719 648.012 201.162 624.403 202.031 622.988 163.588
2 0.677734 155.38 307.208 190.544 352.267 169.37 368.792 134.206 323.733
3 0.50293 413.582 332.593 500.339 435.699 476.918 455.407 390.161 352.301
4 0.451172 384.523 617.802 419.022 617.855 418.977 647.198 384.478 647.145
