4 0.957031 291.335 173.718 332.807 193.255 322.665 214.782 281.193 195.245
4 0.955078 305.303 149.35 346.699 167.623 337.197 189.15 295.801 170.877
4 0.951172 277.65 198.902 318.051 217.332 308.35 238.598 267.949 220.168
4 0.949219 138.178 437.747 178.463 456.725 168.322 478.253 128.037 459.275
4 0.946289 317.255 125.014 359.863 142.434 350.745 164.736 308.137 147.316
2 0.942383 178.486 336.119 235.064 366.697 222.264 390.381 165.686 359.803
2 0.935547 345.841 389.868 415.106 437.389 399.159 460.632 329.894 413.111
4 0.935547 88.9735 523.484 131.281 541.543 121.901 563.516 79.5945 545.457
4 0.933594 151.91 411.646 194.278 430.038 184.59 452.354 142.222 433.962
4 0.931641 103.688 494.637 147.028 512.901 137.562 535.363 94.2221 517.099
4 0.931641 345.356 79.0795 385.356 97.0311 375.644 118.671 335.644 100.719
3 0.928711 468.381 160.896 522.465 184.474 511.619 209.354 457.535 185.776
2 0.926758 357.134 17.6324 414.951 47.7425 401.866 72.8676 344.049 42.7575
3 0.925781 506.879 100.611 573.951 135.41 561.121 160.139 494.049 125.34
3 0.925781 487.259 129.051 541.046 154.49 529.241 179.449 475.454 154.01
2 0.918945 162.567 377.22 214.979 399.782 204.433 424.28 152.021 401.718
2 0.916016 404.562 289.132 527.631 356.133 514.438 380.368 391.369 313.367
3 0.914062 524.577 76.5931 595.197 112.141 583.423 135.532 512.803 99.9845
4 0.912109 356.588 54.1199 400.706 73.0315 390.912 95.8801 346.794 76.9685
2 0.912109 365.683 356.801 521.553 447.324 506.817 472.699 350.947 382.176
3 0.911133 418.323 256.761 491.922 299.656 478.177 323.239 404.578 280.344
3 0.904297 540.597 47.3512 615.403 85.149 603.403 108.899 528.597 71.101
4 0.892578 211.705 163.126 240.695 178.564 230.545 197.624 201.555 182.186
2 0.889648 356.407 52.5354 401.671 74.2848 390.593 97.3396 345.329 75.5902
2 0.889648 506.861 553.098 628.258 609.832 615.139 637.902 493.742 581.168
2 0.886719 382.594 322.648 547.272 412.301 533.906 436.852 369.228 347.199
2 0.87793 258.19 533.751 335.226 572.676 322.81 597.249 245.774 558.324
2 0.876953 294.695 479.1 361.001 515.728 349.305 536.9 282.999 500.272
2 0.856445 295.277 477.546 387.641 529.683 374.223 553.454 281.859 501.317
3 0.838867 552.253 21.2293 632.123 60.2113 620.747 83.5207 540.877 44.5387
3 0.79248 607.698 403.524 637.338 403.57 637.302 426.976 607.662 426.93
3 0.732422 625.414 65.7734 625.414 36.5391 639.586 36.5391 639.586 65.7734
3 0.615234 401.744 288.058 475.158 324.449 464.256 346.442 390.842 310.051
0 0.589355 162.722 376.184 214.661 400.264 203.278 424.816 151.339 400.736
