4 0.942383 218.341 152.401 264.21 150.571 265.159 174.349 219.29 176.179
4 0.931641 219.967 179.709 265.32 178.317 266.033 201.541 220.68 202.933
4 0.931641 221.206 208.004 266.079 207.591 266.294 230.996 221.421 231.409
4 0.928711 220.903 237.137 266.595 235.594 267.347 257.863 221.655 259.406
2 0.926758 196.678 41.256 259.645 40.8696 259.822 69.744 196.855 70.1304
4 0.923828 228.763 611.548 272.818 610.737 273.237 633.452 229.182 634.263
4 0.921875 226.573 579.222 272.072 579.013 272.177 601.778 226.678 601.987
4 0.920898 218.952 98.972 262.665 98.2343 263.048 120.903 219.335 121.641
4 0.920898 226.333 513.543 270.142 513.005 270.417 535.457 226.608 535.995
4 0.912109 215.618 71.2078 263.333 70.6222 263.632 95.0422 215.917 95.6278
4 0.907227 224.152 484.118 269.178 482.322 270.098 505.382 225.072 507.178
2 0.901367 207.177 404.788 272.489 404.587 272.573 432.212 207.261 432.413
3 0.896484 367.131 105.131 426.003 101.243 427.869 129.494 368.997 133.382
3 0.885742 367.364 68.2876 426.797 67.5582 427.136 95.2124 367.703 95.9418
2 0.882812 214.254 447.852 271.867 444.933 273.246 472.148 215.633 475.067
3 0.875 366.803 34.4949 444.741 34.6145 444.697 63.1301 366.759 63.0105
3 0.867188 374.319 211.291 458.02 216.691 456.181 245.209 372.48 239.809
4 0.864746 146.182 240.025 180.988 240.666 180.568 263.475 145.762 262.834
2 0.864258 377.851 326.223 559.802 330.41 559.149 358.777 377.198 354.59
2 0.858398 378.944 366.433 462.305 370.016 461.056 399.067 377.695 395.484
3 0.856445 371.05 4.46654 440.409 2.97678 440.95 28.1897 371.591 29.6795
0 0.848633 216.362 448.025 271.586 446.331 272.388 472.475 217.164 474.169
2 0.845703 379.17 282.287 566.917 289.202 565.83 318.713 378.083 311.798
2 0.845215 377.105 247.516 514.727 246.672 514.895 273.984 377.273 274.828
2 0.845215 380.446 467.496 462.057 465.993 462.554 493.004 380.943 494.507
2 0.830078 377.634 532.736 459.805 531.097 460.366 559.264 378.195 560.903
4 0.810059 604.621 421.448 639.928 420.852 640.379 447.552 605.072 448.148
3 0.806641 615.604 235.344 641.323 235.265 641.396 258.906 615.677 258.985
2 0.791992 369.537 267.282 545.616 271.335 544.963 299.718 368.884 295.665
2 0.753906 603.964 420.677 638.937 419.282 640.036 446.823 605.063 448.218
4 0.578125 216.087 448.023 271.466 445.473 272.663 471.477 217.284 474.027
