4 0.951172 299.837 149.769 341.864 166.876 332.663 189.481 290.636 172.374
4 0.949219 272.79 200.538 314.733 217.013 306.21 238.712 264.267 222.237
4 0.949219 285.506 175.741 328.007 191.986 319.494 214.259 276.993 198.014
4 0.946289 310.43 124.984 353.653 141.353 345.07 164.016 301.847 147.647
4 0.946289 142.641 444.563 183.494 461.485 174.609 482.937 133.756 466.015
4 0.943359 155.345 417.615 197.411 435.039 188.155 457.385 146.089 439.961
2 0.94043 178.675 340.551 237.219 368.792 225.325 393.449 166.781 365.208
4 0.938477 336.87 78.3046 378.177 95.192 369.13 117.32 327.823 100.433
4 0.93457 109.166 501.615 153.693 518.947 144.959 541.385 100.432 524.053
4 0.93457 96.3048 531.908 138.651 548.467 130.195 570.092 87.8489 553.533
3 0.929688 481.709 124.079 534.79 147.609 523.791 172.421 470.71 148.891
2 0.924805 347.197 388.816 419.313 431.89 404.803 456.184 332.687 413.11
3 0.921875 417.78 254.7 489.051 292.795 476.22 316.8 404.949 278.705
3 0.921875 463.504 156.713 517.926 177.037 508.496 202.287 454.074 181.963
2 0.920898 346.616 16.0934 404.652 45.6417 391.884 70.7191 333.848 41.1708
3 0.920898 497.798 93.899 568.222 126.549 556.202 152.476 485.778 119.826
4 0.912109 346.874 53.0153 392.669 70.3583 383.626 94.2347 337.831 76.8917
2 0.910156 367.829 356.226 524.053 441.276 510.171 466.774 353.947 381.724
2 0.90918 164.733 382.677 218.193 404.438 208.267 428.823 154.807 407.062
3 0.904297 518.45 68.4094 590.148 102.32 578.55 126.841 506.852 92.9301
3 0.901367 529.911 40.8231 609.273 75.8561 599.089 98.9269 519.727 63.8939
2 0.901367 402.465 287.19 528.556 349.452 516.035 374.81 389.944 312.548
2 0.895508 265.016 535.635 337.561 569.946 326.484 593.365 253.939 559.054
2 0.892578 519.741 545.3 634.603 601.361 621.259 628.7 506.397 572.639
3 0.888672 541.512 14.1625 624.923 47.9652 614.488 73.7125 531.077 39.9098
2 0.883789 374.302 315.9 550.627 404.316 537.698 430.1 361.373 341.684
4 0.876953 163.847 382.766 218.054 403.485 208.403 428.734 154.196 408.015
2 0.853027 295.47 477.21 407.775 529.485 395.53 555.79 283.225 503.515
2 0.847168 379.469 315.517 515.456 383.705 503.031 408.483 367.044 340.295
3 0.783203 400.784 287.03 474.094 317.133 464.716 339.97 391.406 309.867
0 0.762695 164.4 383.042 217.905 404.439 208.1 428.958 154.595 407.561
3 0.757324 619.082 29.2814 646.153 30.7362 644.918 53.7186 617.847 52.2638
3 0.710938 609.712 392.078 642.118 390.635 643.288 416.922 610.882 418.365
