4 0.949219 387.453 159.886 412.461 198.717 392.047 211.864 367.039 173.033
4 0.949219 362.287 175.359 388.306 213.786 368.213 227.391 342.194 188.964
3 0.947266 560.857 227.215 589.504 276.891 567.143 289.785 538.496 240.11
4 0.946289 408.642 143.679 435.031 181.89 414.858 195.821 388.469 157.61
4 0.945312 339.157 190.984 364.717 229.493 344.343 243.016 318.783 204.507
3 0.943359 588.522 208.451 627.43 273.59 604.478 287.299 565.57 222.16
4 0.942383 106.888 341.54 131.046 379.432 110.612 392.46 86.4538 354.568
2 0.941406 188.512 267.58 223.06 324.035 198.738 338.92 164.19 282.465
4 0.94043 130.436 324.448 156.772 362.087 136.814 376.052 110.478 338.413
2 0.9375 494.742 67.9513 526.28 121.874 502.258 135.924 470.72 82.0007
3 0.935547 529.305 247.176 559.85 293.813 537.695 308.324 507.15 261.687
4 0.931641 454.271 115.468 479.623 153.664 458.729 167.532 433.377 129.336
2 0.931641 312.298 393.014 351.012 468.195 325.202 481.486 286.488 406.305
4 0.927734 25.1326 395.999 50.3647 433.637 30.4299 447.001 5.19783 409.363
4 0.926758 51.9306 377.623 76.8292 416.413 56.6319 429.377 31.7333 390.587
4 0.923828 477.541 98.5984 503.166 138.927 481.959 152.402 456.334 112.073
2 0.917969 348.27 371.551 441.404 524.267 413.23 541.449 320.096 388.733
0 0.912109 155.122 298.526 190.029 344.846 168.628 360.974 133.721 314.654
3 0.912109 441.247 310.943 478.634 381.669 454.253 394.557 416.866 323.831
2 0.908203 167.726 481.159 213.924 547.617 192.024 562.841 145.826 496.383
2 0.908203 225.559 447.556 269.152 517.819 247.191 531.444 203.598 461.181
2 0.896484 377.516 342.073 424.66 422.962 398.984 437.927 351.84 357.038
4 0.888672 296.198 131.03 312.792 159.807 294.302 170.47 277.708 141.693
2 0.882812 375.985 337.122 482.196 514.942 455.515 530.878 349.304 353.058
4 0.850586 156.803 298.175 189.66 344.828 166.947 360.825 134.09 314.172
3 0.845215 626.151 193.623 647.084 259.699 622.849 267.377 601.916 201.301
2 0.825684 368.184 620.418 399.573 620.13 399.816 646.582 368.427 646.87
3 0.784668 633.749 176.83 654.033 199.628 638.251 213.67 617.967 190.872
4 0.77832 15.2421 477.709 20.7656 506.878 0.101616 510.791 -5.4219 481.622
2 0.712402 406.772 325.647 459.067 401.87 437.228 416.853 384.933 340.63
3 0.679688 405.808 326.296 461.467 403.052 439.192 419.204 383.533 342.448
2 0.568359 478.18 99.7084 502.497 138.903 481.32 152.042 457.003 112.847
2 0.55957 626.629 193.371 645.952 260.001 621.371 267.129 602.048 200.499
4 0.299072 366.671 620.68 399.67 620.477 399.829 646.32 366.83 646.523
