4 0.935547 232.914 172.595 277.65 173.693 277.086 196.655 232.35 195.557
4 0.932617 231.214 200.427 275.902 202.073 275.036 225.573 230.348 223.927
4 0.929688 233.154 144.87 278.642 145.917 278.096 169.63 232.608 168.583
4 0.928711 229.048 228.901 273.71 230.409 272.952 252.849 228.29 251.341
4 0.923828 238.194 90.9023 282.599 93.2887 281.306 117.348 236.901 114.961
4 0.923828 209.307 504.729 253.479 506.763 252.443 529.271 208.271 527.237
2 0.920898 198.267 394.531 265.444 399.694 263.233 428.469 196.056 423.306
2 0.914062 220.496 30.3999 286.241 36.8752 283.504 64.6626 217.759 58.1873
4 0.912109 203.896 570.474 249.66 572.582 248.604 595.526 202.84 593.418
4 0.908203 210.989 475.57 255.008 477.53 254.011 499.93 209.992 497.97
4 0.904297 204.005 602.79 247.714 604.668 246.745 627.21 203.036 625.332
3 0.901367 388.737 74.2008 447.683 77.3686 446.263 103.799 387.317 100.631
4 0.899414 154.081 226.747 187.229 229.345 185.669 249.253 152.521 246.655
2 0.898438 373.505 371.96 456.669 381.312 453.495 409.54 370.331 400.188
4 0.896484 237.194 63.4463 284.626 65.9954 283.306 90.5537 235.874 88.0046
3 0.883789 386.37 110.666 444.141 111.729 443.63 139.459 385.859 138.396
0 0.882812 204.631 439.599 259.939 440.278 259.619 466.401 204.311 465.722
3 0.875977 393.608 41.0692 468.141 45.8778 466.392 72.9933 391.859 68.1847
2 0.869141 368.472 472.679 447.009 478.472 445.028 505.321 366.491 499.528
2 0.867188 376.532 333.589 554.962 346.2 552.968 374.411 374.538 361.8
3 0.866211 383.554 217.752 464.594 228.505 460.946 255.998 379.906 245.245
3 0.863281 397.363 9.81798 471.224 14.3557 469.637 40.182 395.776 35.6443
2 0.860352 593.726 444.817 639.32 444.887 639.274 475.183 593.68 475.113
2 0.859863 377.887 292.02 569.9 307.368 567.613 335.98 375.6 320.632
2 0.858398 384.182 252.884 522.322 262.86 520.318 290.616 382.178 280.64
2 0.854492 358.168 537.997 439.863 541.006 438.832 569.003 357.137 565.994
2 0.854492 205.411 438.548 260.356 440.15 259.589 466.452 204.644 464.85
3 0.804688 617.803 263.205 642.573 262.445 643.197 282.795 618.427 283.555
3 0.653809 407.593 -1.06306 470.874 -1.2572 470.907 9.50056 407.626 9.6947
2 0.406738 236.456 62.9825 285.114 65.9719 283.544 91.5175 234.886 88.5281
