4 0.952148 276.433 177.266 319.4 191.753 311.567 214.984 268.6 200.497
4 0.951172 152.104 455.966 193.47 471.414 185.396 493.034 144.03 477.586
4 0.951172 287.5 151.704 330.406 165.878 323 188.296 280.094 174.122
4 0.946289 297.388 126.278 340.346 139.887 333.112 162.722 290.154 149.113
4 0.942383 265.422 204.203 307.155 218.632 299.578 240.547 257.845 226.118
4 0.939453 112.193 546.584 154.901 560.258 147.807 582.416 105.099 568.742
2 0.938477 180.873 349.913 241.039 374.511 230.377 400.587 170.211 375.989
4 0.938477 163.421 429.203 205.647 444.02 197.829 466.297 155.603 451.48
4 0.9375 320.36 77.9142 361.944 92.5778 354.14 114.711 312.556 100.047
4 0.9375 123.44 516.05 167.696 530.821 160.31 552.95 116.054 538.179
2 0.928711 325.849 16.0308 383.904 39.7654 373.651 64.8442 315.596 41.1096
2 0.928711 352.045 387.164 428.027 425.264 415.455 450.336 339.473 412.236
3 0.927734 451.955 145.477 507.745 164.479 499.045 190.023 443.255 171.021
3 0.925781 413.657 247.09 486.993 281.776 475.343 306.41 402.007 271.724
4 0.921875 328.765 51.5609 374.165 66.5588 366.235 90.5641 320.835 75.5662
3 0.921875 467.534 112.656 523.784 134.156 513.966 159.844 457.716 138.344
3 0.916992 487.547 84.5591 553.592 110.619 543.453 136.316 477.408 110.256
2 0.90918 400.074 280.169 528.818 332.573 517.926 359.331 389.182 306.927
3 0.901367 510.661 27.431 584.066 54.7166 575.339 78.194 501.934 50.9084
2 0.900391 370.741 353.032 532.338 425.554 520.259 452.468 358.662 379.946
3 0.898438 500.267 56.925 566.955 82.8847 557.733 106.575 491.045 80.6153
2 0.895508 536.168 530.16 646.706 576.543 634.832 604.84 524.294 558.457
4 0.89502 170.211 392.56 222.274 410.293 213.539 435.94 161.476 418.207
2 0.892578 280.48 538.836 356.195 568.309 346.52 593.164 270.805 563.691
2 0.888672 311.99 480.477 391.675 513.483 381.51 538.023 301.825 505.017
3 0.885742 520.694 -0.968002 607.25 27.9211 598.306 54.718 511.75 25.8289
2 0.882812 379.286 313.3 554.259 389.26 543.214 414.7 368.241 338.74
3 0.871582 615.695 372.642 643.472 370.507 645.305 394.358 617.528 396.493
2 0.871582 169.779 392.558 224.917 411.149 216.221 436.942 161.083 418.351
2 0.818359 600.174 491.786 651.055 513.32 638.826 542.214 587.945 520.68
3 0.798828 599.881 4.97265 636.746 12.0121 632.119 36.2461 595.254 29.2067
4 0.797852 137.612 625.853 164.564 626.101 164.388 645.147 137.436 644.899
0 0.791016 170.087 392.776 224.314 412.272 215.163 437.724 160.936 418.228
2 0.766602 356.378 -5.11324 404.172 -3.79323 403.622 16.1211 355.828 14.801
4 0.703613 357.45 -5.41787 402.703 -3.82061 402.05 14.6679 356.797 13.0706
2 0.422607 136.734 624.227 164.605 624.698 164.266 644.773 136.395 644.302
