4 0.933594 416.797 280.339 421.087 233.41 445.703 235.661 441.413 282.59
4 0.933594 388.31 276.233 393.27 230.375 417.69 233.017 412.73 278.875
4 0.928711 473.231 286.371 476.711 239.312 501.269 241.129 497.789 288.188
4 0.927734 445.934 283.446 449.563 237.652 473.566 239.554 469.937 285.348
4 0.919922 523.572 290.296 529.586 246.772 554.428 250.204 548.414 293.728
2 0.918945 216.083 256.234 222.369 192.166 251.417 195.016 245.131 259.084
4 0.916992 114.091 240.025 118.333 196.952 141.409 199.225 137.167 242.298
0 0.916016 177.384 252.357 181.32 196.088 207.116 197.893 203.18 254.162
2 0.914062 578.966 295.8 585.849 234.058 614.034 237.2 607.151 298.942
2 0.914062 223.244 448.396 235.973 364.797 264.256 369.104 251.527 452.703
4 0.907227 143.832 244.514 147.366 199.872 170.918 201.736 167.384 246.378
3 0.901367 528.226 456.05 534.776 403.11 561.774 406.45 555.224 459.39
3 0.897461 558.885 478.787 565.885 405.998 594.115 408.713 587.115 481.502
2 0.892578 67.0491 421.789 73.3132 342.662 99.2009 344.711 92.9368 423.838
3 0.892578 377.722 460.703 388.651 385.43 415.278 389.297 404.349 464.57
4 0.888672 17.2924 229.842 21.4356 186.76 43.7701 188.908 39.6269 231.99
4 0.888672 552.355 295.667 556.987 249.367 581.645 251.833 577.013 298.133
4 0.879883 395.062 189.265 401.082 155.643 423.938 159.735 417.918 193.357
2 0.879883 147.842 639.7 149.723 585.232 180.658 586.3 178.777 640.768
4 0.874023 48.6674 234.367 53.3442 187.977 77.2076 190.383 72.5308 236.773
2 0.870605 129.596 437.832 138.815 355.283 164.654 358.168 155.435 440.717
3 0.870605 494.771 451.177 497.867 396.765 525.229 398.323 522.133 452.735
2 0.866211 250.73 550.088 271.415 369.268 303.27 372.912 282.585 553.732
2 0.860352 592.527 494.019 599.49 412.755 625.473 414.981 618.51 496.245
2 0.850586 288.099 564.193 316.231 361.007 350.901 365.807 322.769 568.993
2 0.84375 332.932 522.819 351.979 378.319 385.068 382.681 366.021 527.181
3 0.829102 410.937 449.906 417.384 390.096 440.563 392.594 434.116 452.404
3 0.765625 338.087 621.722 365.353 621.638 365.413 641.278 338.147 641.362
3 0.740723 591.328 497.62 598.231 412.65 625.672 414.88 618.769 499.85
2 0.722656 625.994 492.991 627.439 415.755 641.006 416.009 639.561 493.245
3 0.572266 336.824 519.512 351.348 377.628 384.176 380.988 369.652 522.872
3 0.495605 146.837 640.238 149.175 584.443 180.663 585.762 178.325 641.557
2 0.467773 624.006 306.175 633.364 239.2 644.994 240.825 635.636 307.8
