4 0.931641 414.203 274.481 416.435 228.316 441.297 229.519 439.065 275.684
4 0.921875 138.979 253.953 142.597 207.343 167.771 209.297 164.153 255.907
4 0.919922 109.97 251.993 112.313 206.741 136.78 208.007 134.437 253.259
4 0.918945 385.833 272.052 387.913 226.787 413.167 227.948 411.087 273.213
2 0.918945 213.042 261.515 215.797 197.981 244.708 199.235 241.953 262.769
4 0.916016 468.032 275.012 475.398 229.51 499.968 233.488 492.602 278.99
4 0.914062 443.458 276.216 445.2 231.094 469.542 232.034 467.8 277.156
0 0.912109 171.913 259.346 175.277 203.009 202.837 204.654 199.473 260.991
2 0.911133 577.297 282.716 580.986 219.605 609.703 221.284 606.014 284.395
4 0.902344 549.377 283.863 551.814 236.801 577.623 238.137 575.186 285.199
2 0.901367 229.092 452.564 238.677 369.616 267.408 372.936 257.823 455.884
4 0.900391 12.0863 246.171 14.4633 201.296 38.695 202.579 36.3179 247.454
4 0.900391 522.09 280.021 524.833 235.919 549.91 237.479 547.167 281.581
4 0.898438 44.0073 247.781 47.1926 203.051 70.6177 204.719 67.4324 249.449
3 0.892578 565.384 463.146 571.742 391.867 599.616 394.354 593.258 465.633
3 0.888672 385.064 460.308 390.885 382.213 417.436 384.192 411.615 462.287
3 0.876953 535.767 444.836 539.561 389.341 566.233 391.164 562.439 446.659
2 0.875977 71.7943 437.328 75.4673 356.474 101.831 357.672 98.1577 438.526
4 0.875 387.48 183.941 394.903 150.825 416.02 155.559 408.597 188.675
3 0.871582 500.802 442.267 502.731 387.27 530.198 388.233 528.269 443.23
2 0.856445 155.914 630.504 176.642 589.403 204.586 603.496 183.858 644.597
2 0.853027 134.265 453.674 139.423 364.699 167.485 366.326 162.327 455.301
2 0.845703 302.232 564.083 314.842 367.612 350.768 369.917 338.158 566.388
2 0.845703 260.344 558.53 274.086 362.511 309.156 364.97 295.414 560.989
3 0.839844 597.333 480.708 603.429 396.742 631.667 398.792 625.571 482.758
2 0.829102 349.288 521.802 354.514 374.52 387.712 375.698 382.486 522.98
3 0.824219 416.836 444.817 421.344 384.297 446.664 386.183 442.156 446.703
3 0.786133 354.45 619.575 380.069 619.024 380.55 641.425 354.931 641.976
4 0.626953 168.55 257.432 177.844 202.367 205.7 207.068 196.406 262.133
3 0.626465 631.311 474.882 632.472 415.956 640.689 416.118 639.528 475.044
2 0.553711 601.677 470.824 604.545 395.692 630.323 396.676 627.455 471.808
3 0.553711 344.28 517.483 354.118 376.075 389.22 378.517 379.382 519.925
