4 0.957031 346.13 172.173 377.736 206.195 360.37 222.327 328.764 188.305
4 0.955078 369.063 154.311 399.189 188.699 380.937 204.689 350.811 170.301
4 0.953125 390.329 135.473 420.038 171.001 401.171 186.777 371.462 151.249
4 0.951172 324.168 190.31 355.37 223.898 337.832 240.19 306.63 206.602
2 0.949219 183.704 282.191 224.276 333.851 202.046 351.309 161.474 299.649
4 0.945312 109.391 363.547 139.082 397.86 120.484 413.953 90.7933 379.64
4 0.943359 132.838 344.901 162.227 379.184 143.662 395.099 114.273 360.816
2 0.94043 318.596 393.528 366.22 463.632 342.904 479.472 295.28 409.368
3 0.938477 547.957 204.33 584.184 247.117 564.043 264.17 527.816 221.383
2 0.9375 466.405 51.036 505.837 101.246 483.595 118.714 444.163 68.5038
4 0.935547 431.863 103.378 461.131 137.518 442.637 153.372 413.369 119.232
3 0.932617 518.059 224.684 557.019 267.143 536.941 285.566 497.981 243.107
3 0.931641 575.105 181.071 621.402 240.394 599.895 257.179 553.598 197.856
4 0.928711 33.9631 426.934 63.6164 460.782 45.5994 476.566 15.9461 442.718
4 0.921875 452.538 84.0631 483.497 119.841 464.462 136.312 433.503 100.534
4 0.921875 58.8531 404.517 88.8644 440.971 70.0219 456.483 40.0106 420.029
2 0.918945 350.413 368.45 463.296 509.937 438.087 530.05 325.204 388.563
3 0.917969 439.278 296.99 484.174 363.958 461.722 379.01 416.826 312.042
3 0.917969 605.922 163.156 647.014 227.609 625.078 241.594 583.986 177.141
0 0.916016 154.619 316.133 191.814 359.119 171.881 376.367 134.686 333.381
4 0.892578 275.913 134.272 296.561 160.731 279.587 173.978 258.939 147.519
2 0.888672 240.863 457.904 303.193 537.773 281.637 554.596 219.307 474.727
2 0.886719 377.812 336.776 435.43 414.965 412.688 431.724 355.07 353.535
2 0.882812 411.092 317.756 502.022 426.498 478.408 446.244 387.478 337.502
2 0.862305 185.501 494.207 261.325 582.654 238.999 601.793 163.175 513.346
2 0.84375 344.118 364.584 438.653 482.331 414.882 501.416 320.347 383.669
2 0.834961 399.405 613.814 442.984 617.297 440.595 647.186 397.016 643.703
3 0.758789 554.591 503.842 585.934 505.575 584.409 533.158 553.066 531.425
3 0.753906 638.827 143.653 648.795 192.203 626.173 196.847 616.205 148.297
4 0.734863 15.6747 507.922 44.7505 523.463 33.7316 544.078 4.65575 528.537
2 0.722656 635.415 141.59 648.891 193.365 627.585 198.91 614.109 147.135
3 0.586426 624.203 134.99 646.311 135.872 645.797 148.76 623.689 147.878
2 0.583008 155.65 316.011 192.624 358.609 172.6 375.989 135.626 333.391
4 0.569824 154.033 315.993 192.445 357.469 172.967 375.507 134.555 334.031
4 0.534668 399.028 615.781 441.998 617.363 440.972 645.219 398.002 643.637
3 0.444336 399.411 615.522 442.268 618.155 440.589 645.478 397.732 642.845
