4 0.945312 267.183 132.336 312.075 139.559 308.317 162.914 263.425 155.691
4 0.943359 262.408 159.059 305.903 167.365 301.592 189.941 258.097 181.635
4 0.943359 175.845 480.873 218.331 490.209 213.405 512.627 170.919 503.291
4 0.943359 255.323 186.326 298.675 194.88 294.177 217.674 250.825 209.12
4 0.9375 247.997 213.89 291.471 222.468 287.003 245.11 243.529 236.532
4 0.9375 283.226 79.8002 326.127 89.8496 320.774 112.7 277.873 102.65
4 0.93457 182.849 451.799 226.355 461.149 221.401 484.201 177.895 474.851
4 0.933594 150.943 576.012 194.496 584.675 190.057 606.988 146.504 598.325
4 0.931641 287.625 53.0148 334.905 62.797 329.875 87.1102 282.595 77.328
2 0.931641 187.665 371.672 250.487 387.612 243.835 413.828 181.013 397.888
4 0.928711 156.601 544.493 202.956 552.976 198.649 576.507 152.294 568.024
2 0.927734 278.951 18.309 339.587 34.0919 332.549 61.1285 271.913 45.3456
2 0.920898 361.927 381.243 441.86 406.028 433.573 432.757 353.64 407.972
0 0.907227 183.773 415.428 238.755 427.155 233.227 453.072 178.245 441.345
3 0.907227 436.739 91.9988 491.369 106.04 484.761 131.751 430.131 117.71
3 0.899414 449.68 60.3725 518.344 76.9017 511.82 104.003 443.156 87.4733
3 0.898438 424.895 126.814 481.695 137.75 476.605 164.186 419.805 153.25
2 0.896484 565.756 495.119 642.493 511.364 636.244 540.881 559.507 524.636
2 0.894531 314.782 540.48 392.806 559.516 386.218 586.52 308.194 567.484
3 0.893555 399.637 231.916 478.046 256.756 469.863 282.584 391.454 257.744
3 0.882812 456.142 30.0313 537.14 49.2669 530.858 75.7187 449.86 56.4831
2 0.880859 366.946 344.298 551.252 390.465 544.054 419.202 359.748 373.035
2 0.875 378.273 303.917 561.566 351.027 554.227 379.583 370.934 332.473
4 0.873047 173.288 196.879 206.5 203.221 202.462 224.371 169.25 218.029
2 0.864746 390.001 269.21 530.712 302.627 524.499 328.79 383.788 295.373
2 0.861328 337.628 479.393 418.96 499.633 412.372 526.107 331.04 505.867
3 0.860352 458.016 -1.41724 538.146 16.5764 532.484 41.7922 452.354 23.7986
2 0.824219 612.603 458.754 639.002 446.268 649.397 468.246 622.998 480.732
3 0.816406 617.896 342.487 631.141 316.023 648.104 324.513 634.859 350.977
4 0.812012 183.73 415.467 238.814 425.897 233.77 452.533 178.686 442.103
2 0.78418 184.624 415.932 239.307 426.46 234.376 452.068 179.693 441.54
3 0.696777 489.56 -3.56284 545.114 -0.748231 544.44 12.5472 488.886 9.73261
2 0.655762 312.313 -1.17967 354.811 -0.788511 354.687 12.6328 312.189 12.2416
4 0.328125 309.999 -0.253008 350.591 0.120607 350.501 9.83113 309.909 9.45752
