4 0.956055 316.093 171.351 354.128 196.095 341.407 215.649 303.372 190.905
4 0.952148 335.017 148.699 373.343 174.307 359.983 194.301 321.657 168.693
4 0.951172 120.646 404.817 156.749 429.913 143.354 449.183 107.251 424.087
4 0.951172 298.758 193.082 336.37 218.465 323.242 237.918 285.63 212.535
4 0.949219 351.842 126.762 389.635 152.267 376.158 172.238 338.365 146.733
4 0.949219 138.941 381.108 176.474 406.774 163.059 426.392 125.526 400.726
4 0.945312 386.55 87.0206 424.053 111.665 410.95 131.604 373.447 106.96
2 0.941406 410.234 28.4512 460.004 68.7874 442.266 90.6738 392.496 50.3376
4 0.9375 77.5373 453.664 115.836 480.637 101.963 500.336 63.6639 473.363
3 0.9375 519.916 162.274 566.638 196.483 551.084 217.726 504.362 183.517
2 0.93457 177.002 310.235 228.922 350.371 211.998 372.265 160.078 332.129
2 0.931641 333.473 392.746 392.875 451.784 373.027 471.754 313.625 412.716
4 0.931641 58.254 480.777 95.3734 505.827 82.621 524.723 45.5016 499.673
3 0.928711 494.742 189.722 543.422 221.712 528.758 244.028 480.078 212.038
4 0.928711 402.234 64.6156 442.855 91.3988 429.266 112.009 388.645 85.2262
3 0.927734 541.813 134.641 603.187 184.383 586.187 205.359 524.813 155.617
2 0.914062 404.639 303.127 518.543 389.791 501.361 412.373 387.457 325.709
2 0.912109 360.594 366.035 497.59 479.879 478.406 502.965 341.41 389.121
0 0.90918 156.229 348.54 203.184 381.074 188.021 402.96 141.066 370.426
3 0.907227 431.682 276.077 489.953 332.069 472.318 350.423 414.047 294.431
3 0.904297 584.655 90.9195 644.062 138.019 629.345 156.58 569.938 109.481
2 0.886719 156.793 348.329 203.524 381.348 188.457 402.671 141.726 369.652
2 0.883789 268.393 471.158 334.246 526.568 317.607 546.342 251.754 490.933
2 0.883789 457.065 592.082 542.236 619.784 532.435 649.918 447.264 622.216
4 0.883789 240.434 146.667 266.92 167.077 253.816 184.083 227.33 163.673
2 0.873047 373.885 324.945 527.709 449.613 509.115 472.555 355.291 347.887
2 0.861328 221.571 517.435 309.083 585.514 291.929 607.565 204.417 539.486
3 0.845703 611.404 64.8332 650.568 115.016 632.596 129.042 593.432 78.8586
3 0.821289 587.901 450.354 621.444 455.91 617.099 482.146 583.556 476.59
2 0.75 372.636 324.038 467.535 398.803 450.864 419.962 355.965 345.197
2 0.741699 415.97 619.493 455.728 621.569 454.53 644.507 414.772 642.431
4 0.63916 -3.58775 435.528 23.9438 447.985 14.9002 467.972 -12.6313 455.515
3 0.583984 401.963 301.968 519.482 393.972 501.037 417.532 383.518 325.528
4 0.532715 155.295 347.992 202.358 381.137 186.955 403.008 139.892 369.863
