4 0.948242 459.617 179.313 472.053 224.249 447.883 230.937 435.447 186.001
4 0.945312 434.44 188.541 445.499 233.868 421.56 239.709 410.501 194.382
4 0.945312 378.734 202.942 389.987 247.866 366.266 253.808 355.013 208.884
4 0.941406 406.488 195.518 417.465 240.51 394.012 246.232 383.035 201.24
2 0.93457 210.937 230.322 227.583 292.701 199.563 300.178 182.917 237.799
4 0.928711 139.376 266.352 151.486 310.113 127.874 316.648 115.764 272.887
4 0.925781 111.093 274.338 121.563 318.425 97.4068 324.162 86.937 280.075
4 0.924805 538.022 157.795 550.766 203.845 525.978 210.705 513.234 164.655
4 0.920898 512.036 167.924 521.868 211.708 497.964 217.076 488.132 173.292
2 0.919922 287.979 386.964 305.76 468.485 278.021 474.536 260.24 393.015
3 0.918945 576.789 308.143 590.347 360.897 565.211 367.357 551.653 314.603
4 0.917969 18.9212 302.604 25.6777 346.303 2.43819 349.896 -4.31831 306.197
4 0.917969 46.4372 291.083 59.7091 335.323 36.0628 342.417 22.7909 298.177
3 0.917969 540.634 315.873 556.59 368.475 531.366 376.127 515.41 323.525
2 0.916016 127.729 426.479 145.427 504.177 119.771 510.021 102.073 432.323
2 0.915039 562.878 134.125 578.019 193.796 550.122 200.875 534.981 141.204
0 0.904297 171.897 249.36 187.424 303.523 160.853 311.14 145.326 256.977
2 0.897461 192.525 413.15 211.148 496.085 185.475 501.85 166.852 418.915
2 0.896484 324.381 371.107 374.556 552.417 342.119 561.393 291.944 380.083
3 0.889648 610.2 297.958 626.704 370.414 599.8 376.542 583.296 304.086
4 0.883789 355.547 132.614 362.952 165.125 340.953 170.136 333.548 137.625
2 0.882812 403.914 351.69 442.39 485.909 413.086 494.31 374.61 360.091
3 0.870605 435.312 348.399 453.586 427.503 427.188 433.601 408.914 354.497
2 0.870117 365.289 359.428 387.199 449.232 361.211 455.572 339.301 365.768
2 0.863281 362.746 356.016 415.464 548.813 383.754 557.484 331.036 364.687
4 0.823242 171.419 249.224 187.339 303.5 160.831 311.276 144.911 257
2 0.803711 643.281 297.76 645.92 363.894 624.719 364.74 622.08 298.606
2 0.681152 267.791 623.997 297.849 623.444 298.209 643.003 268.151 643.556
2 0.627441 172.399 249.12 186.95 303.649 159.851 310.88 145.3 256.351
3 0.593262 643.341 297.876 644.36 364.306 623.659 364.624 622.64 298.194
2 0.472656 216.17 627.074 242.497 627.357 242.33 642.926 216.003 642.643
1 0.455566 215.305 627.146 239.457 627.591 239.195 641.854 215.043 641.409
