4 0.957031 338.426 149.516 375.669 175.49 362.074 194.984 324.831 169.01
4 0.955078 320.007 171.012 356.441 197.689 342.493 216.738 306.059 190.061
4 0.951172 354.983 127.535 392.585 153.76 379.017 173.215 341.415 146.99
4 0.951172 301.367 192.586 337.852 218.873 324.133 237.914 287.648 211.627
4 0.946289 119.954 400.034 155.722 427.597 140.796 446.966 105.028 419.403
4 0.943359 391.62 88.1049 427.388 114.632 413.38 133.52 377.612 106.993
2 0.941406 332.08 393.467 389.81 453.362 369.92 472.533 312.19 412.638
3 0.941406 521.656 165.066 568.233 200.617 552.344 221.434 505.767 185.883
4 0.94043 137.969 377.472 175.798 404.726 161.531 424.528 123.702 397.274
3 0.9375 497.166 192.346 544.995 225.594 529.834 247.404 482.005 214.156
2 0.9375 178.091 307.086 228.787 348.561 210.909 370.414 160.213 328.939
2 0.933594 415.876 29.1726 464.415 71.1726 445.624 92.8899 397.085 50.8899
4 0.931641 55.2137 475.903 92.3335 501.286 78.7863 521.097 41.6665 495.714
4 0.925781 75.039 449.546 113.4 476.917 99.461 496.454 61.0995 469.083
3 0.924805 547.018 138.918 604.017 188.239 585.982 209.082 528.983 159.761
4 0.923828 407.792 65.4276 446.998 94.5052 432.208 114.447 393.002 85.3698
3 0.921875 431.741 279.043 489.907 334.421 472.259 352.957 414.093 297.579
2 0.917969 361.066 366.672 491.91 483.446 471.934 505.828 341.09 389.054
0 0.912109 154.527 346.026 201.92 378.971 186.973 400.474 139.58 367.529
2 0.905273 403.852 304.871 517.025 392.079 499.648 414.629 386.475 327.421
2 0.904297 265.956 470.233 327.47 525.302 310.044 544.767 248.53 489.698
2 0.878906 452.701 593.308 531.51 619.746 521.799 648.692 442.99 622.254
2 0.870605 534.36 566.861 588.891 605.14 570.64 631.139 516.109 592.86
2 0.869141 220.935 513.848 317.566 594.904 298.065 618.152 201.434 537.096
2 0.868164 376.052 324.201 510.054 442.691 490.948 464.299 356.946 345.809
3 0.867188 573.491 121.821 636.205 173.774 619.509 193.929 556.795 141.976
2 0.84375 155.391 345.511 201.814 379.174 186.359 400.489 139.936 366.826
3 0.803711 584.046 456.076 617.245 458.832 614.954 486.424 581.755 483.668
3 0.795898 588.958 93.3449 647.705 144.178 632.042 162.28 573.295 111.447
2 0.785645 590.355 93.5566 645.387 145.153 629.645 161.943 574.613 110.347
2 0.757324 618.389 70.1937 647.358 121.7 627.611 132.806 598.642 81.3004
4 0.741699 52.6341 560.29 82.7507 567.638 77.3659 589.71 47.2492 582.362
2 0.722168 374.44 326.541 462.093 398.251 445.56 418.459 357.907 346.749
2 0.71875 405.33 303.282 473.735 356.836 458.17 376.718 389.765 323.164
2 0.714844 408.672 621.072 443.877 622.045 443.328 641.928 408.123 640.955
3 0.710449 611.689 69.5145 652.515 114.838 634.311 131.235 593.485 85.912
4 0.709473 13.8496 429.998 15.1499 460.252 -2.30277 461.002 -3.60299 430.748
4 0.69873 155.057 345.745 201.682 378.262 186.693 399.755 140.068 367.238
0 0.358398 14.5292 429.894 16.9782 460.531 -2.72455 462.106 -5.17354 431.469
