4 0.949219 441.347 163.104 459.236 206.668 436.153 216.146 418.264 172.582
4 0.949219 363.951 196.988 380.78 239.833 358.049 248.762 341.22 205.917
4 0.946289 390.207 186.014 406.976 229.486 384.293 238.236 367.524 194.764
4 0.945312 417.17 175.844 433.705 219.104 411.33 227.656 394.795 184.396
4 0.938477 107.036 299.965 122.856 342.526 99.9644 351.035 84.144 308.474
2 0.9375 201.529 244.186 225.41 304.438 197.971 315.314 174.09 255.062
3 0.931641 538.843 289.286 560.186 339.501 536.157 349.714 514.814 299.499
4 0.928711 134.535 288.587 151.559 330.411 128.215 339.913 111.191 298.089
4 0.926758 516.188 132.729 534.314 176.871 510.812 186.521 492.686 142.379
4 0.923828 491.899 145.451 507.007 187.674 483.601 196.049 468.493 153.826
2 0.921875 296.697 389.221 322.877 471.861 296.303 480.279 270.123 397.639
4 0.921875 45.678 324.562 63.821 367.614 40.5095 377.438 22.3665 334.386
2 0.921875 538.949 104.085 560.663 164.189 533.051 174.165 511.337 114.061
3 0.917969 574.431 276.735 593.257 328.845 568.569 337.765 549.743 285.655
2 0.910156 204.936 428.646 231.574 506.464 207.064 514.854 180.426 437.036
0 0.90918 162.866 267.343 187.704 319.444 163.134 331.157 138.296 279.056
3 0.908203 606.868 262.965 630.039 332.388 604.132 341.035 580.961 271.612
4 0.90625 18.4055 338.77 32.6522 382.344 10.0633 389.73 -4.18344 346.156
2 0.905273 336.105 373.762 400.616 541.001 368.895 553.238 304.384 385.999
2 0.895508 140.75 447.847 173.039 525.799 149.25 535.653 116.961 457.701
3 0.894531 439.658 330.921 465.33 411.099 438.842 419.579 413.17 339.401
2 0.892578 407.34 343.992 458.593 463.053 429.66 475.508 378.407 356.447
4 0.888672 333.367 130.017 343.544 161.146 322.633 167.983 312.456 136.854
2 0.883789 370.213 345.11 442.799 538.566 411.287 550.39 338.701 356.934
2 0.862305 369.315 350.789 406.813 446.251 380.185 456.711 342.687 361.249
4 0.856445 164.675 267.682 186.42 319.728 161.075 330.318 139.33 278.272
2 0.827637 405.996 344.038 441.393 430.241 416.504 440.462 381.107 354.259
2 0.824219 143.725 445.253 189.722 560.271 161.025 571.747 115.028 456.729
3 0.760254 644.74 256.125 648.104 324.605 622.26 325.875 618.896 257.395
4 0.755859 8.28749 361.678 10.7139 389.855 -0.510143 390.822 -2.9366 362.645
2 0.716309 163.727 268.176 186.468 320.341 161.273 331.324 138.532 279.159
3 0.609375 305.472 625.557 334.861 625.287 335.028 643.443 305.639 643.713
