4 0.951172 336.733 191.119 362.914 228.294 343.267 242.131 317.086 204.956
4 0.951172 384.69 158.981 410.27 197.137 390.31 210.519 364.73 172.363
4 0.951172 359.536 174.816 386.365 212.297 366.964 226.184 340.135 188.703
4 0.943359 405.246 142.355 432.845 180.05 413.254 194.395 385.655 156.7
4 0.943359 107.496 345.356 132.346 382.423 111.879 396.144 87.0294 359.077
2 0.943359 490.092 64.9559 523.52 118.835 499.408 133.794 465.98 79.9152
4 0.938477 130.765 328.07 158.073 365.127 137.985 379.93 110.677 342.873
2 0.9375 187.852 270.861 223.763 324.965 200.148 340.639 164.237 286.535
2 0.9375 310.3 393.365 355.251 466.315 331.2 481.135 286.249 408.185
3 0.931641 527.323 242.615 559.411 288.777 537.677 303.885 505.589 257.723
4 0.929688 451.237 113.678 475.772 151.14 455.263 164.572 430.728 127.11
4 0.927734 26.4136 401.598 52.6389 438.474 33.0552 452.402 6.82988 415.526
3 0.925781 559.046 224.199 588.339 271.413 565.954 285.301 536.661 238.087
4 0.923828 52.2663 381.773 78.7081 420.062 58.9212 433.727 32.4794 395.438
4 0.920898 473.405 96.7758 500.378 136.481 479.595 150.599 452.622 110.894
2 0.919922 349.154 372.013 444.777 521.999 417.346 539.487 321.723 389.501
3 0.90918 586.781 203.839 625.831 267.871 603.219 281.661 564.169 217.629
3 0.908203 440.221 310.303 479.695 377.794 456.779 391.197 417.305 323.706
2 0.896484 377.237 341.208 426.375 421.782 401.763 436.792 352.625 356.218
2 0.893555 228.519 449.499 275.288 522.117 253.731 536.001 206.962 463.383
2 0.893555 411.708 325.781 490.865 437.445 465.792 455.219 386.635 343.555
4 0.886719 290.978 131.326 310.998 157.638 294.522 170.174 274.502 143.862
2 0.886719 171.709 479.218 244.9 585.899 220.291 602.782 147.1 496.101
0 0.882812 154.978 301.594 190.189 347.288 169.272 363.406 134.061 317.712
2 0.874023 624.06 190.577 645.842 254.532 621.94 262.673 600.158 198.718
2 0.874023 228.904 449.278 293.61 543.59 270.096 559.722 205.39 465.41
2 0.871582 378.603 338.388 447.317 453.429 421.897 468.612 353.183 353.571
2 0.849609 382.939 354.095 483.311 503.813 458.561 520.405 358.189 370.687
4 0.832031 63.0234 282.049 85.5791 314.285 67.4766 326.951 44.9209 294.715
2 0.808594 589.817 203.895 626.553 269.21 603.183 282.355 566.447 217.04
2 0.807617 373.141 620.529 406.234 620.377 406.359 647.471 373.266 647.623
4 0.791016 17.2709 481.626 25.5371 515.507 3.54162 520.874 -4.72458 486.993
2 0.760742 155.953 301.575 189.003 347.746 167.797 362.925 134.747 316.754
2 0.722168 473.561 96.8129 499.722 135.708 478.939 149.687 452.778 110.792
3 0.605469 624.232 172.657 654.285 188.016 643.768 208.593 613.715 193.234
2 0.458008 631.812 168.677 654.265 195.362 636.188 210.573 613.735 183.888
3 0.348633 372.805 620.68 404.349 620.244 404.695 645.32 373.151 645.756
