4 0.93457 230.799 173.544 275.165 174.429 274.701 197.706 230.335 196.821
4 0.928711 230.136 146.11 275.76 146.39 275.614 170.14 229.99 169.86
4 0.925781 229.808 202.174 273.553 202.845 273.192 226.326 229.447 225.655
4 0.924805 228.568 230.149 272.641 231.502 271.932 254.601 227.859 253.248
4 0.921875 233.818 92.6825 278.48 94.1903 277.682 117.817 233.02 116.31
2 0.921875 200.502 396.344 266.414 400.799 264.498 429.156 198.586 424.701
4 0.918945 214.092 477.118 257.557 478.853 256.658 501.382 213.193 499.647
4 0.914062 212.161 506.19 256.75 507.969 255.839 530.81 211.25 529.031
2 0.912109 216.19 32.4986 282.498 38.3112 280.06 66.1264 213.752 60.3138
4 0.908203 208.326 605.237 252.009 605.907 251.674 627.763 207.991 627.093
4 0.907227 207.91 572.298 254.545 573.729 253.84 596.702 207.205 595.271
2 0.905273 206.874 441.016 262.494 441.784 262.126 468.484 206.506 467.716
2 0.904297 375.048 371.083 457.141 380.442 453.952 408.417 371.859 399.058
4 0.892578 153.406 229.408 185.982 232.113 184.344 251.842 151.768 249.137
3 0.892578 385.794 39.881 465.739 42.8255 464.706 70.869 384.761 67.9245
3 0.886719 384.938 73.5627 443.523 75.7206 442.562 101.812 383.977 99.6544
3 0.876953 381.771 109.474 440.517 110.105 440.229 136.901 381.483 136.27
2 0.875 231.268 64.2344 280.241 66.6403 278.982 92.2656 230.009 89.8597
3 0.874023 382.09 217.515 462.382 226.669 459.41 252.735 379.118 243.581
2 0.867188 378.648 331.841 560.508 345.537 558.352 374.159 376.492 360.463
2 0.859863 370.662 472.205 450.577 475.886 449.338 502.795 369.423 499.114
2 0.851562 381.365 252.699 519.653 260.343 518.135 287.801 379.847 280.157
2 0.849609 378.422 289.368 557.6 302.032 555.578 330.632 376.4 317.968
3 0.836914 390.051 8.47017 471.759 12.6099 470.449 38.4673 388.741 34.3276
3 0.806641 617.005 257.842 641.864 257.69 641.995 279.158 617.136 279.31
4 0.804688 231.371 65.441 279.718 67.0732 278.879 91.934 230.532 90.3018
2 0.795898 596.817 440.208 639.003 439.949 639.183 469.292 596.997 469.551
0 0.695312 207.394 442.14 261.268 442.47 261.106 468.86 207.232 468.53
4 0.681641 206.74 441.707 263.42 442.577 263.01 469.293 206.33 468.423
3 0.647949 414.24 -0.36355 470.362 0.239101 470.26 9.80105 414.138 9.1984
