4 0.946289 273.972 154.989 317.632 166.64 311.528 189.511 267.868 177.86
4 0.943359 255.519 209.371 298.477 219.852 292.981 242.379 250.023 231.898
4 0.943359 281.02 129.338 324.256 139.326 318.98 162.162 275.744 152.174
4 0.942383 173.177 442.152 217.048 454.22 210.823 476.848 166.952 464.78
4 0.94043 264.555 182.154 307.439 193.316 301.445 216.346 258.561 205.184
4 0.94043 164.228 469.912 207.351 481.988 201.022 504.588 157.899 492.512
4 0.935547 299.87 78.3761 342.053 90.3289 335.63 112.999 293.447 101.046
4 0.935547 132.125 563.622 176.508 574.595 170.875 597.378 126.492 586.405
2 0.931641 185.193 361.911 246.113 380.8 237.807 407.589 176.887 388.7
4 0.931641 305.075 51.9101 352.319 64.6727 345.925 88.3399 298.681 75.5773
2 0.929688 298.572 16.609 359.345 35.9646 350.928 62.391 290.155 43.0354
4 0.928711 140.626 532.174 187.263 543.401 181.624 566.826 134.987 555.599
3 0.924805 436.126 135.562 493.073 149.086 486.874 175.188 429.927 161.664
2 0.921875 357.37 384.768 435.426 414.603 425.63 440.232 347.574 410.397
3 0.917969 451.104 101.036 506.628 117.693 498.896 143.464 443.372 126.807
3 0.914062 408.688 239.382 481.825 268.241 471.812 293.618 398.675 264.759
2 0.911133 551.967 511.747 645.549 538.885 637.033 568.253 543.451 541.115
3 0.90918 465.728 69.5124 535.968 93.1955 527.272 118.988 457.032 95.3045
2 0.90625 396.833 272.336 529.677 315.32 520.667 343.164 387.823 300.18
3 0.900391 476.021 40.3404 551.321 63.1822 543.479 89.0346 468.179 66.1928
2 0.886719 299.437 539.48 376.953 564.036 368.563 590.52 291.047 565.964
2 0.880859 362.994 347.572 546.086 404.958 537.006 433.928 353.914 376.542
0 0.876953 176.816 406.728 232.213 419.884 226.184 445.272 170.787 432.116
3 0.876953 482.802 8.71529 566.802 33.2146 559.198 59.2847 475.198 34.7854
2 0.875977 374.174 306.15 557.958 367.49 548.826 394.85 365.042 333.51
2 0.875 325.359 480.348 405.531 505.206 397.641 530.652 317.469 505.794
2 0.870605 376.014 294.703 545.081 349.981 535.986 377.797 366.919 322.519
2 0.851562 608.217 468.877 644.271 471.592 641.783 504.623 605.729 501.908
3 0.805664 485.788 -10.15 568.557 -5.95655 567.212 20.6031 484.443 16.4097
3 0.804688 615.109 353.643 637.515 338.746 648.891 355.857 626.485 370.754
2 0.769043 176.418 406.472 231.649 420.307 225.332 445.528 170.101 431.693
2 0.683594 333.677 -1.73217 376.895 -1.53329 376.823 14.029 333.605 13.8302
4 0.677246 176.721 405.013 232.064 419.418 225.279 445.487 169.936 431.082
3 0.572266 576.953 -0.905077 605.17 -0.602074 605.047 10.866 576.83 10.563
4 0.37207 332.174 -1.23023 373.923 -0.910019 373.826 11.7615 332.077 11.4413
