4 0.943359 380.911 204.092 391.203 249.279 367.589 254.658 357.297 209.471
4 0.94043 461.801 181.006 473.828 226.635 449.699 232.994 437.672 187.365
4 0.938477 408.969 197.148 418.819 242.305 394.531 247.602 384.681 202.445
4 0.9375 436.244 190.723 446.55 235.971 423.256 241.277 412.95 196.029
2 0.935547 212.025 228.269 227.803 291.26 199.975 298.231 184.197 235.24
3 0.920898 577.378 313.147 588.872 365.845 563.622 371.353 552.128 318.655
4 0.920898 539.971 162.271 551.756 208.124 527.029 214.479 515.244 168.626
4 0.917969 513.772 171.2 523.974 214.161 500.228 219.8 490.026 176.839
4 0.916016 140.416 263.334 151.418 307.258 127.834 313.166 116.832 269.242
2 0.915039 286.615 388.379 301.544 468.564 274.385 473.621 259.456 393.436
4 0.914062 112.53 270.988 121.574 315.038 97.3447 320.012 88.3013 275.962
0 0.912109 173.367 247.365 187.245 301.36 160.883 308.135 147.005 254.14
4 0.90918 18.9754 296.831 25.2259 340.826 1.69651 344.169 -4.55399 300.174
4 0.90625 48.26 287.369 59.2127 330.532 35.1775 336.631 24.2248 293.468
2 0.904297 123.692 423.637 144.206 502.448 119.558 508.863 99.0443 430.052
2 0.896484 565.982 137.534 580.781 198.192 553.018 204.966 538.219 144.308
2 0.894531 191.373 411.64 207.183 496.555 181.377 501.36 165.567 416.445
3 0.883789 541.819 320.584 555.685 373.194 530.181 379.916 516.315 327.306
2 0.879883 325.132 369.224 369.899 552.717 336.868 560.776 292.101 377.283
3 0.874023 434.725 350.102 452.637 429.866 425.775 435.898 407.863 356.134
4 0.873047 358.829 132.816 366.048 165.913 344.171 170.684 336.952 137.587
3 0.87207 608.603 302.577 625.499 373.724 599.397 379.923 582.501 308.776
2 0.87207 405.633 355.26 437.275 484.956 405.367 492.74 373.725 363.044
2 0.867188 363 356.399 411.607 547.953 379.5 556.101 330.893 364.547
2 0.855469 173.069 247.568 187.136 301.611 160.931 308.432 146.864 254.389
2 0.855469 365.4 360.64 385.943 457.677 359.1 463.36 338.557 366.323
4 0.834473 173.248 247.188 187.64 301.792 161.002 308.812 146.61 254.208
2 0.812012 643.617 301.311 646.087 368.39 624.383 369.189 621.913 302.11
2 0.755371 262.289 622.513 292.315 621.96 292.711 643.487 262.685 644.04
2 0.623535 612.962 302.597 623.164 377.719 596.038 381.403 585.836 306.281
2 0.582031 207.767 625.52 234.279 625.967 233.983 643.48 207.471 643.033
3 0.543945 403.889 355.445 439.101 484.218 408.611 492.555 373.399 363.782
