4 0.931641 415.834 275.641 418.584 229.911 442.666 231.359 439.916 277.089
2 0.924805 577.321 286.576 582.872 224.354 611.679 226.924 606.128 289.146
4 0.923828 444.572 279.164 446.736 233.684 470.928 234.836 468.764 280.316
2 0.923828 214.172 259.29 218.071 196.943 246.328 198.71 242.429 261.057
4 0.921875 386.462 273.767 389.953 227.586 415.038 229.483 411.547 275.664
0 0.921875 174.612 257.604 176.56 200.981 203.138 201.896 201.19 258.519
4 0.920898 471.558 279.891 473.704 234.441 498.442 235.609 496.296 281.059
4 0.917969 141.684 250.818 143.86 205.276 168.066 206.432 165.89 251.974
4 0.917969 111.646 247.704 114.062 203.489 137.979 204.796 135.563 249.011
3 0.911133 562.989 468.4 570.358 396.275 598.011 399.1 590.642 471.225
4 0.90625 550.684 288.018 553.841 240.78 579.316 242.482 576.159 289.72
4 0.90625 522.091 283.339 526.572 239.568 551.909 242.161 547.428 285.932
4 0.904297 13.1101 240.524 16.5247 196.092 41.0461 197.976 37.6316 242.408
4 0.904297 44.8417 242.649 48.3896 197.695 72.5333 199.601 68.9854 244.555
3 0.901367 499.433 445.335 501.332 389.243 528.567 390.165 526.668 446.257
2 0.901367 225.55 450.509 238.399 368.953 267.2 373.491 254.351 455.047
3 0.897461 533.517 448.101 538.272 394.091 564.483 396.399 559.728 450.409
4 0.894531 392.172 187.17 396.375 152.77 417.328 155.33 413.125 189.73
3 0.889648 382.184 460.727 391.505 384.671 416.816 387.773 407.495 463.829
2 0.885742 133.231 444.501 139.1 361.646 165.269 363.499 159.4 446.354
2 0.878906 69.6253 431.996 74.8652 350.351 100.625 352.004 95.3848 433.649
2 0.859863 256.365 556.365 273.55 364.132 307.135 367.135 289.95 559.368
2 0.859863 158.21 639.459 161.632 591.393 191.79 593.541 188.368 641.607
3 0.84375 595.269 486.344 601.239 403.183 628.731 405.156 622.761 488.317
2 0.84375 294.259 564.935 317.025 361.077 352.741 365.065 329.975 568.923
2 0.806641 318.227 544.144 336.197 367.932 369.773 371.356 351.803 547.568
2 0.798828 345.308 514.625 352.74 376.574 386.192 378.375 378.76 516.426
3 0.797852 415.729 444.784 421.412 386.969 444.271 389.216 438.588 447.031
3 0.770996 348.793 620.313 376.026 620.063 376.207 639.687 348.974 639.937
3 0.682129 622.312 479.95 632.218 419.348 645.688 421.55 635.782 482.152
4 0.65625 173.804 257.83 175.839 200.678 203.696 201.67 201.661 258.822
3 0.63623 340.082 520.716 354.08 373.379 389.918 376.784 375.92 524.121
3 0.572754 158.871 639.604 160.203 591.56 190.379 592.396 189.047 640.44
2 0.31543 620.794 293.231 638.981 234.416 648.206 237.269 630.019 296.084
