4 0.952148 369.981 177.874 393.546 217.743 373.019 229.876 349.454 190.007
4 0.951172 395.985 164.008 418.228 204.274 397.015 215.992 374.772 175.726
4 0.948242 345.558 192.894 369.361 231.524 348.942 244.106 325.139 205.476
4 0.947266 418.079 148.725 441.485 188.325 420.421 200.775 397.015 161.175
2 0.945312 192.644 261.795 222.495 319.113 197.356 332.205 167.505 274.887
4 0.943359 106.276 330.373 128.457 369.527 107.099 381.627 84.9183 342.473
4 0.943359 131.343 314.852 154.819 354.156 133.907 366.648 110.431 327.344
3 0.9375 533.837 257.894 560.569 306.817 537.163 319.606 510.431 270.683
4 0.93457 465.381 123.517 487.867 162.099 466.619 174.483 444.133 135.901
3 0.93457 596.099 223.032 628.4 290.789 603.901 302.468 571.6 234.711
4 0.93457 488.27 107.332 512.292 149.286 490.23 161.918 466.208 119.964
2 0.929688 306.162 392.703 344.112 468.97 319.338 481.297 281.388 405.03
4 0.923828 49.2025 363.507 72.3653 403.25 51.36 415.493 28.1972 375.75
3 0.923828 566.682 240.006 591.584 291.834 567.318 303.494 542.416 251.666
4 0.921875 22.4433 380.239 44.5495 419.542 23.7129 431.261 1.60677 391.958
2 0.919922 507.625 76.0253 536.625 133.638 510.875 146.6 481.875 88.9867
0 0.919922 157.521 290.356 188.407 338.151 165.979 352.644 135.093 304.849
2 0.915039 343.923 368.983 430.245 532.892 400.577 548.517 314.255 384.608
3 0.907227 440.688 318.251 475.366 389.858 450.812 401.749 416.134 330.142
2 0.89502 372.909 333.304 473.327 523.271 445.091 538.196 344.673 348.229
2 0.894531 159.587 472.336 203.606 545.269 181.413 558.664 137.394 485.731
4 0.880859 306.042 129.464 322.06 158.886 302.958 169.286 286.94 139.864
2 0.859863 160.036 470.572 222.706 572.981 197.464 588.428 134.794 486.019
2 0.858398 220.28 443.969 280.449 545.767 255.47 560.531 195.301 458.733
2 0.835938 372.675 344.203 424.191 438.484 399.825 451.797 348.309 357.516
3 0.79541 634.685 210.319 648.859 277.273 623.315 282.681 609.141 215.727
2 0.760254 349.243 620.674 383.117 620.467 383.257 643.326 349.383 643.533
4 0.744141 157.919 290.406 187.751 337.836 165.081 352.094 135.249 304.664
4 0.710449 9.8015 465.24 10.8132 488.781 -0.317122 489.26 -1.32885 465.719
2 0.683594 635.683 209.847 648.37 277.988 623.317 282.653 610.63 214.512
3 0.677734 624.219 200.78 647.102 204.715 644.781 218.22 621.898 214.285
2 0.643066 405.664 329.78 458.844 410.978 436.336 425.72 383.156 344.522
3 0.495117 413.116 331.816 482.289 450.504 455.384 466.184 386.211 347.496
