4 0.9375 239.976 195.321 283.659 199.42 281.524 222.179 237.841 218.08
4 0.935547 243.983 167.213 287.624 170.297 286.017 193.037 242.376 189.953
2 0.933594 239.91 24.3893 306.438 33.321 302.59 61.9857 236.062 53.054
4 0.932617 245.877 139.464 290.402 142.886 288.623 166.036 244.098 162.614
4 0.928711 200.203 467.211 243.763 471.906 241.297 494.789 197.737 490.094
4 0.928711 254.446 86.6124 297.382 90.9742 295.054 113.888 252.118 109.526
4 0.925781 235.957 223.544 279.687 226.703 278.043 249.456 234.313 246.297
4 0.925781 196.534 497.12 239.573 501.692 237.216 523.88 194.177 519.308
2 0.921875 194.276 387.212 260.14 395.438 256.724 422.788 190.86 414.562
4 0.919922 255.25 58.7448 302.653 63.3402 300.25 88.1302 252.847 83.5348
4 0.918945 184.422 594.927 227.538 598.706 225.578 621.073 182.462 617.294
4 0.916016 186.026 563.117 231.791 566.704 229.974 589.883 184.209 586.296
2 0.908203 371.011 374.88 453.702 393.449 447.489 421.12 364.798 402.551
4 0.90625 196.566 431.095 250.805 435.347 248.684 462.405 194.445 458.153
3 0.898438 399.898 115.911 457.641 120.259 455.602 147.339 397.859 142.991
3 0.890625 406.205 79.6491 465.102 86.9134 461.795 113.726 402.898 106.462
2 0.886719 584.26 464.874 640.44 468.239 638.74 496.626 582.56 493.261
3 0.886719 390.653 223.217 469.44 238.136 464.347 265.033 385.56 250.114
3 0.882812 415.107 46.7648 486.762 56.4967 482.893 84.9852 411.238 75.2533
4 0.878906 160.024 215.457 193.911 218.585 191.976 239.543 158.089 236.415
3 0.876953 417.023 15.5052 500.345 25.6522 496.977 53.3073 413.655 43.1603
2 0.875977 373.825 339.412 555.395 363.222 551.675 391.588 370.105 367.778
2 0.867188 343.691 540.066 423.852 548.707 420.809 576.934 340.648 568.293
2 0.861328 377.736 294.291 561.023 321.192 556.764 350.209 373.477 323.308
2 0.858887 391.464 257.998 525.369 277.022 521.536 304.002 387.631 284.978
2 0.84375 357.216 475.178 439.09 486.298 435.284 514.322 353.41 503.202
3 0.798828 621.184 306.971 628.28 279.514 643.816 283.529 636.72 310.986
0 0.729004 196.217 431.13 251.965 436.103 249.533 463.37 193.785 458.397
3 0.724121 584.454 464.937 640.172 468.189 638.546 496.063 582.828 492.811
3 0.712402 419.055 -3.09315 497.367 -3.45354 497.445 13.4994 419.133 13.8598
2 0.66748 255.063 58.326 302.982 64.2361 299.937 88.924 252.018 83.0139
2 0.625 423.235 -3.16835 497.542 -4.08028 497.765 14.1371 423.458 15.049
2 0.523438 263.841 -0.55112 311.185 -0.405871 311.159 8.04721 263.815 7.90197
2 0.513672 622.406 412.741 651.847 426.943 647.594 435.759 618.153 421.557
2 0.342529 630.672 441.109 630.672 407.891 639.328 407.891 639.328 441.109
