4 0.958008 324.429 171.074 361.175 198.59 347.071 217.426 310.325 189.91
4 0.956055 344.477 149.758 380.961 177.517 366.523 196.492 330.039 168.733
4 0.951172 305.639 192.087 341.6 219.448 327.361 238.163 291.4 210.802
2 0.949219 178.391 301.585 227.205 346.376 208.359 366.915 159.545 322.124
4 0.948242 362.216 128.354 398.8 156.905 383.784 176.146 347.2 147.595
3 0.945312 526.824 173.157 571.665 209.499 555.176 229.843 510.335 193.501
4 0.945312 135.887 371.336 172.002 399.166 157.363 418.164 121.248 390.334
4 0.942383 117.964 393.369 152.072 422.338 136.536 440.631 102.428 411.662
3 0.94043 502.814 198.315 547.852 234.361 531.186 255.185 486.148 219.139
2 0.938477 424.384 34.448 473.653 74.7556 455.616 96.802 406.347 56.4944
2 0.9375 328.832 394.057 386.575 455.835 366.668 474.443 308.925 412.665
4 0.9375 399.341 90.9141 434.194 118.027 419.659 136.711 384.806 109.598
3 0.931641 550.861 147.234 609.041 197.577 591.139 218.266 532.959 167.923
4 0.931641 49.7772 466.488 86.3785 493.201 72.2853 512.512 35.684 485.799
4 0.929688 71.3465 441.443 107.334 470.246 92.2785 489.057 56.2913 460.254
4 0.923828 416.162 69.5139 454.121 98.1202 439.338 117.736 401.379 89.1298
2 0.920898 358.248 365.774 487.443 488.4 466.252 510.726 337.057 388.1
3 0.916992 434.016 281.803 489.556 340.678 470.984 358.197 415.444 299.322
2 0.900391 411.254 305.817 513.487 399.625 493.246 421.683 391.013 327.875
2 0.898438 380.591 326.822 450.994 400.542 429.909 420.678 359.506 346.958
3 0.886719 578.467 127.817 640.682 184.904 622.533 204.683 560.318 147.596
4 0.885742 249.377 142.165 274.744 163.71 260.623 180.335 235.256 158.79
2 0.883789 259.097 466.4 348.366 547.06 328.903 568.6 239.634 487.94
2 0.882812 154.623 339.763 199.151 374.184 182.877 395.237 138.349 360.816
2 0.864258 443.303 598.267 510.824 618.976 501.697 648.733 434.176 628.024
3 0.850586 627.157 83.0859 648.861 126.703 628.843 136.664 607.139 93.047
2 0.834473 210.14 510.377 299.877 589.481 280.36 611.623 190.623 532.519
0 0.789062 153.541 340.186 200.504 375.016 184.709 396.314 137.746 361.484
3 0.787109 579.589 466.012 612.644 471.643 608.411 496.488 575.356 490.857
3 0.743652 601.225 102.94 648.381 156.934 630.775 172.31 583.619 118.316
3 0.736328 407.222 311.307 516.219 399.368 497.778 422.193 388.781 334.132
2 0.702637 396.035 623.741 429.565 623.947 429.465 640.259 395.935 640.053
2 0.634277 599.059 102.634 648.197 155.857 631.941 170.866 582.803 117.643
4 0.589844 8.28291 420.304 15.3594 447.152 1.9124 450.696 -5.1641 423.848
