4 0.931641 224.712 205.136 269.68 205.412 269.538 228.614 224.57 228.338
4 0.929688 225.997 176.43 270.214 176.837 270.003 199.82 225.786 199.413
4 0.928711 224.171 149.34 269.435 148.09 270.079 171.41 224.815 172.66
4 0.919922 218.859 480.742 263.391 480.742 263.391 503.758 218.859 503.758
4 0.918945 219.639 510.523 263.136 511.057 262.861 533.477 219.364 532.943
4 0.917969 225.27 232.963 269.801 233.1 269.73 256.287 225.199 256.15
2 0.917969 204.13 400.807 268.43 402.089 267.87 430.193 203.57 428.911
4 0.912109 216.295 575.447 263.722 576.465 263.205 600.553 215.778 599.535
4 0.911133 226.547 95.4864 269.951 95.9525 269.703 119.014 226.299 118.548
4 0.908203 218.918 608.702 262.602 609.238 262.332 631.298 218.648 630.762
2 0.90625 205.222 35.9391 272.668 38.6305 271.528 67.1859 204.082 64.4945
2 0.899414 211.076 445.831 266.376 444.643 266.924 470.169 211.624 471.357
3 0.897461 376.821 105.92 433.719 104.959 434.179 132.205 377.281 133.166
3 0.896484 377.79 69.5838 435.455 71.1765 434.71 98.1662 377.045 96.5735
4 0.894531 222.62 68.4334 271.994 68.6606 271.88 93.4416 222.506 93.2144
3 0.87793 377.833 36.6777 454.695 38.0928 454.167 66.8223 377.305 65.4072
2 0.874023 376.484 368.658 459.482 374.268 457.516 403.342 374.518 397.732
2 0.863281 379.831 250.558 517.403 254.358 516.669 280.942 379.097 277.142
2 0.858398 376.827 329.445 563.682 339.486 562.173 367.555 375.318 357.514
3 0.857422 382.4 5.17527 456.516 6.31229 456.1 33.4185 381.984 32.2815
3 0.856445 377.982 213.408 460.669 221.296 458.018 249.092 375.331 241.204
4 0.854004 211.076 445.863 265.394 444.196 266.174 469.637 211.856 471.304
2 0.853027 380.147 286.439 568.795 295.706 567.353 325.061 378.705 315.794
2 0.847168 371.597 534.875 449.896 536.317 449.403 563.125 371.104 561.683
2 0.84082 376.382 469.436 456.618 470.913 456.118 498.064 375.882 496.587
2 0.832031 600.412 429.91 638.965 429.081 639.588 458.09 601.035 458.919
3 0.775391 615.959 246.27 641.498 245.643 642.041 267.73 616.502 268.357
4 0.744629 600.475 431.475 640.443 431.353 640.525 458.025 600.557 458.147
4 0.736328 221.409 632.885 260.033 632.588 260.091 640.115 221.467 640.412
3 0.511719 600.922 431.071 640.278 429.863 641.078 455.929 601.722 457.137
0 0.492188 211.741 445.878 266.381 444.536 267.009 470.122 212.369 471.464
