4 0.924805 433.184 218.773 435.198 265.636 409.816 266.727 407.802 219.864
4 0.917969 488.349 216.363 491.636 262.872 466.651 264.637 463.364 218.128
4 0.917969 404.737 220.387 406.311 267.017 381.263 267.863 379.689 221.233
4 0.914062 126.977 224.802 128.77 269.735 104.648 270.698 102.855 225.765
4 0.912109 461.427 218.879 463.699 265.136 438.573 266.371 436.301 220.114
4 0.907227 157.375 222.82 160.232 269.326 134.125 270.93 131.268 224.424
2 0.902344 235.274 206.357 237.812 269.963 208.226 271.143 205.688 207.537
2 0.898438 171.041 378.311 173.449 465.465 147.209 466.189 144.801 379.035
2 0.896484 241.93 460.06 244.269 375.655 272.57 376.44 270.231 460.845
4 0.895508 538.353 216.029 548.061 259.264 522.647 264.971 512.939 221.736
4 0.892578 29.4583 227.701 31.6541 272.397 8.19797 273.549 6.00219 228.853
2 0.890625 599.35 198.063 601.431 259.715 572.65 260.687 570.569 199.035
4 0.885742 61.1182 225.498 63.3676 271.287 38.6318 272.502 36.3824 226.713
3 0.883789 571.369 369.26 573.394 424.254 546.631 425.24 544.606 370.246
3 0.880859 603.672 368.89 605.925 442.293 579.328 443.11 577.075 369.707
4 0.880859 569.228 215.343 572.193 263.596 546.772 265.157 543.807 216.904
2 0.878906 105.897 376.227 108.171 458.57 82.7279 459.273 80.4537 376.93
4 0.876953 397.265 144.841 401.787 178.917 379.235 181.909 374.713 147.833
2 0.875977 193.256 214.961 195.871 271.744 167.744 273.039 165.129 216.256
0 0.873047 192.633 215.336 196.382 270.804 168.867 272.664 165.118 217.196
2 0.866211 190.114 608.035 222.736 608.436 222.386 636.965 189.764 636.564
3 0.864746 423.845 373.683 424.622 458.055 396.155 458.317 395.378 373.945
3 0.855469 533.919 367.189 538.133 424.315 511.081 426.311 506.867 369.185
3 0.845703 636.933 370.212 638.748 454.693 611.067 455.288 609.252 370.807
2 0.84375 284.162 371.96 340.879 549.102 309.838 559.04 253.121 381.898
3 0.839844 394.249 372.795 399.228 507.953 365.251 509.205 360.272 374.047
2 0.830078 334.955 364.488 372.291 447.682 347.045 459.012 309.709 375.818
4 0.821289 198.178 603.261 227.256 619.324 214.322 642.739 185.244 626.676
3 0.816406 378.825 614.477 409.083 613.78 409.675 639.523 379.417 640.22
2 0.81543 356.095 360.071 356.749 573.32 320.905 573.43 320.251 360.18
2 0.800781 237.56 386.75 378.683 511.151 357.44 535.25 216.317 410.849
4 0.760254 6.88736 232.582 7.01104 272.895 -0.42252 272.918 -0.546196 232.605
2 0.640137 395.998 374.43 398.186 517.038 363.502 517.57 361.314 374.962
4 0.515625 192.216 214.94 196.002 270.937 168.284 272.81 164.498 216.813
