4 0.943359 466.131 187.266 476.527 232.268 452.869 237.734 442.473 192.732
4 0.939453 412.417 199.764 421.731 245.131 398.083 249.986 388.769 204.619
2 0.938477 215.726 224.478 228.878 287.559 200.274 293.522 187.122 230.441
4 0.935547 385.071 206.589 393.423 251.443 369.429 255.911 361.077 211.057
4 0.932617 440.413 194.99 449.201 239.888 425.587 244.51 416.799 199.612
4 0.924805 113.67 264.028 121.53 307.733 97.9551 311.972 90.095 268.267
2 0.923828 573.798 145.949 584.713 208.853 556.202 213.801 545.287 150.897
0 0.923828 176.093 242.672 187.848 296.561 161.407 302.328 149.652 248.439
4 0.914062 19.889 286.259 25.456 330.283 2.06417 333.241 -3.50289 289.217
4 0.912109 519.34 177.86 527.514 221.762 502.66 226.39 494.486 182.488
4 0.910156 546.013 170.657 555.689 216.363 530.987 221.593 521.311 175.887
4 0.90918 48.3114 276.973 58.8534 321.363 35.0011 327.027 24.4591 282.637
2 0.908203 285.244 386.172 295.328 467.927 267.756 471.328 257.672 389.573
4 0.908203 142.865 257.098 151.992 300.876 127.885 305.902 118.758 262.124
3 0.901367 435.379 355.402 446.103 434.365 418.621 438.098 407.897 359.135
3 0.898438 577.302 323.287 586.844 374.531 561.698 379.213 552.156 327.969
2 0.886719 121.169 416.066 137.664 495.178 112.456 500.434 95.9613 421.322
2 0.885742 611.67 315.963 622.069 386.071 595.33 390.037 584.931 319.929
4 0.883789 365.097 134.393 370.76 167.633 348.903 171.357 343.24 138.117
2 0.883789 185.161 405.63 203.098 491.655 178.089 496.87 160.152 410.845
2 0.879883 323.29 375.542 361.703 551.652 328.21 558.958 289.797 382.848
2 0.869141 362.713 363.519 380.024 453.43 353.787 458.481 336.476 368.57
2 0.863281 643.774 314.749 645.608 381.161 624.226 381.751 622.392 315.339
2 0.863281 400.936 359.705 431.06 486.552 400.564 493.795 370.44 366.948
2 0.848633 361.11 356.441 402.766 553.205 370.39 560.059 328.734 363.295
4 0.847168 98.2432 187.252 105.395 227.02 81.8818 231.248 74.7298 191.48
3 0.810059 542.198 327.559 553.372 381.986 526.802 387.441 515.628 333.014
2 0.804688 251.997 621.37 280.102 620.853 280.503 642.63 252.398 643.147
3 0.709473 610.881 315.621 622.516 386.548 596.119 390.879 584.484 319.952
2 0.626953 198.508 623.425 225.93 623.341 225.992 643.575 198.57 643.659
2 0.610352 542.489 327.415 554.526 381.018 527.511 387.085 515.474 333.482
4 0.605957 176.351 242.239 188.031 296.591 161.649 302.261 149.969 247.908
3 0.563477 400.297 361.726 429.836 482.8 399.203 490.274 369.664 369.2
0 0.355225 541.018 327.513 553.768 381.946 527.982 387.987 515.232 333.554
4 0.342773 216.828 224.859 228.344 288.894 199.172 294.141 187.656 230.106
