4 0.935547 479.071 202.39 485.505 248.695 460.929 252.11 454.495 205.805
4 0.93457 423.847 209.888 429.223 255.793 405.153 258.612 399.777 212.707
4 0.929688 396.2 213.705 400.827 259.252 375.8 261.795 371.173 216.248
4 0.928711 452.804 207.917 457.447 253.619 433.196 256.083 428.553 210.381
4 0.918945 149.331 238.166 155.492 283.531 131.169 286.834 125.008 241.469
2 0.917969 226.174 214.142 232.838 277.794 203.576 280.858 196.912 217.206
4 0.915039 120.04 242.456 124.702 286.993 100.335 289.544 95.6727 245.007
4 0.905273 532.099 199.799 536.508 243.201 511.901 245.701 507.492 202.299
4 0.904297 559.729 194.41 566.025 243.003 540.271 246.34 533.975 197.747
0 0.904297 183.959 226.951 191.118 283.562 163.541 287.049 156.382 230.438
4 0.902344 23.8867 254.059 27.445 298.573 4.08204 300.441 0.523729 255.927
2 0.893555 276.656 380.502 281.746 463.346 254.844 464.998 249.754 382.154
2 0.890625 589.308 173.213 595.421 237.297 566.692 240.037 560.579 175.953
3 0.889648 538.747 349.851 546.142 405.581 519.253 409.149 511.858 353.419
2 0.886719 112.612 393.952 120.2 476.165 94.388 478.548 86.7998 396.335
3 0.885742 575.5 351.12 580.84 402.122 554.5 404.88 549.16 353.878
4 0.885742 384.088 140.15 387.557 173.282 365.412 175.6 361.943 142.468
4 0.884766 54.9349 248.395 60.627 294.545 35.8151 297.605 30.123 251.455
3 0.871582 429.694 365.986 434.63 446.335 407.306 448.014 402.37 367.665
2 0.869141 177.779 392.045 185.465 478.203 160.221 480.455 152.535 394.297
2 0.858887 640.321 344.605 643.579 420.41 620.679 421.395 617.421 345.59
2 0.854004 610.172 347.592 614.479 417.71 586.828 419.408 582.521 349.29
2 0.851562 319.134 373.771 333.666 555.567 300.366 558.229 285.834 376.433
3 0.845703 609.367 346.883 614.622 418.127 587.633 420.117 582.378 348.873
2 0.842285 399.522 366.813 414.967 506.084 382.478 509.687 367.033 370.416
2 0.837891 360.153 358.386 378.268 561.454 342.847 564.614 324.732 361.546
2 0.810059 219.157 614.487 248.173 614.576 248.093 640.513 219.077 640.424
3 0.746094 454.738 361.964 462.077 424.63 437.262 427.536 429.923 364.87
3 0.728027 405.453 608.239 438.091 612.672 434.547 638.761 401.909 634.328
4 0.693848 184.164 226.887 192.089 282.67 164.336 286.613 156.411 230.83
4 0.653809 12.7694 180.394 12.9957 204.987 0.058764 205.106 -0.167591 180.513
4 0.412842 405.062 608.669 438.093 612.743 434.938 638.331 401.907 634.257
0 0.344727 13.0274 179.775 13.1053 205.181 -1.0899 205.225 -1.16785 179.819
