4 0.945312 257.539 185.279 300.421 194.564 295.461 217.471 252.579 208.186
4 0.943359 270.548 131.128 315.31 139.462 310.952 162.872 266.19 154.538
4 0.943359 264.92 158.132 309.052 166.77 304.58 189.618 260.448 180.98
4 0.942383 172.852 478.612 215.646 488.29 210.648 510.388 167.854 500.71
4 0.938477 249.664 212.529 293.199 221.746 288.336 244.721 244.801 235.504
4 0.9375 145.931 573.073 190.323 582.471 185.569 604.927 141.177 595.529
4 0.9375 180.254 449.246 224.709 459.372 219.496 482.254 175.041 472.128
2 0.93457 283.365 17.834 344.713 34.1042 337.635 60.791 276.287 44.5208
4 0.93457 287.613 79.6533 329.964 89.986 324.387 112.847 282.036 102.514
4 0.932617 153.299 541.275 199.335 550.432 194.701 573.725 148.665 564.568
2 0.932617 186.322 369.714 249.215 385.879 242.428 412.286 179.535 396.121
4 0.921875 290.638 52.7922 338.38 63.8213 332.862 87.7078 285.12 76.6787
2 0.916016 360.647 382.65 440.54 409.588 431.853 435.35 351.96 408.412
3 0.914062 425.99 129.093 484.229 140.491 479.01 167.157 420.771 155.759
3 0.904297 460.145 32.7288 541.673 54.2171 534.855 80.0837 453.327 58.5954
3 0.902344 450.442 60.8522 522.394 80.4081 515.058 107.398 443.106 87.8419
3 0.900391 401.149 234.438 479.829 258.833 471.851 284.562 393.171 260.167
3 0.898438 439.049 94.2797 495.517 108.057 488.951 134.97 432.483 121.193
4 0.898438 181.696 413.238 236.066 424.226 230.804 450.262 176.434 439.274
2 0.898438 561.489 499.125 642.416 517.558 635.511 547.875 554.584 529.442
2 0.893555 311.337 541.109 389.243 560.624 382.663 586.891 304.757 567.376
2 0.883789 367.967 345.869 547.531 394.376 540.033 422.131 360.469 373.624
2 0.883789 391.798 269.789 530.391 304.505 523.702 331.211 385.109 296.495
3 0.873047 469.037 1.77705 547.05 20.0513 540.963 46.0355 462.95 27.7612
2 0.869141 375.146 303.956 558.671 355.958 550.854 383.544 367.329 331.542
2 0.868164 334.574 478.89 417.659 501.335 410.426 528.11 327.341 505.665
2 0.845703 613.792 456.766 644.633 455.013 646.208 482.734 615.367 484.487
3 0.796875 620.08 349.517 627.631 322.392 645.92 327.483 638.369 354.608
0 0.773926 181.668 412.759 236.911 425.61 230.832 451.741 175.589 438.89
3 0.716797 487.337 -2.5817 551.523 -3.07401 551.663 15.1286 487.477 15.6209
2 0.649902 181.912 413.341 236.594 425.708 230.838 451.159 176.156 438.792
2 0.559082 315.107 -0.631088 357.48 -0.306078 357.393 11.053 315.02 10.728
2 0.376953 469.41 4.80701 542.613 20.5391 537.59 43.9117 464.387 28.1796
