4 0.955078 285.032 152.511 328.52 165.995 321.468 188.739 277.98 175.255
4 0.949219 273.841 179.028 317.169 192.608 310.159 214.972 266.831 201.392
4 0.946289 293.822 126.555 337.711 140.015 330.678 162.945 286.789 149.485
4 0.943359 154.938 459.476 196.116 473.784 188.562 495.524 147.384 481.216
4 0.943359 164.847 431.061 208.466 445.768 200.653 468.939 157.034 454.232
4 0.94043 262.968 205.232 305.352 218.16 298.532 240.518 256.148 227.59
2 0.939453 320.14 16.0701 380.563 38.6358 370.86 64.6174 310.437 42.0517
4 0.9375 315.824 77.6743 358.395 91.1607 351.176 113.951 308.605 100.464
2 0.93457 181.867 352.316 242.408 375.456 232.383 401.684 171.842 378.544
4 0.933594 116.203 549.821 159.953 563.828 152.797 586.179 109.047 572.172
4 0.932617 126.571 519.306 171.614 534.187 164.179 556.694 119.136 541.813
3 0.927734 463.212 110.947 519.475 130.303 510.788 155.553 454.525 136.197
2 0.923828 351.703 387.763 429.449 421.656 418.297 447.237 340.551 413.344
4 0.923828 322.596 51.3291 370.204 66.8139 362.404 90.7959 314.796 75.3111
2 0.917969 321.708 51.3411 370.805 67.8953 362.792 91.6589 313.695 75.1047
3 0.917969 412.876 244.118 487.575 280.011 475.624 304.882 400.925 268.989
3 0.917969 448.733 144.775 504.143 160.935 496.767 186.225 441.357 170.065
3 0.914062 477.454 79.1262 550.054 107.644 540.046 133.124 467.446 104.606
2 0.904297 539.824 526.907 647.223 568.714 636.176 597.093 528.777 555.286
2 0.901367 284.034 538.254 359.418 566.671 349.966 591.746 274.582 563.329
3 0.901367 494.142 52.7203 561.726 78.7902 552.858 101.78 485.274 75.7098
3 0.898438 505.304 24.0935 583.021 50.8299 574.696 75.0315 496.978 48.2951
2 0.895508 398.97 278.587 531.88 330.325 521.53 356.913 388.62 305.175
2 0.890625 364.933 351.508 537.287 420.434 526.067 448.492 353.713 379.566
2 0.882812 603.188 486.745 650.657 505.898 638.812 535.255 591.343 516.102
2 0.873047 370.358 311.217 554.258 381.508 543.642 409.283 359.742 338.992
3 0.865723 513.921 -2.41678 595.5 22.33 588.079 46.7918 506.5 22.045
4 0.864746 171.795 395.803 225.47 412.626 217.455 438.197 163.78 421.374
0 0.864258 171.563 395.408 226.377 414.078 217.687 439.592 162.873 420.922
3 0.861328 615.047 368.136 641.697 364.433 644.953 387.864 618.303 391.567
2 0.84375 313.549 478.965 410.864 518.229 400.451 544.035 303.136 504.771
2 0.824219 171.847 395.755 225.708 412.818 217.653 438.245 163.792 421.182
2 0.763672 352.56 -5.38953 398.862 -4.39501 398.44 15.2255 352.138 14.2309
3 0.757812 591.289 -2.44194 632.534 3.61163 628.711 29.6607 587.466 23.6071
4 0.71875 141.235 626.516 170.875 626.243 171.015 641.484 141.375 641.757
3 0.666504 397.769 278.946 472.452 304.895 464.231 328.554 389.548 302.605
4 0.62207 350.563 -3.30352 394.388 -2.02584 393.937 13.4598 350.112 12.1821
2 0.527832 140.291 624.19 172.118 624.483 171.959 641.81 140.132 641.517
3 0.438477 397.647 280.376 505.411 323.472 494.353 351.124 386.589 308.028
