4 0.958008 330.614 170.849 365.355 201.19 349.886 218.901 315.145 188.56
4 0.956055 351.15 149.867 385.889 180.966 369.85 198.883 335.111 167.784
4 0.953125 369.194 129.58 403.817 160.479 387.806 178.42 353.183 147.521
4 0.951172 310.425 190.973 345.668 220.535 330.575 238.527 295.332 208.965
2 0.949219 180.449 296.773 226.439 343.762 206.551 363.227 160.561 316.238
4 0.948242 114.346 386.27 148.294 415.283 132.529 433.73 98.581 404.717
4 0.945312 407.737 93.5629 441.204 122.702 425.763 140.437 392.296 111.298
4 0.945312 134.879 364.921 169.623 394.155 154.121 412.579 119.377 383.345
2 0.935547 436.491 39.0815 481.017 81.866 461.509 102.169 416.983 59.384
2 0.93457 326.345 393.578 381.108 458.258 359.655 476.422 304.892 411.742
3 0.931641 559.308 156.237 614.061 209.663 594.692 229.513 539.939 176.087
3 0.931641 505.769 206.382 550.512 241.189 534.231 262.118 489.488 227.311
4 0.928711 426.251 71.9175 461.851 103.788 445.249 122.333 409.649 90.4624
4 0.927734 45.6648 456.529 81.0783 485.592 65.5852 504.471 30.1717 475.408
3 0.926758 533.27 178.979 575.34 219.404 556.73 238.771 514.66 198.346
3 0.924805 435.994 285.684 488.742 346.08 469.006 363.316 416.258 302.92
2 0.923828 357.114 367.806 481.185 496.136 458.886 517.694 334.815 389.364
4 0.923828 68.0628 432.462 103.368 463.297 87.4372 481.538 52.1316 450.703
0 0.899414 154.069 333.87 197.612 370.508 180.681 390.63 137.138 353.992
2 0.898438 408.852 310.341 509.889 405.07 489.648 426.659 388.611 331.93
2 0.87207 255.796 464.835 331.612 543.495 311.204 563.165 235.388 484.505
2 0.867188 431.899 604.159 495.315 620.044 488.101 648.841 424.685 632.956
4 0.866211 258.038 139.404 280.017 164.727 263.462 179.096 241.483 153.773
2 0.860352 205.76 508.034 295.648 591.536 275.74 612.966 185.852 529.464
2 0.84375 511.146 583.661 570.331 616.117 554.854 644.339 495.669 611.883
2 0.826172 373.702 328.739 455.932 409.222 437.298 428.261 355.068 347.778
2 0.814453 155.066 333.592 197.464 371.548 179.684 391.408 137.286 353.452
3 0.78125 609.113 111.283 647.38 164.056 628.887 177.467 590.62 124.694
2 0.747559 388.176 624.783 419.093 625.305 418.824 641.217 387.907 640.695
3 0.745605 630.371 92.7258 649.61 128.719 629.629 139.399 610.39 103.406
2 0.712891 427.508 72.9887 461.195 105.359 443.992 123.261 410.305 90.8914
3 0.685547 405.717 312.714 514.175 407.438 493.783 430.786 385.325 336.062
2 0.649902 607.994 112.535 646.578 161.664 629.006 175.465 590.422 126.336
2 0.647949 636.42 92.9708 649.143 131.486 628.58 138.279 615.857 99.764
