4 0.951172 301.231 172.657 340.862 193.84 329.769 214.593 290.138 193.41
4 0.951172 316.894 148.581 357.115 169.449 346.106 190.669 305.885 169.801
2 0.951172 177.451 325.01 232.526 359.415 217.799 382.99 162.724 348.585
4 0.949219 285.027 196.487 325.1 216.89 314.473 237.763 274.4 217.36
4 0.949219 330.93 124.975 371.867 145.818 361.07 167.025 320.133 146.182
4 0.945312 130.9 425.519 169.278 446.261 158.35 466.481 119.972 445.739
4 0.942383 146.096 400.156 186.23 421.057 175.404 441.844 135.27 420.943
2 0.938477 340.365 391.702 406.438 443.266 389.635 464.798 323.562 413.234
4 0.9375 75.2029 507.602 116.093 527.56 105.922 548.398 65.0324 528.44
4 0.9375 362.486 81.0343 401.639 102.898 390.014 123.716 350.861 101.852
4 0.932617 92.2299 479.374 133.565 500.261 122.77 521.626 81.4346 500.739
3 0.931641 480.867 172.445 531.395 198.759 519.133 222.305 468.605 195.991
3 0.931641 502.073 142.297 552.282 171.456 538.927 194.453 488.718 165.294
0 0.928711 158.663 366.397 208.63 393.104 196.337 416.103 146.37 389.396
2 0.925781 376.965 20.6406 433.933 53.8427 419.535 78.5469 362.567 45.3448
3 0.925781 425.129 264.295 490.867 313.206 474.871 334.705 409.133 285.794
4 0.921875 375.303 56.8616 417.943 79.906 406.197 101.638 363.557 78.594
3 0.919922 523.395 114.274 586.398 154.035 571.605 177.476 508.602 137.715
2 0.912109 363.857 360.122 510.992 460.075 494.143 484.878 347.008 384.925
2 0.907227 404.802 296.781 523.252 369.518 508.698 393.219 390.248 320.482
3 0.904297 541.439 90.7788 607.743 129.559 594.561 152.096 528.257 113.316
3 0.898438 557.902 64.1073 629.635 106.357 617.098 127.643 545.365 85.3926
2 0.883789 280.593 474.069 384.246 539.707 368.907 563.931 265.254 498.293
2 0.880859 376.587 322.077 538.308 430.135 522.413 453.923 360.692 345.865
2 0.879883 488.877 570.737 599.128 617.798 586.123 648.263 475.872 601.202
2 0.864746 242.594 528.358 323.831 577.729 309.906 600.642 228.669 551.271
3 0.860352 571.745 39.5373 644.531 77.3015 632.255 100.963 559.469 63.1985
2 0.857422 382.581 322.576 514.077 408.124 498.919 431.424 367.423 345.876
2 0.78418 375.301 57.6203 417.79 79.7482 406.199 102.005 363.71 79.8768
3 0.770996 602.727 421.34 633.993 424.468 631.273 451.66 600.007 448.532
2 0.697266 402.69 293.76 477.815 338.008 465.31 359.24 390.185 314.992
4 0.648926 159.468 364.727 209.021 393.709 195.532 416.773 145.979 387.791
2 0.402344 -5.73646 506.217 20.8304 511.289 17.299 529.783 -9.2679 524.711
4 0.349609 -8.24519 507.864 19.6905 510.529 18.0108 528.136 -9.92486 525.471
