4 0.935547 422.026 208.213 427.65 253.805 403.474 256.787 397.85 211.195
4 0.933594 118.514 246.357 123.668 290.369 99.9862 293.143 94.8319 249.131
4 0.931641 477.486 199.661 484.049 245.853 459.514 249.339 452.951 203.147
4 0.926758 394.922 212.472 399.144 258.215 374.078 260.528 369.856 214.785
4 0.925781 451.276 205.541 456.663 251.539 431.724 254.459 426.337 208.461
2 0.918945 223.965 216.289 232.064 278.797 203.785 282.461 195.686 219.953
4 0.90918 22.9291 260.065 26.4525 304.143 4.02406 305.935 0.500607 261.857
4 0.907227 147.725 241.678 154.394 285.707 130.525 289.322 123.856 245.293
4 0.90625 556.999 189.696 564.64 237.179 539.001 241.304 531.36 193.821
0 0.905273 182.458 229.035 190.822 285.418 163.542 289.465 155.178 233.082
4 0.904297 530.957 195.572 535.505 240.341 510.043 242.928 505.495 198.159
2 0.902344 278.219 381.759 285.287 463.83 257.281 466.241 250.213 384.17
2 0.902344 585.155 168.567 593.36 230.4 564.845 234.183 556.64 172.35
4 0.896484 54.0298 254.179 59.5994 299.337 35.4077 302.321 29.8381 257.163
3 0.895508 575.274 345.396 582.135 397.099 555.726 400.604 548.865 348.901
2 0.888672 180.128 394.705 187.308 478.083 161.622 480.295 154.442 396.917
3 0.888672 539.558 346.238 548.048 401.148 521.442 405.262 512.952 350.352
2 0.886719 113.937 398.432 123.622 476.962 98.4383 480.068 88.7525 401.538
4 0.885742 381.009 138.982 383.75 173.279 361.991 175.018 359.25 140.721
3 0.876953 609.804 339.729 616.618 411.155 589.196 413.771 582.382 342.345
3 0.875 430.332 362.206 435.825 443.458 408.668 445.294 403.175 364.042
2 0.867188 396.957 361.504 418.523 503.879 388.043 508.496 366.477 366.121
2 0.849609 360.059 365.047 369.742 457.542 341.941 460.453 332.258 367.958
2 0.847168 319.34 373.373 337.773 554.814 305.16 558.127 286.727 376.686
2 0.831543 360.458 360.753 381.23 559.168 347.042 562.747 326.27 364.332
2 0.819336 641.299 337.895 644.076 413.281 621.701 414.105 618.924 338.719
2 0.791016 224.135 615.677 252.586 615.371 252.865 641.323 224.414 641.629
4 0.747559 10.0586 186.178 10.3625 210.942 -0.261706 211.072 -0.565619 186.308
2 0.703125 182.243 229.079 191.253 285.077 164.257 289.421 155.247 233.423
3 0.618164 640.736 339.178 643.48 407.936 621.264 408.822 618.52 340.064
3 0.376709 224.189 616.022 252.579 615.76 252.811 640.978 224.421 641.24
