4 0.941406 468.621 189.109 478.424 234.724 454.379 239.891 444.576 194.276
4 0.9375 386.89 207.624 394.626 252.208 370.61 256.375 362.874 211.792
4 0.9375 442.87 196.955 451.23 242.634 427.13 247.045 418.77 201.366
2 0.93457 217.92 222.382 229.61 286.259 200.33 291.618 188.64 227.741
4 0.933594 414.493 201.405 422.751 247.325 399.007 251.595 390.749 205.675
2 0.928711 574.868 149.798 586.35 212.537 558.132 217.702 546.65 154.963
4 0.927734 114.26 260.388 122.405 304.136 98.3651 308.612 90.2199 264.864
0 0.921875 177.189 239.518 188.883 293.132 162.061 298.982 150.367 245.368
4 0.917969 547.129 173.833 557.884 220.388 532.871 226.167 522.116 179.612
4 0.914062 20.2396 280.73 25.2943 325.068 1.58851 327.77 -3.46621 283.432
2 0.912109 282.949 384.682 294.234 465.902 266.051 469.818 254.766 388.598
4 0.90918 522.282 181.565 529.385 225.716 504.718 229.685 497.614 185.534
3 0.90918 577.657 325.956 586.634 379.648 560.343 384.044 551.366 330.352
4 0.908203 50.378 273.092 58.5015 317.48 34.3095 321.908 26.186 277.52
4 0.907227 143.692 253.481 152.331 298.345 128.058 303.018 119.42 258.155
3 0.901367 610.899 319.886 621.815 390.484 595.101 394.614 584.185 324.016
3 0.892578 541.666 332.171 552.402 386.144 526.334 391.329 515.598 337.356
4 0.890625 368.827 135.704 373.018 168.847 351.673 171.546 347.482 138.403
3 0.884766 434.352 357.22 444.349 436.277 416.648 439.78 406.651 360.723
2 0.883789 322.056 375.546 358.657 553.828 323.944 560.954 287.343 382.672
2 0.870605 184.272 405.17 199.178 485.231 174.478 489.83 159.572 409.769
2 0.866211 362.491 361.155 378.603 455.73 351.509 460.345 335.397 365.77
2 0.858887 119.14 412.898 134.268 492.791 108.86 497.602 93.7318 417.709
4 0.858398 389.144 129.522 402.501 156.89 382.856 166.478 369.499 139.11
2 0.84375 400.699 360.652 427.339 486.489 397.301 492.848 370.661 367.011
2 0.842285 359.873 358.596 397.9 556.094 365.127 562.404 327.1 364.906
2 0.791992 246.72 621.174 273.872 620.674 274.28 642.826 247.128 643.326
2 0.757324 643.064 318.066 644.991 387.852 623.936 388.434 622.009 318.648
2 0.690918 191.051 619.044 218.269 619.128 218.199 641.956 190.981 641.872
3 0.623535 400.221 363.865 425.087 481.324 395.279 487.635 370.413 370.176
3 0.478516 642.296 318.533 643.326 385.65 622.704 385.967 621.674 318.85
