4 0.931641 486.6 213.742 490.574 259.883 465.9 262.008 461.926 215.867
4 0.923828 431.558 216.943 433.697 263.394 408.442 264.557 406.303 218.106
4 0.914062 125.079 228.613 128.323 272.587 103.921 274.387 100.677 230.413
4 0.914062 403.227 218.709 405.203 264.698 379.773 265.791 377.797 219.802
4 0.912109 460.517 216.812 463.085 263.273 437.483 264.688 434.915 218.227
2 0.908203 232.769 208.292 236.296 272.101 207.231 273.708 203.704 209.899
4 0.904297 155.295 226.059 158.923 271.445 133.955 273.441 130.327 228.055
2 0.904297 598.33 191.856 600.097 255.831 570.67 256.644 568.903 192.669
2 0.902344 191.292 216.837 195.311 273.695 167.458 275.663 163.439 218.805
2 0.899414 242.878 460.581 246.302 377.276 274.122 378.419 270.698 461.724
4 0.899414 567.48 211.286 571.509 259.806 545.52 261.964 541.491 213.444
4 0.89502 540.264 214.059 542.334 259.012 516.736 260.191 514.666 215.238
3 0.894531 605.098 363.502 607.358 437.155 579.902 437.998 577.642 364.345
4 0.893555 28.2057 232.804 30.3907 277.281 6.66933 278.446 4.48428 233.969
4 0.884766 59.8804 230.046 62.728 276.396 37.3696 277.954 34.522 231.604
3 0.883789 570.803 365.656 574.766 419.385 548.197 421.344 544.234 367.615
2 0.87793 172.571 382.202 176.374 470.683 150.429 471.798 146.626 383.317
3 0.875 535.072 365.654 539.915 419.939 512.928 422.346 508.085 368.061
4 0.874023 385.771 141.833 403.663 170.671 384.729 182.417 366.837 153.579
2 0.873047 106.928 379.417 111.197 466.312 85.3219 467.583 81.053 380.688
3 0.870117 425.363 371.983 426.384 455.164 397.637 455.517 396.616 372.336
2 0.863281 195.117 609.43 228.021 609.026 228.383 638.57 195.479 638.974
2 0.861328 355.408 366.437 357.15 461.046 329.092 461.563 327.35 366.954
2 0.854004 313.301 378.258 315.462 554.37 285.199 554.742 283.038 378.63
3 0.851562 637.694 365.823 638.477 450.945 613.306 451.177 612.523 366.055
2 0.848633 138.046 601.237 176.999 606.771 172.454 638.763 133.501 633.229
3 0.828613 450.748 371.53 453.665 434.869 429.752 435.97 426.835 372.631
3 0.825195 383.803 613.593 414.037 613.407 414.197 639.407 383.963 639.593
3 0.760742 395.277 369.492 401.562 505.973 368.223 507.508 361.938 371.027
0 0.751953 -2.42389 160.879 23.0997 160.253 23.6426 182.371 -1.88092 182.997
4 0.740234 6.71006 241.64 7.4952 278.194 -0.190525 278.36 -0.975671 241.806
4 0.729004 190.102 216.965 195.297 273.257 167.898 275.785 162.703 219.493
0 0.720703 190.519 217.249 195.168 273.244 167.981 275.501 163.332 219.506
4 0.675293 -1.50926 160.152 24.2717 160.27 24.1655 183.348 -1.61547 183.23
4 0.605469 195.509 609.667 228.157 610.419 227.491 639.333 194.843 638.581
2 0.586426 395.007 369.071 400.096 507.228 367.493 508.429 362.404 370.272
