4 0.948242 368.694 198.18 383.386 242.199 359.806 250.07 345.114 206.051
4 0.947266 395.701 188.558 409.565 232.321 386.299 239.692 372.435 195.929
4 0.943359 422.4 179.264 437.531 223.465 414.1 231.486 398.969 187.285
4 0.939453 447.24 168.072 463.267 211.19 439.76 219.928 423.733 176.81
2 0.938477 204.039 239.991 225.561 301.324 197.961 311.009 176.439 249.676
4 0.9375 108.073 292.501 122.375 335.794 99.0521 343.499 84.7501 300.206
4 0.929688 135.326 282.095 151.526 324.479 128.174 333.405 111.974 291.021
4 0.928711 523.081 139.21 539.546 185.228 514.919 194.04 498.454 148.022
4 0.927734 497.78 151.877 511.551 193.995 488.22 201.623 474.449 159.505
2 0.923828 137.005 441.678 164.229 520.813 139.495 529.322 112.271 450.187
3 0.923828 575.869 287.101 591.857 337.566 567.131 345.399 551.143 294.934
3 0.920898 540.157 296.197 558.823 348.365 533.843 357.303 515.177 305.135
2 0.919922 548.015 113.196 566.001 173.15 537.985 181.554 519.999 121.6
0 0.918945 166.51 263.185 186.778 314.784 161.24 324.815 140.972 273.216
2 0.918945 294.443 389.502 316.779 471.191 290.057 478.498 267.721 396.809
4 0.916016 45.4457 315.231 61.8479 358.542 38.8043 367.269 22.4021 323.958
3 0.908203 607.902 272.041 630.467 342.517 604.098 350.959 581.533 280.483
4 0.907227 18.6741 328.082 28.7238 372.202 5.82594 377.418 -4.2238 333.298
2 0.899414 331.122 369.899 395.114 545.343 362.878 557.101 298.886 381.657
2 0.898438 405.055 346.416 456.549 474.044 427.945 485.584 376.451 357.956
2 0.892578 199.433 423.867 227.024 509.139 202.317 517.133 174.726 431.861
3 0.892578 438.174 336.045 462.171 416.936 436.826 424.455 412.829 343.564
2 0.883789 370.26 351.163 434.217 538.945 402.24 549.837 338.283 362.055
4 0.874023 340.276 130.149 348.623 163.044 326.724 168.601 318.377 135.706
2 0.865723 368.581 353.861 401.074 447.377 374.419 456.639 341.926 363.123
4 0.779297 166.408 263.524 186.256 315.454 161.342 324.976 141.494 273.046
3 0.683594 643.465 267.6 645.54 335.194 622.535 335.9 620.46 268.306
4 0.680176 5.95261 353.445 9.41175 378.915 1.02005 380.055 -2.4391 354.585
2 0.630371 522.861 140.524 538.115 185.31 514.139 193.476 498.885 148.69
2 0.507324 293.395 624.106 325.488 623.91 325.605 642.894 293.512 643.09
2 0.477539 166.732 262.39 185.897 315.441 160.518 324.61 141.353 271.559
2 0.454102 642.983 265.994 646.275 337.481 624.017 338.506 620.725 267.019
