4 0.932617 484.905 211.397 489.545 257.068 464.595 259.603 459.955 213.932
4 0.927734 429.622 215.471 432.894 261.761 407.878 263.529 404.606 217.239
4 0.921875 458.292 214.903 461.115 260.848 436.708 262.347 433.885 216.402
4 0.919922 401.825 217.292 404.355 263.066 379.175 264.458 376.645 218.684
2 0.915039 230.446 210.27 234.693 273.095 206.804 274.98 202.557 212.155
4 0.911133 124.067 232.192 126.778 276.328 102.683 277.808 99.9716 233.672
4 0.908203 154.118 229.767 157.694 274.499 132.882 276.483 129.306 231.751
3 0.904297 606.533 360.264 609.183 432.215 581.467 433.236 578.817 361.285
2 0.904297 108.535 383.54 113.141 462.469 87.5904 463.96 82.9843 385.031
4 0.900391 538.464 210.547 540.113 255.298 515.536 256.203 513.887 211.452
2 0.900391 273.732 378.26 274.252 463.071 246.768 463.24 246.248 378.429
2 0.897461 596.072 186.437 600.651 251.213 570.928 253.313 566.349 188.537
4 0.89502 566.324 207.861 570.073 258.692 543.676 260.639 539.927 209.808
4 0.892578 27.0783 238.539 29.2526 282.798 5.57799 283.961 3.40368 239.702
3 0.890625 571.988 360.065 576.365 414.828 550.012 416.935 545.635 362.172
4 0.888672 59.3913 234.743 62.4895 280.576 37.6087 282.257 34.5105 236.424
2 0.880859 173.979 384.073 178.037 466.661 152.271 467.927 148.213 385.339
4 0.878906 391.935 142.868 395.308 176.072 372.565 178.382 369.192 145.178
2 0.875 356.635 366.418 360.065 459.543 331.865 460.582 328.435 367.457
2 0.871582 189.464 219.688 193.698 277.095 167.036 279.062 162.802 221.655
3 0.863281 427.143 370.711 428.152 452.954 400.857 453.289 399.848 371.046
2 0.851562 201.553 611.697 232.865 611.6 232.947 638.303 201.635 638.4
2 0.845703 311.983 374.934 323.144 556.592 291.017 558.566 279.856 376.908
2 0.839844 143.4 604.213 180.749 605.589 179.6 636.787 142.251 635.411
3 0.839355 638.706 361.436 641.605 440.132 616.294 441.064 613.395 362.368
0 0.833496 188.452 219.236 193.912 276.476 167.298 279.014 161.838 221.774
3 0.821289 452.896 369.898 454.903 429.333 432.104 430.102 430.097 370.667
4 0.810547 121.567 154.61 124.043 194.909 99.9325 196.39 97.4567 156.091
3 0.791992 536.89 360.559 541.921 416.96 514.11 419.441 509.079 363.04
2 0.757812 395.109 365.776 403.924 509.256 371.891 511.224 363.076 367.744
3 0.729004 389.294 612.519 419.771 613.174 419.206 639.481 388.729 638.826
0 0.707031 -3.28416 164.198 24.3649 167.35 21.8623 189.302 -5.78674 186.15
3 0.617188 396.116 368.008 403.864 508.169 370.884 509.992 363.136 369.831
2 0.590332 537.26 360.402 542.524 417.441 513.74 420.098 508.476 363.059
4 0.44751 188.939 219.942 194.069 275.519 166.561 278.058 161.431 222.481
4 0.29541 202.371 610.944 232.84 612.628 231.379 639.056 200.91 637.372
