4 0.935547 233.181 199.133 277.799 200.982 276.819 224.617 232.201 222.768
4 0.932617 236.473 143.46 281.822 144.991 281.027 168.54 235.678 167.009
4 0.932617 235.525 170.767 279.867 172.469 278.975 195.733 234.633 194.031
2 0.929688 197.864 392.906 262.66 398.786 260.136 426.594 195.34 420.714
4 0.928711 205.931 503.633 249.802 506.058 248.569 528.367 204.698 525.942
2 0.924805 224.421 28.4551 291.646 35.8058 288.578 63.8574 221.354 56.5067
4 0.923828 198.945 568.023 245.815 570.542 244.555 593.977 197.685 591.458
4 0.923828 230.922 227.484 275.712 229.684 274.578 252.766 229.788 250.566
4 0.920898 198.692 601.368 242.583 603.39 241.558 625.632 197.667 623.61
4 0.912109 242.18 89.8609 285.528 92.1237 284.32 115.264 240.972 113.001
4 0.912109 207.735 473.531 252.596 476.149 251.265 498.969 206.404 496.351
4 0.902344 241.193 61.7891 289.125 65.3248 287.307 89.9609 239.375 86.4252
3 0.898438 394.551 75.3452 452.055 79.9419 449.949 106.28 392.445 101.683
2 0.893555 372.306 372.662 455.718 384.513 451.694 412.838 368.282 400.987
3 0.886719 396.434 41.2643 472.921 47.6146 470.566 75.9857 394.079 69.6354
3 0.883789 391.232 111.665 447.257 113.728 446.268 140.585 390.243 138.522
3 0.880859 405.337 11.0783 474.633 16.4036 472.663 42.0467 403.367 36.7214
4 0.880859 155.767 223.463 189.795 226.762 187.733 248.037 153.705 244.738
3 0.871582 385.648 219.466 465.55 231.569 461.352 259.284 381.45 247.181
2 0.871582 590.645 450.419 639.488 450.644 639.355 479.581 590.512 479.356
2 0.869141 204.298 436.77 258.647 439.273 257.452 465.23 203.103 462.727
2 0.863281 374.739 333.34 556.609 351.253 553.761 380.16 371.891 362.247
2 0.863281 388.875 254.918 522.415 266.005 520.125 293.582 386.585 282.495
2 0.854492 366.359 473.5 447.152 480.832 444.641 508.5 363.848 501.168
2 0.848633 355.813 538.243 435.623 543.761 433.687 571.757 353.877 566.239
2 0.845703 377.203 292.343 573.753 312.92 570.797 341.157 374.247 320.58
0 0.839844 203.283 437.931 258.124 439.866 257.217 465.569 202.376 463.634
3 0.791992 615.317 275.814 640.508 266.495 646.683 283.186 621.492 292.505
4 0.762207 201.629 437.243 258.003 439.147 257.121 465.257 200.747 463.353
3 0.708496 413.483 -1.30705 485.917 -1.97374 486.017 8.92423 413.583 9.59093
4 0.588379 246.221 -1.90906 295.935 -1.22267 295.779 10.0809 246.065 9.39455
2 0.439453 244.049 -0.922732 294.017 -0.616129 293.951 10.0477 243.983 9.74113
