4 0.958008 341.295 149.623 378.643 176.531 364.705 195.877 327.357 168.969
4 0.955078 358.937 127.586 395.396 155.326 381.063 174.164 344.604 146.424
4 0.953125 321.838 170.877 358.81 198.297 344.662 217.373 307.69 189.953
4 0.951172 303.598 191.956 339.536 219.039 325.402 237.794 289.464 210.711
4 0.947266 117.733 397.389 153.698 423.807 139.517 443.111 103.552 416.693
4 0.947266 137.41 374.831 173.471 402.268 159.09 421.169 123.029 393.732
3 0.945312 523.631 170.071 569.826 205.555 554.369 225.679 508.174 190.195
3 0.943359 500.387 194.985 546.735 229.802 530.613 251.265 484.265 216.448
2 0.942383 330.286 393.841 388.238 453.783 368.714 472.659 310.762 412.717
2 0.941406 178.639 305.554 227.562 347.105 209.861 367.946 160.938 326.395
2 0.94043 420.671 31.5588 469.126 73.2264 450.829 94.5037 402.374 52.8361
4 0.9375 395.963 89.132 431.101 116.641 416.537 135.243 381.399 107.734
4 0.93457 53.1922 470.88 89.4028 498.431 75.1828 517.12 38.9722 489.569
4 0.93457 73.6038 445.794 110.088 473.553 95.8962 492.206 59.4121 464.447
4 0.928711 412.638 67.4864 450.01 96.1934 435.362 115.264 397.99 86.5566
3 0.924805 433.233 279.739 489.41 336.959 470.767 355.261 414.59 298.041
3 0.923828 546.662 143.205 606.604 193.017 589.338 213.795 529.396 163.983
2 0.916016 359.305 366.43 488.803 486.357 468.695 508.07 339.197 388.143
0 0.902344 154.263 343.183 200.707 377.188 185.237 398.317 138.793 364.312
4 0.901367 247.85 144.048 272.116 166.042 258.15 181.452 233.884 159.458
2 0.894531 410 305.253 515.442 396.208 496 418.747 390.558 327.792
2 0.885742 593.245 100.211 646.866 150.022 631.755 166.289 578.134 116.478
3 0.879883 575.081 124.493 639.212 178.455 621.919 199.007 557.788 145.045
2 0.876953 263.447 470.628 324.649 526.786 308.053 544.872 246.851 488.714
2 0.875 447.967 596.627 522.214 619.274 513.033 649.373 438.786 626.726
2 0.874023 215.727 515.446 281.865 571.969 264.273 592.554 198.135 536.031
2 0.856445 262.613 468.031 347.711 544.45 328.387 565.969 243.289 489.55
2 0.831543 352.83 362.232 439.597 443.581 420.67 463.768 333.903 382.419
2 0.831543 155.376 342.439 200.242 377.342 184.124 398.061 139.258 363.158
2 0.813477 614.847 76.1964 649.09 116.894 633.153 130.304 598.91 89.6062
3 0.79541 581.457 461.306 614.129 465.948 610.543 491.194 577.871 486.552
2 0.784668 374.384 325.625 464.966 403.761 447.616 423.875 357.034 345.739
3 0.78125 614.715 74.7774 650.921 117.54 633.285 132.473 597.079 89.7102
4 0.720703 11.9076 426.372 12.6495 453.237 -1.51694 453.628 -2.25891 426.763
2 0.683105 405.595 622.616 438.719 624.09 437.905 642.384 404.781 640.91
3 0.656738 593.537 98.5413 648.752 149.206 632.463 166.959 577.248 116.294
4 0.516602 155.221 342.803 199.939 376.719 184.029 397.697 139.311 363.781
2 0.515625 407.009 305.387 471.395 358.062 454.991 378.113 390.605 325.438
0 0.505371 11.435 426.419 15.2569 453.321 -0.645899 455.581 -4.46785 428.679
3 0.444336 411.13 306.326 508.556 392.208 487.87 415.674 390.444 329.792
2 0.442383 11.8852 426.122 15.4568 454.365 -0.463337 456.378 -4.03488 428.135
