4 0.945312 451.642 171.888 467.183 216.178 443.858 224.362 428.317 180.072
4 0.943359 399.953 190.906 413.493 234.574 390.047 241.844 376.507 198.176
4 0.942383 426.895 182.801 440.302 227.49 417.105 234.449 403.698 189.76
4 0.9375 372.246 199.834 386.245 243.554 363.254 250.916 349.255 207.196
4 0.933594 109.203 284.931 122.151 329.072 98.2965 336.069 85.3491 291.928
4 0.932617 136.519 275.603 151.126 318.925 127.481 326.897 112.874 283.575
2 0.927734 206.364 235.079 226.032 297.163 198.386 305.921 178.718 243.837
4 0.927734 528.879 146.902 543.838 192.183 519.121 200.348 504.162 155.067
3 0.923828 576.231 293.803 592.069 347.191 566.769 354.697 550.931 301.309
2 0.923828 554.282 121.607 570.247 180.707 542.718 188.143 526.753 129.043
4 0.923828 504.195 157.608 516.339 201.49 492.305 208.142 480.161 164.26
4 0.921875 46.8962 305.865 60.3568 349.754 36.2913 357.135 22.8307 313.246
2 0.921875 291.141 388.357 313.495 469.133 286.359 476.643 264.005 395.867
4 0.914062 18.9384 318.083 27.1655 361.53 3.9991 365.917 -4.22803 322.47
2 0.910156 132.375 436.841 155.974 512.954 131.125 520.659 107.526 444.546
0 0.910156 168.645 257.214 186.931 310.904 160.855 319.786 142.569 266.096
2 0.902344 196.283 419.433 220.404 500.743 195.717 508.067 171.596 426.757
2 0.900391 405.281 347.133 454.582 479.767 424.719 490.867 375.418 358.233
3 0.899414 541.112 304.126 559.035 356.223 533.888 364.874 515.965 312.777
3 0.896484 437.111 343.164 457.73 419.49 432.389 426.336 411.77 350.01
2 0.895508 367.348 356.193 394.846 448.888 368.152 456.807 340.654 364.112
2 0.892578 330.553 372.918 385.329 545.824 352.947 556.082 298.171 383.176
4 0.880859 345.851 130.934 355.18 163.857 334.149 169.816 324.82 136.893
3 0.869141 609.342 283.709 627.963 354.358 601.658 361.291 583.037 290.642
2 0.84375 167.563 256.579 186.903 310.63 160.937 319.921 141.597 265.87
2 0.830078 365.274 361.913 431.022 542.172 399.726 553.587 333.978 373.328
2 0.792969 643.326 280.377 646.601 347.046 624.674 348.123 621.399 281.454
2 0.626953 611.416 283.135 626.962 356.57 599.584 362.365 584.038 288.93
2 0.603027 281.888 624.684 314.669 624.785 314.612 643.316 281.831 643.215
2 0.597168 229.697 627.804 259.759 627.712 259.803 642.196 229.741 642.288
4 0.586914 168.247 256.585 187.439 310.224 161.753 319.415 142.561 265.776
3 0.544922 643.152 280.712 644.593 347.821 622.848 348.288 621.407 281.179
