4 0.951172 366.605 197.659 381.744 241.228 358.395 249.341 343.256 205.772
4 0.947266 392.051 187.477 408.165 230.829 385.449 239.273 369.335 195.921
4 0.945312 443.771 165.003 461.769 208.454 438.729 217.997 420.731 174.546
4 0.943359 419.481 177.557 435.286 220.889 412.519 229.193 396.714 185.861
4 0.938477 521.127 135.909 537.456 181.545 512.873 190.341 496.544 144.705
2 0.9375 202.677 241.792 225.228 303.621 197.573 313.708 175.022 251.879
4 0.931641 107.809 296.095 122.219 339.714 98.9407 347.405 84.531 303.786
4 0.931641 495.036 148.552 509.411 191.622 485.964 199.448 471.589 156.378
3 0.926758 540.406 292.997 560.099 344.05 535.594 353.503 515.901 302.45
4 0.924805 134.989 285.203 151.409 327.771 128.011 336.797 111.591 294.229
3 0.924805 574.026 281.289 592.444 331.785 567.974 340.711 549.556 290.215
4 0.920898 45.7676 319.784 62.8322 362.838 39.1699 372.216 22.1053 329.162
2 0.917969 542.467 108.528 562.941 168.34 535.533 177.722 515.059 117.91
2 0.915039 294.874 388.99 320.488 469.842 293.126 478.51 267.512 397.658
2 0.914062 202.177 426.744 229.68 505.121 205.073 513.756 177.57 435.379
3 0.911133 605.973 267.231 629.323 337.912 604.027 346.269 580.677 275.588
4 0.907227 19.544 333.5 30.5813 376.997 6.92473 383 -4.1125 339.503
2 0.902344 138.018 444.405 169.036 524.817 144.982 534.095 113.964 453.683
2 0.901367 333.589 371.912 395.683 543.79 364.411 555.088 302.317 383.21
3 0.898438 437.398 335.987 463.942 412.382 439.102 421.013 412.558 344.618
2 0.895508 405.664 345.785 455.637 465.39 427.336 477.215 377.363 357.61
0 0.89502 164.538 264.146 187.962 318.33 162.462 329.354 139.038 275.17
2 0.894531 370.906 349.98 437.989 537.465 407.094 548.52 340.011 361.035
4 0.882812 335.709 129.864 346.53 161.006 325.291 168.386 314.47 137.244
2 0.854004 139.057 441.676 187.278 561.19 158.443 572.824 110.222 453.31
2 0.851562 369.037 351.984 403.253 447.609 376.963 457.016 342.747 361.391
4 0.79248 8.54196 354.289 12.5025 384.137 0.64554 385.711 -3.31505 355.863
2 0.784668 165.29 265.015 186.58 318.731 160.71 328.985 139.42 275.269
3 0.78125 644.155 263.503 645.605 330.987 621.845 331.497 620.395 264.013
4 0.73291 165.162 265.556 186.404 317.742 161.338 327.944 140.096 275.758
3 0.550781 298.312 626.031 330.529 625.735 330.688 642.969 298.471 643.265
2 0.467773 643.918 262.847 647.242 330.515 624.082 331.653 620.758 263.985
2 0.436035 297.859 626.358 330.014 626.111 330.141 642.642 297.986 642.889
