4 0.952148 367.659 177.44 391.695 216.182 371.341 228.81 347.305 190.068
4 0.948242 343.225 192.584 367.551 230.739 347.275 243.666 322.949 205.511
2 0.948242 191.065 263.807 223.042 320.254 198.435 334.193 166.458 277.746
4 0.948242 392.545 162.246 417.032 202.4 395.955 215.254 371.468 175.1
4 0.945312 415.398 146.93 440.172 186.318 419.102 199.57 394.328 160.182
4 0.9375 106.41 333.767 129.321 373.078 108.465 385.233 85.5536 345.922
4 0.9375 484.155 105.102 508.994 144.596 487.845 157.898 463.006 118.404
3 0.93457 564.771 238.024 590.284 286.289 567.229 298.476 541.716 250.211
4 0.93457 462.157 120.873 484.924 159.798 463.843 172.127 441.076 133.202
2 0.933594 309.181 392.698 346.447 469.649 320.319 482.302 283.053 405.351
4 0.932617 130.646 318.691 155.038 356.693 134.604 369.809 110.212 331.807
3 0.931641 531.111 254.069 560.447 302.174 537.889 315.931 508.553 267.826
4 0.927734 23.6231 386.204 46.4154 424.497 25.7519 436.796 2.95957 398.503
4 0.926758 51.1648 368.242 72.7216 408.276 51.3977 419.758 29.8409 379.724
2 0.924805 501.937 72.9086 533.235 127.764 508.563 141.841 477.265 86.9857
3 0.914062 440.675 315.552 476.882 386.398 452.325 398.948 416.118 328.102
2 0.910156 345.02 369.531 434.478 530.892 405.48 546.969 316.022 385.608
2 0.898438 161.693 475.511 205.978 546.889 184.057 560.489 139.772 489.111
0 0.898438 157.012 292.323 189.66 340.224 166.988 355.677 134.34 307.776
2 0.898438 373.8 335.083 476.125 518.323 448.2 533.917 345.875 350.677
3 0.893555 591.072 219.305 624.914 283.563 600.928 296.195 567.086 231.937
4 0.879883 303.392 129.866 318.496 159.873 298.608 169.884 283.504 139.877
2 0.867188 222.429 442.798 285.806 545.653 260.571 561.202 197.194 458.347
2 0.856445 164.64 473.354 223.833 570.416 198.86 585.646 139.667 488.584
4 0.845215 65.1999 268.215 85.5113 301.178 66.6751 312.785 46.3637 279.822
2 0.822266 633.521 204.62 648.998 272.567 623.479 278.38 608.002 210.433
2 0.79248 158.886 292.466 188.867 341.457 165.864 355.534 135.883 306.543
2 0.78418 355.755 620.753 387.94 620.358 388.245 645.247 356.06 645.642
2 0.779297 372.834 343.642 426.865 435.055 402.666 449.358 348.635 357.945
3 0.760254 622.87 194.104 646.876 195.21 646.13 211.396 622.124 210.29
3 0.739746 414.297 329.425 484.095 448.762 456.203 465.075 386.405 345.738
2 0.738281 594.099 216.65 629.717 284.281 604.901 297.35 569.283 229.719
3 0.732422 628.848 204.674 648.531 268.849 624.152 276.326 604.469 212.151
4 0.727051 424.811 626.356 459.9 625.818 460.189 644.644 425.1 645.182
4 0.699219 11.69 466.891 11.9578 495.984 -1.62755 496.109 -1.89532 467.016
3 0.491211 407.711 330.543 454.108 402.583 431.789 416.957 385.392 344.917
2 0.377686 426.079 626.146 458.651 624.946 459.421 645.854 426.849 647.054
