4 0.924805 434.888 221.458 435.872 267.26 411.112 267.792 410.128 221.99
4 0.921875 490.593 219.887 492.555 265.532 467.407 266.613 465.445 220.968
4 0.921875 128.558 221.016 129.931 265.744 105.817 266.484 104.444 221.756
4 0.921875 158.584 219.941 160.838 265.823 135.666 267.059 133.412 221.177
4 0.920898 405.842 221.674 408.521 267.596 383.158 269.076 380.479 223.154
4 0.918945 463.214 220.881 464.957 268.192 439.786 269.119 438.043 221.808
4 0.905273 539.909 220.01 547.697 263.315 523.091 267.74 515.303 224.435
2 0.905273 237.276 205.218 238.824 268.293 208.724 269.032 207.176 205.957
2 0.904297 571.535 265.035 573.59 201.006 603.465 201.965 601.41 265.994
4 0.902344 570.539 219.684 572.241 265.903 547.461 266.816 545.759 220.597
2 0.896484 239.955 457.157 242.07 373.622 270.545 374.343 268.43 457.878
0 0.896484 194.694 213.079 197.276 269.145 169.556 270.421 166.974 214.355
4 0.890625 25.9735 242.423 67.7115 223.46 78.214 246.577 36.476 265.54
4 0.888672 22.552 220.008 40.4352 260.689 18.1355 270.492 0.252275 229.811
3 0.886719 570.129 373.662 571.812 428.511 544.871 429.338 543.188 374.489
2 0.883789 104.901 371.676 106.423 454.349 80.5991 454.824 79.0771 372.151
4 0.880859 382.413 146.409 411.121 163.796 399.587 182.841 370.879 165.454
3 0.870117 603.714 375.668 604.814 447.41 577.286 447.832 576.186 376.09
3 0.866211 420.229 375.615 423.468 456.8 396.271 457.885 393.032 376.7
2 0.858398 169.981 375.472 171.064 463.715 145.519 464.028 144.436 375.785
2 0.835938 276.566 558.442 279.313 368.087 311.934 368.558 309.187 558.913
2 0.828613 324.566 467.775 326.314 370.728 353.934 371.225 352.186 468.272
3 0.827637 534.124 372.475 537.194 428.015 509.876 429.525 506.806 373.985
2 0.823242 189.633 600.827 222.745 615.504 211.367 641.173 178.255 626.496
4 0.819824 414.114 145.448 437.118 166.298 422.386 182.552 399.382 161.702
4 0.813477 116.759 140.905 138.367 174.455 118.741 187.095 97.1333 153.545
2 0.813477 390.726 370.529 395.585 514.447 365.274 515.471 360.415 371.553
2 0.794434 349.204 380.792 430.474 494.327 404.796 512.708 323.526 399.173
2 0.78125 284.746 558.828 357.341 364.441 388.754 376.172 316.159 570.559
3 0.769531 636.51 378.507 637.815 463.559 609.49 463.993 608.185 378.941
3 0.758789 372.66 615.362 403.565 615.03 403.84 640.638 372.935 640.97
4 0.724609 6.41444 225.473 6.54646 268.504 -0.742568 268.527 -0.874585 225.496
4 0.722656 194.199 212.932 196.771 268.779 168.801 270.068 166.229 214.221
2 0.70752 634.136 378.312 638.88 459.611 611.864 461.188 607.12 379.889
3 0.69873 390.634 375.943 394.135 502.707 363.366 503.557 359.865 376.793
2 0.680176 195.332 213.41 197.061 269.727 168.918 270.59 167.189 214.273
4 0.48584 204.535 599.054 220.252 632.55 195.965 643.946 180.248 610.45
2 0.480469 533.719 371.712 537.182 428.074 509.281 429.788 505.818 373.426
3 0.44751 200.412 598.56 222.473 628.497 200.838 644.44 178.777 614.503
