4 0.933594 454.344 210.213 458.555 255.831 434.656 258.037 430.445 212.419
4 0.931641 397.455 214.585 401.706 260.639 377.045 262.915 372.794 216.861
4 0.928711 483.123 205.955 486.96 252.171 461.377 254.295 457.54 208.079
4 0.924805 426.094 211.968 429.915 257.997 405.406 260.032 401.585 214.003
4 0.919922 150.952 235.144 155.68 280.303 131.298 282.856 126.57 237.697
2 0.917969 227.504 212.647 233.224 276.768 204.246 279.353 198.526 215.232
4 0.912109 121.886 239.833 124.841 283.546 100.864 285.167 97.9093 241.454
4 0.90625 534.512 202.913 538.389 246.366 513.488 248.587 509.611 205.134
3 0.902344 573.799 354.671 579.184 406.109 553.201 408.829 547.816 357.391
2 0.898438 590.742 178.165 595.73 240.559 567.258 242.835 562.27 180.441
0 0.896484 185.544 224.017 192.257 281.344 165.456 284.483 158.743 227.156
4 0.895508 55.9017 244.711 60.6685 290.243 36.3483 292.789 31.5815 247.257
2 0.894531 110.326 391.704 116.883 470.682 91.4239 472.796 84.8668 393.818
4 0.894531 24.5566 248.159 27.2738 292.388 3.61532 293.841 0.898041 249.612
4 0.890625 562.671 198.197 567.965 248.764 541.329 251.553 536.035 200.986
2 0.889648 276.799 380.095 279.422 465.555 251.701 466.405 249.078 380.945
4 0.883789 386.147 140.473 390.748 174.35 367.353 177.527 362.752 143.65
2 0.882812 176.499 390.832 182.214 468.309 157.001 470.168 151.286 392.691
3 0.864746 428.337 367.988 432.303 448.703 405.663 450.012 401.697 369.297
3 0.860352 609.352 349.954 613.767 421.818 585.648 423.546 581.233 351.682
4 0.860352 397.214 138.42 422.398 153.991 410.286 173.58 385.102 158.009
2 0.855469 357.466 356.293 374.696 563.829 340.034 566.707 322.804 359.171
2 0.848633 317.769 373.227 329.106 557.754 296.231 559.773 284.894 375.246
3 0.847168 538.786 354.279 545.202 409.061 518.214 412.221 511.798 357.439
2 0.839844 395.098 362.955 409.715 511.362 377.402 514.545 362.785 366.138
2 0.833496 209.698 614.061 243.502 613.335 244.052 638.939 210.248 639.665
3 0.788086 454.368 362.263 460.95 425.138 436.132 427.737 429.55 364.862
4 0.772949 186.33 224.763 193.208 280.528 165.17 283.987 158.292 228.222
3 0.714355 398.877 609.047 431.847 610.464 430.623 638.953 397.653 637.536
2 0.712402 561.874 198.874 566.444 248.382 542.126 250.626 537.556 201.118
4 0.710449 12.096 174.048 18.0186 197.693 3.01342 201.452 -2.90922 177.807
3 0.685547 639.532 352.317 641.119 426.175 617.468 426.683 615.881 352.825
2 0.67041 610.076 352.028 613.468 421.07 584.924 422.472 581.532 353.43
2 0.669922 639.966 351.365 642.952 426.18 619.034 427.135 616.048 352.32
0 0.65625 14.6759 174.127 15.3347 200.963 -1.37903 201.373 -2.03781 174.537
2 0.544922 538.263 354.01 544.999 408.627 517.737 411.99 511.001 357.373
3 0.53418 397.994 364.717 409.926 513.991 375.006 516.783 363.074 367.509
