4 0.941406 251.162 163.029 295.699 168.522 292.838 191.721 248.301 186.228
4 0.9375 266.811 83.5312 309.677 90.1588 306.189 112.719 263.323 106.091
4 0.935547 254.852 136.316 299.576 140.998 297.148 164.184 252.424 159.502
4 0.935547 246.608 191.349 290.442 197.165 287.392 220.151 243.558 214.335
4 0.935547 187.629 489.987 231.39 496.753 227.871 519.513 184.11 512.747
2 0.935547 258.383 21.864 320.574 35.7295 314.617 62.4485 252.426 48.583
4 0.932617 169.66 586.873 213.71 593.407 210.34 616.127 166.29 609.593
4 0.932617 241.308 218.938 285.107 224.545 282.192 247.312 238.393 241.705
2 0.928711 191.541 380.294 254.722 391.257 249.959 418.706 186.778 407.743
4 0.925781 192.59 461.179 236.783 467.596 233.41 490.821 189.217 484.404
4 0.920898 269.786 56.3842 316.529 63.9051 312.714 87.6158 265.971 80.0949
4 0.919922 173.298 554.185 219.631 561.494 215.952 584.815 169.619 577.506
3 0.914062 395.676 228.798 473.169 246.826 467.324 271.952 389.831 253.924
2 0.914062 190.251 424.433 246.573 432.787 242.749 458.567 186.427 450.213
2 0.901367 366.526 378.391 448.922 397.958 442.474 425.109 360.078 405.542
3 0.898438 411.669 119.1 469.025 128.329 464.831 154.4 407.475 145.171
3 0.890625 419.184 84.1571 476.56 94.5667 471.816 120.718 414.44 110.308
2 0.886719 389.28 262.252 527.684 287.144 522.72 314.748 384.316 289.856
3 0.885742 434.182 22.6442 511.97 34.9156 507.818 61.2308 430.03 48.9594
2 0.885742 577.589 477.251 642.689 486.908 638.411 515.749 573.311 506.092
3 0.880859 427.836 52.4501 502.82 65.5796 498.164 92.1749 423.18 79.0454
2 0.879883 368.292 340.753 557.507 374.782 552.208 404.247 362.993 370.218
4 0.868164 167.564 207.878 200.237 213.702 196.686 233.622 164.013 227.798
2 0.867188 370.639 299.375 555.076 333.129 549.861 361.625 365.424 327.871
2 0.839355 346.634 475.834 432.028 491.462 426.866 519.666 341.472 504.038
3 0.813477 436.178 -6.40139 522.336 -1.2408 520.822 24.042 434.664 18.8814
3 0.78418 624.301 324.434 627.381 295.912 642.699 297.566 639.619 326.088
2 0.728516 624.887 454.64 629.823 425.444 644.113 427.86 639.177 457.056
4 0.693359 190.099 424.518 246.422 431.465 243.151 457.982 186.828 451.035
4 0.664062 626.887 456.07 628.149 427.317 642.113 427.93 640.851 456.683
3 0.605957 366.892 378.814 450.315 397.547 444.108 425.186 360.685 406.453
2 0.600586 437.284 -6.45031 514.878 -2.63836 513.716 21.005 436.122 17.1931
0 0.481445 190.555 424.79 246.648 432.058 243.195 458.71 187.102 451.442
2 0.478027 283.254 -0.157106 327.785 0.047823 327.746 8.68054 283.215 8.47561
4 0.388184 282.419 -0.057579 327.606 0.0810547 327.581 8.24508 282.394 8.10645
