4 0.943359 403.353 193.879 415.763 238.724 392.647 245.121 380.237 200.276
4 0.939453 457.17 177.276 470.253 221.377 446.33 228.474 433.247 184.373
4 0.938477 432.026 186.812 444.023 231.77 419.974 238.188 407.977 193.23
4 0.938477 376.733 202.169 388.824 246.39 365.267 252.831 353.176 208.61
2 0.935547 209.78 232.222 226.414 293.796 198.72 301.278 182.086 239.704
4 0.928711 138.811 269.146 151.266 313.103 127.439 319.854 114.984 275.897
4 0.928711 110.527 278.001 121.667 322.47 97.5976 328.499 86.4585 284.03
4 0.927734 509.608 164.353 519.571 208.717 495.392 214.147 485.429 169.783
4 0.925781 535.567 155.193 546.957 200.664 522.433 206.807 511.043 161.336
2 0.919922 288.705 387.542 307.096 469.44 280.295 475.458 261.904 393.56
0 0.918945 170.748 251.635 187.332 305.123 160.752 313.365 144.168 259.877
2 0.918945 561.049 129.284 575.567 191.263 546.951 197.966 532.433 135.987
4 0.917969 18.9854 307.927 25.6733 352.079 2.60833 355.573 -4.0796 311.421
3 0.912109 576.375 304.427 590.409 356.378 565.625 363.073 551.591 311.122
4 0.908203 47.2419 296.756 59.8726 339.817 36.2581 346.744 23.6274 303.683
2 0.908203 128.836 429.301 149.114 507.205 124.164 513.699 103.886 435.795
3 0.907227 542.039 311.295 556.908 365.025 530.961 372.205 516.092 318.475
2 0.904297 193.655 414.858 213.944 495.855 188.845 502.142 168.556 421.145
2 0.902344 326.843 374.839 379.032 550.761 345.657 560.661 293.468 384.739
3 0.896484 435.985 347.159 454.517 423.119 429.015 429.341 410.483 353.381
3 0.895508 609.532 293.291 626.85 364.272 600.468 370.709 583.15 299.728
2 0.883789 405.69 349.664 446.206 484.717 415.81 493.836 375.294 358.783
4 0.882812 354.448 132.827 360.25 165.091 337.552 169.173 331.75 136.909
2 0.876953 367.226 358.45 389.566 450.014 362.774 456.55 340.434 364.986
4 0.876953 376.624 125.037 385.798 153.994 365.376 160.463 356.202 131.506
2 0.864258 362.828 363.953 420.21 545.081 387.172 555.547 329.79 374.419
3 0.703125 644.266 290.099 646.75 357.553 623.734 358.401 621.25 290.947
2 0.658203 273.382 624.411 302.317 623.967 302.618 643.589 273.683 644.033
2 0.654297 171.019 251.658 186.939 305.934 159.981 313.842 144.061 259.566
3 0.570801 405.911 352.844 444.847 482.629 413.089 492.156 374.153 362.371
2 0.540039 643.488 290.593 646.32 356.47 624.512 357.407 621.68 291.53
