4 0.956055 331.903 148.928 370.672 173.395 358.097 193.322 319.328 168.855
4 0.956055 314.241 171.771 352.681 196.113 340.259 215.729 301.819 191.387
4 0.955078 347.79 126.467 387.223 150.516 374.71 171.033 335.277 146.984
4 0.948242 122.707 407.875 159.038 433.463 145.543 452.625 109.212 427.037
4 0.947266 297.246 193.789 333.837 218.893 320.754 237.961 284.163 212.857
3 0.945312 518.962 158.658 563.765 193.183 548.038 213.592 503.235 179.067
3 0.942383 540.491 132.715 600.28 179.227 583.509 200.785 523.72 154.273
4 0.942383 139.737 384.06 178.019 408.882 165.013 428.94 126.731 404.118
2 0.941406 177.718 312.413 229.355 352.711 212.282 374.587 160.645 334.289
4 0.938477 382.746 86.2883 420.2 110.086 407.254 130.462 369.8 106.664
2 0.9375 405.109 27.3321 455.084 66.4568 437.891 88.4179 387.916 49.2932
4 0.935547 79.6878 458.779 119.053 483.707 106.062 504.221 66.6973 479.293
4 0.933594 59.9242 485.331 98.9407 508.312 86.9508 528.669 47.9343 505.688
3 0.933594 493.063 186.697 540.899 218.659 526.437 240.303 478.601 208.341
4 0.932617 398.15 62.9503 439.218 88.8682 425.85 110.05 384.782 84.1318
2 0.931641 335.061 391.917 395.577 451.696 375.439 472.083 314.923 412.304
2 0.926758 407.939 300.864 517.34 388.422 499.561 410.636 390.16 323.078
3 0.918945 430.631 273.599 490.046 327.449 472.869 346.401 413.454 292.551
2 0.916992 358.194 362.6 500.753 478.139 482.306 500.9 339.747 385.361
0 0.898438 157.327 351.87 204.183 382.251 189.673 404.63 142.817 374.249
2 0.892578 371.743 327.345 531.381 445.74 514.757 468.155 355.119 349.76
2 0.886719 226.574 519.98 293.229 572.826 276.426 594.02 209.771 541.174
4 0.880859 238.243 148.256 264.488 169.326 251.507 185.494 225.262 164.424
3 0.87793 579.042 85.719 644.597 130.695 629.958 152.031 564.403 107.055
2 0.876953 462.747 587.99 556.49 620.401 546.253 650.01 452.51 617.599
3 0.870117 601.669 61.9792 648.064 106.697 632.331 123.021 585.936 78.303
2 0.867188 270.313 470.998 363.682 542.947 346.687 565.002 253.318 493.053
4 0.804688 -2.7555 443.312 23.3457 450.751 17.5211 471.188 -8.58006 463.749
3 0.791016 591.478 446.361 624.63 453.326 619.522 477.639 586.37 470.674
2 0.762695 419.398 618.382 461.086 619.981 460.102 645.618 418.414 644.019
2 0.759277 372.878 322.279 468.431 396.614 451.622 418.221 356.069 343.886
