4 0.943359 254.094 162.185 299.013 168.145 295.906 191.565 250.987 185.605
4 0.9375 257.971 135.172 303.461 140.854 300.529 164.328 255.039 158.646
4 0.9375 248.279 190.167 292.953 196.304 289.721 219.833 245.047 213.696
2 0.933594 263.143 21.8299 324.701 35.951 318.357 63.6076 256.799 49.4865
4 0.932617 184.807 487.936 227.655 495.439 223.693 518.064 180.845 510.561
4 0.931641 270.695 82.4677 313.762 89.8045 309.805 113.032 266.738 105.696
4 0.931641 242.759 217.577 287.118 224.157 283.741 246.923 239.382 240.343
2 0.929688 190.428 377.928 252.983 390.371 247.572 417.572 185.017 405.129
4 0.925781 168.745 551.862 215.029 558.872 211.505 582.138 165.221 575.128
4 0.925781 164.853 584.06 208.76 591.679 204.897 613.94 160.99 606.321
2 0.919922 188.505 421.917 244.133 430.867 239.995 456.583 184.367 447.633
4 0.917969 272.426 55.0087 320.797 63.4019 316.574 87.7413 268.203 79.3481
4 0.917969 189.963 458.124 233.827 465.805 229.787 488.876 185.923 481.195
2 0.915039 365.411 379.95 445.861 400.364 439.089 427.05 358.639 406.636
3 0.914062 436.89 53.7473 505.135 67.5399 499.61 94.8777 431.365 81.0851
3 0.910156 422.746 86.622 480.354 96.6179 475.754 123.128 418.146 113.132
3 0.908203 396.35 229.071 474.68 248.947 468.15 274.679 389.82 254.803
3 0.898438 414.611 121.972 471.261 130.02 467.389 157.278 410.739 149.23
2 0.893555 390.665 262.8 528.503 290.658 522.835 318.7 384.997 290.842
3 0.888672 440.602 24.8022 511.071 36.1407 506.898 62.0728 436.429 50.7343
2 0.883789 574.988 480.751 643.267 493.03 638.012 522.249 569.733 509.97
2 0.880859 345.571 478.151 423.084 493.075 417.929 519.849 340.416 504.925
2 0.867188 369.08 341.777 554.694 378.698 548.92 407.723 363.306 370.802
2 0.861328 374.399 299.219 559.485 338.699 553.601 366.281 368.515 326.801
3 0.848633 443.797 -4.6583 522.715 3.23676 520.203 28.3458 441.285 20.4507
2 0.807617 326.449 539.559 408.339 554.546 403.051 583.441 321.161 568.454
3 0.797852 621.68 328.877 628.463 300.793 644.32 304.623 637.537 332.707
2 0.739746 623.627 461.575 626.537 429.88 643.373 431.425 640.463 463.12
0 0.705078 188.683 422.216 244.462 431.015 240.317 457.284 184.538 448.485
4 0.669434 188.571 422.121 244.503 430.33 240.679 456.379 184.747 448.17
2 0.578125 291.813 -1.35038 334.749 -1.08693 334.687 9.0457 291.751 8.78224
4 0.511719 625.481 462.144 625.817 433.162 642.519 433.356 642.183 462.338
4 0.391357 290.067 -0.338112 333.472 -0.13836 333.433 8.36936 290.028 8.16961
