4 0.956055 322.866 148.613 363.02 170.473 351.634 191.387 311.48 169.527
4 0.955078 305.753 172.344 345.891 194.037 334.747 214.656 294.609 192.963
4 0.951172 337.477 125.568 378.177 147.003 367.023 168.182 326.323 146.747
2 0.949219 177.182 319.383 230.529 356.955 214.568 379.617 161.221 342.045
4 0.948242 127.538 417.908 164.721 441.375 151.962 461.592 114.779 438.125
4 0.947266 289.247 194.824 329.218 217.145 317.753 237.676 277.782 215.355
4 0.941406 86.7479 471.092 127.3 493.655 115.752 514.408 75.2004 491.845
3 0.9375 484.949 178.378 535.657 205.883 523.051 229.122 472.343 201.617
3 0.9375 528.684 122.186 591.236 162.881 576.316 185.814 513.764 145.119
4 0.9375 369.735 83.2263 409.328 104.939 397.765 126.024 358.172 104.311
3 0.935547 505.02 148.546 556.481 178.538 542.98 201.704 491.519 171.712
4 0.935547 143.461 393.33 183.15 416.462 170.789 437.67 131.1 414.538
4 0.93457 69.3469 498.83 108.956 520.709 97.6531 541.17 58.0444 519.291
2 0.933594 337.818 392.634 402.7 447.739 385.182 468.366 320.3 413.261
2 0.929688 390.814 23.4601 444.288 59.1902 428.186 83.2899 374.712 47.5598
4 0.920898 384.259 58.0717 427.842 84.1946 414.741 106.053 371.158 79.9304
2 0.917969 362.682 363.44 506.542 469.112 489.318 492.56 345.458 386.888
2 0.912109 406.476 298.893 522.731 375.544 507.524 398.607 391.269 321.956
3 0.910156 429.322 267.541 490.974 317.039 474.178 337.959 412.526 288.461
2 0.89502 477.782 579.475 582.725 622.38 571.218 650.525 466.275 607.62
3 0.893555 566.618 72.7168 636.496 116.219 623.382 137.283 553.504 93.7809
4 0.892578 228.463 152.325 256.198 170.551 244.287 188.675 216.552 170.449
3 0.890625 548.752 98.4306 612.394 139.281 598.248 161.319 534.606 120.469
2 0.876953 372.68 320.703 537.319 438.173 520.82 461.297 356.181 343.827
2 0.868164 235.922 523.843 327.503 586.674 312.078 609.157 220.497 546.326
0 0.860352 157.818 360.296 207.211 388.177 193.932 411.704 144.539 383.823
2 0.858398 278.698 473.891 362.314 535.311 346.302 557.109 262.686 495.689
2 0.810059 434.611 616.278 487.512 618.227 486.389 648.722 433.488 646.773
2 0.804688 158.048 359.517 207.673 388.439 193.952 411.983 144.327 383.061
3 0.795898 595.649 433.707 628.692 435.533 627.351 459.793 594.308 457.967
2 0.789062 372.847 320.557 468.783 384.873 453.653 407.443 357.717 343.127
4 0.719238 75.8077 581.096 107.625 590.535 100.692 613.904 68.8753 604.465
4 0.689453 -0.241528 497.502 16.9292 511.03 10.2572 519.498 -6.91354 505.97
3 0.67334 584.284 48.1792 649.483 88.9079 635.716 110.946 570.517 70.2171
2 0.613281 402.63 296.196 480.885 345.75 467.87 366.304 389.615 316.75
4 0.56543 158.151 359.862 206.95 387.903 193.599 411.138 144.8 383.097
