4 0.951172 375.548 179.381 397.322 220.573 375.952 231.869 354.178 190.677
4 0.951172 401.357 166.331 422.717 207.81 401.143 218.919 379.783 177.44
4 0.949219 350.477 193.923 371.978 233.418 351.023 244.827 329.522 205.332
4 0.945312 423.675 152.132 446.564 192.249 425.325 204.368 402.436 164.251
2 0.943359 193.824 256.323 223.65 315.129 197.926 328.177 168.1 269.371
4 0.94043 106.325 322.776 126.998 362.922 105.05 374.224 84.3767 334.078
3 0.9375 567.699 250.404 591.218 300.329 567.301 311.596 543.782 261.671
4 0.935547 131.383 308.283 153.303 348.547 131.867 360.217 109.947 319.953
2 0.932617 303.917 392.765 339.076 470.153 313.583 481.735 278.424 404.347
2 0.931641 515.768 83.7014 542.576 140.609 517.232 152.549 490.424 95.6408
3 0.928711 535.202 265.535 561.093 314.697 537.798 326.965 511.907 277.803
4 0.925781 472.61 128.699 492.417 168.967 470.39 179.801 450.583 139.533
4 0.923828 48.4564 353.417 70.0806 394.477 48.0436 406.083 26.4194 365.023
3 0.923828 599.558 232.644 628.996 300.741 604.442 311.356 575.004 243.259
4 0.923828 22.43 369.944 41.1173 410.743 18.6012 421.056 -0.086071 380.257
4 0.920898 495.915 113.323 518.542 155.656 495.585 167.927 472.958 125.594
3 0.914062 440.489 322.446 473.896 394.794 449.511 406.054 416.104 333.706
2 0.912109 155.191 466.178 194.17 539.102 171.309 551.322 132.33 478.398
2 0.911133 340.61 370.342 423.395 534.807 393.89 549.658 311.105 385.193
2 0.901367 215.445 439.808 253.985 515.218 230.555 527.192 192.015 451.782
4 0.885742 313.36 129.73 325.966 160.7 306.14 168.77 293.534 137.8
2 0.882812 375.072 345.076 462.57 522.275 434.928 535.924 347.43 358.725
0 0.882812 158.023 283.882 188.363 333.46 165.227 347.618 134.887 298.04
2 0.845215 372.385 345.845 417.736 438.045 393.115 450.155 347.764 357.955
2 0.832031 156.312 463.462 216.309 573.265 190.188 587.538 130.191 477.735
4 0.823242 159.882 283.788 187.656 333.886 163.618 347.212 135.844 297.114
3 0.794434 636.019 221.024 650.996 286.778 625.981 292.476 611.004 226.722
2 0.736816 337.529 623.818 370.65 623.31 370.971 644.182 337.85 644.69
2 0.630371 159.981 283.954 188.124 333.989 164.019 347.546 135.876 297.511
3 0.487305 630.824 228.82 630.824 209.93 639.176 209.93 639.176 228.82
2 0.436035 411.905 628.373 439.577 628.33 439.595 639.627 411.923 639.67
