4 0.948242 170.929 476.102 212.549 486.527 207.071 508.398 165.451 497.973
4 0.946289 267.914 157.12 311.922 166.366 307.086 189.38 263.078 180.134
4 0.945312 274.38 130.519 318.859 139.65 314.12 162.731 269.641 153.6
4 0.943359 251.711 211.319 295.296 220.896 290.289 243.681 246.704 234.104
4 0.942383 259.676 184.262 303.445 194.02 298.324 216.988 254.555 207.23
4 0.935547 291.707 78.6026 334.418 89.9301 328.293 113.022 285.582 101.695
4 0.93457 142.118 569.808 185.684 580.437 180.132 603.192 136.566 592.563
4 0.933594 178.264 447.665 221.589 458.095 216.236 480.335 172.911 469.905
2 0.928711 186.508 367.058 248.037 383.376 240.992 409.942 179.463 393.624
4 0.924805 149.002 538.081 194.828 548.519 189.498 571.919 143.672 561.481
2 0.923828 288.025 17.97 350.655 34.889 343.475 61.4675 280.845 44.5485
2 0.923828 359.95 382.639 439.141 411.937 429.55 437.861 350.359 408.563
4 0.921875 297.074 52.1796 343.228 63.1405 337.426 87.5704 291.272 76.6096
3 0.914062 440.117 95.9332 498.592 110.962 491.883 137.067 433.408 122.038
3 0.914062 451.732 62.8448 527.811 83.8984 520.268 111.155 444.189 90.1016
2 0.90918 557.285 503.197 643.975 525.194 636.715 553.803 550.025 531.806
3 0.908203 465.867 35.986 545.55 57.1188 538.633 83.2015 458.95 62.0687
3 0.902344 430.137 131.251 487.551 142.306 482.363 169.249 424.949 158.194
3 0.897461 404.108 234.825 480.23 262.326 470.892 288.175 394.77 260.674
2 0.895508 393.818 271.005 529.594 309.029 522.182 335.495 386.406 297.471
3 0.892578 473.393 4.54887 551.417 23.5848 545.107 49.4511 467.083 30.4152
2 0.892578 365.853 346.031 548.776 398.774 540.647 426.969 357.724 374.226
2 0.888672 307.565 541.316 383.891 561.935 376.935 587.684 300.609 567.065
2 0.861328 371.43 305.747 551.106 356.659 543.57 383.253 363.894 332.341
2 0.861328 180.256 410.468 234.588 423.371 228.494 449.032 174.162 436.129
2 0.84375 333.031 478.885 442.692 508.871 434.969 537.115 325.308 507.129
2 0.839844 613.662 460.575 643.706 460.943 643.338 490.925 613.294 490.557
4 0.838867 179.502 409.972 234.97 422.965 228.748 449.528 173.28 436.535
3 0.817871 618.682 352.991 630.533 327.657 647.318 335.509 635.467 360.843
2 0.798828 375.954 302.933 487.897 338.019 480.046 363.067 368.103 327.981
3 0.687988 483.137 -9.33267 562.603 -7.01592 561.863 18.3639 482.397 16.0472
2 0.679199 322.986 -1.5842 364.7 -1.00826 364.514 12.4748 322.8 11.8989
2 0.583008 485.778 -4.29357 558.089 -4.73727 558.222 16.8561 485.911 17.2998
4 0.392334 320.975 -0.648655 363.099 -0.390181 363.025 11.5862 320.901 11.3277
