4 0.94043 249.043 164.385 292.793 168.762 290.457 192.115 246.707 187.738
4 0.938477 190.528 492.949 233.885 498.567 230.972 521.051 187.615 515.433
2 0.935547 251.73 23.7164 314.372 35.3795 309.27 62.7836 246.628 51.1205
4 0.933594 177.155 556.864 224.389 563.427 221.095 587.136 173.861 580.573
4 0.932617 243.611 193.448 287.824 198.214 285.389 220.802 241.176 216.036
4 0.932617 239.205 220.148 282.968 225.273 280.295 248.102 236.532 242.977
4 0.931641 174.017 590.045 217.927 595.255 215.233 617.955 171.323 612.745
4 0.931641 262.336 84.5809 305.134 90.1264 302.164 113.044 259.366 107.499
2 0.928711 192.567 381.655 257.042 392.842 252.183 420.845 187.708 409.658
4 0.928711 251.87 137.71 296.194 141.664 294.13 164.79 249.806 160.836
4 0.925781 194.216 463.489 239.48 469.213 236.534 492.511 191.27 486.787
2 0.921875 191.678 427.165 248.865 433.152 246.072 459.835 188.885 453.848
2 0.908203 368.378 377.092 450.104 396.236 443.622 423.908 361.896 404.764
3 0.904297 414.487 82.5228 471.427 90.969 467.513 117.352 410.573 108.906
3 0.902344 420.302 49.2905 499.185 62.2313 494.698 89.5845 415.815 76.6437
3 0.898438 409.204 118.903 465.011 125.699 461.796 152.097 405.989 145.301
4 0.896484 265.13 56.6604 311.198 62.989 307.87 87.2146 261.802 80.886
3 0.892578 394.221 224.829 475.123 243.649 468.779 270.921 387.877 252.101
3 0.888672 428.437 19.9771 509.513 32.2578 505.563 58.3354 424.487 46.0547
2 0.879883 372.033 339.598 553.054 371.867 547.967 400.402 366.946 368.133
2 0.87793 579.412 473.074 641.194 480.694 637.588 509.926 575.806 502.306
4 0.876953 164.196 209.984 197.117 214.867 194.054 235.516 161.133 230.633
2 0.87207 387.675 260.346 525.564 283.836 520.825 311.654 382.936 288.164
2 0.866211 375.688 300.284 572.285 331.917 567.812 359.716 371.215 328.083
2 0.863281 350.504 477.962 426.414 489.699 422.496 515.038 346.586 503.301
4 0.856445 191.447 426.331 248.83 432.249 246.053 459.169 188.67 453.251
3 0.808594 621.089 318.653 625.964 290.715 643.911 293.847 639.036 321.785
3 0.789062 431.721 -8.58604 513.499 -2.55375 511.779 20.7579 430.001 14.7256
2 0.658203 624.4 449.62 632.424 417.352 644.6 420.38 636.576 452.648
4 0.378906 629.741 450.796 630.583 419.417 641.259 419.704 640.417 451.083
4 0.338135 273.946 -0.492676 320.601 -0.206398 320.554 7.48486 273.899 7.19859
2 0.33374 274.659 -0.262047 322.815 -0.409789 322.841 7.84798 274.685 7.99573
