4 0.955078 366.444 153.18 396.991 188.156 379.056 203.82 348.509 168.844
4 0.955078 343.366 172.332 374.905 204.953 358.134 221.168 326.595 188.547
4 0.951172 386.43 134.591 417.91 168.688 400.07 185.159 368.59 151.062
4 0.951172 322.063 190.275 353.717 223.523 336.437 239.975 304.783 206.727
2 0.946289 182.511 283.971 224.264 335.327 202.489 353.029 160.736 301.673
4 0.946289 110.689 368.019 140.031 401.1 121.561 417.481 92.2194 384.4
4 0.945312 132.724 348.074 163.552 382.088 145.526 398.426 114.698 364.412
3 0.94043 544.111 198.776 582.598 242.707 562.889 259.974 524.402 216.043
4 0.9375 427.882 101.655 457.805 134.466 440.118 150.595 410.195 117.784
3 0.93457 516.519 222.443 556.371 262.051 537.481 281.057 497.629 241.449
2 0.93457 319.787 394.498 368.988 462.349 346.713 478.502 297.512 410.651
2 0.933594 460.708 47.6571 501.652 96.9278 479.792 115.093 438.848 65.8222
4 0.929688 35.4814 432.19 66.3849 464.252 49.2061 480.81 18.3026 448.748
3 0.928711 572.743 175.91 621.394 236.316 600.257 253.34 551.606 192.934
4 0.925781 59.986 409.447 90.9539 444.469 72.764 460.553 41.796 425.531
0 0.919922 154.58 319.684 193.097 360.892 173.92 378.816 135.403 337.608
2 0.916992 351.67 369.56 465.359 507.658 441.33 527.44 327.641 389.342
3 0.915039 439.258 296.692 484.385 361.61 463.242 376.308 418.115 311.39
4 0.914062 448.216 82.5812 479.294 117.296 461.284 133.419 430.206 98.7038
3 0.914062 601.578 158.009 646.683 225.965 624.422 240.741 579.317 172.785
2 0.890625 446.94 81.5075 479.268 117.62 460.56 134.367 428.232 98.2555
2 0.888672 188.488 498.72 242.674 560.763 223.762 577.28 169.576 515.237
2 0.882812 411.587 315.193 491.273 411.987 468.413 430.807 388.727 334.013
4 0.882812 273.81 135.421 293.756 161.553 276.69 174.579 256.744 148.447
2 0.879883 243.207 459.057 321.253 548.142 299.793 566.943 221.747 477.858
3 0.874023 635.778 137.595 647.348 188.387 624.222 193.655 612.652 142.863
2 0.851562 405.553 612.886 449.752 617.171 446.947 646.114 402.748 641.829
2 0.84375 479.751 606.095 527.991 614.694 522.249 646.905 474.009 638.306
2 0.817871 344.578 366.122 431.178 469.686 409.422 487.878 322.822 384.314
3 0.810059 558.315 497.705 591.46 502.57 587.685 528.294 554.54 523.43
4 0.789062 155.183 319.16 193.147 361.047 174.067 378.34 136.103 336.453
4 0.772949 18.9309 515.083 47.4039 526.318 38.8816 547.917 10.4086 536.682
2 0.737793 374.664 334.186 440.72 414.676 419.836 431.814 353.78 351.324
2 0.691406 405.489 315.619 473.624 387.184 454.511 405.381 386.376 333.816
3 0.689941 624.32 127.568 646.958 127.95 646.68 144.432 624.042 144.05
2 0.610352 155.423 319.942 193.147 360.179 174.077 378.058 136.353 337.821
4 0.536621 404.957 614.642 450.315 616.731 449.043 644.358 403.685 642.269
