4 0.9375 444.868 199.111 452.315 244.504 428.632 248.389 421.185 202.996
4 0.935547 388.741 208.607 395.964 253.498 371.759 257.393 364.536 212.502
4 0.93457 416.968 203.233 424.415 249.513 399.532 253.517 392.085 207.237
2 0.931641 219.572 220.885 229.908 285.121 200.428 289.865 190.092 225.629
4 0.928711 470.503 191.745 480.858 237.206 456.497 242.755 446.142 197.294
0 0.926758 177.907 236.472 189.118 291.083 162.593 296.528 151.382 241.917
2 0.917969 578.212 154.149 588.776 216.162 559.788 221.101 549.224 159.088
4 0.916016 524.123 184.793 530.684 229.028 505.877 232.707 499.316 188.472
4 0.914062 550.214 177.052 560.45 224.683 534.786 230.198 524.55 182.567
4 0.908203 21.3642 276.188 25.2932 320.232 1.97954 322.312 -1.94946 278.268
2 0.908203 282.076 384.381 291.498 464.831 263.424 468.119 254.002 387.669
4 0.908203 115.159 256.198 122.777 300.105 98.5915 304.302 90.973 260.395
2 0.902344 117.718 409.309 133.757 491.254 108.532 496.191 92.4934 414.246
4 0.902344 144.426 250.552 152.816 294.858 128.574 299.448 120.184 255.142
2 0.898438 183.707 400.742 198.207 484.305 172.543 488.758 158.043 405.195
3 0.890625 577.702 333.184 584.946 384.172 559.298 387.816 552.054 336.828
4 0.889648 371.674 136.475 376.386 169.641 354.326 172.775 349.614 139.609
2 0.888672 320.991 373.52 352.469 554.934 320.509 560.48 289.031 379.066
4 0.885742 50.388 267.516 59.3438 312.54 34.487 317.484 25.5312 272.46
2 0.878906 361.917 363.976 374.423 446.534 348.083 450.524 335.577 367.966
3 0.87793 431.69 359.196 444.988 437.259 418.31 441.804 405.012 363.741
2 0.856445 359.343 362.32 393.505 552.273 360.657 558.18 326.495 368.227
3 0.854004 610.193 325.516 620.101 396.831 593.807 400.484 583.899 329.169
2 0.848633 398.3 362.481 424.553 488.399 395.2 494.519 368.947 368.601
4 0.847168 396.67 131.977 402.442 161.958 381.33 166.023 375.558 136.042
3 0.823242 541.369 335.417 552.036 389.915 525.631 395.083 514.964 340.585
2 0.816406 642.425 323.695 644.318 392.232 623.575 392.805 621.682 324.268
4 0.798828 427.254 120.754 438.232 153.987 414.746 161.746 403.768 128.513
2 0.784668 240.888 619.599 267.542 619.231 267.862 642.401 241.208 642.769
2 0.734375 185.443 618.205 213.911 618.03 214.057 641.795 185.589 641.97
3 0.669434 399.68 365.004 422.38 482.901 393.32 488.496 370.62 370.599
2 0.635254 178.012 236.158 188.297 291.397 161.738 296.342 151.453 241.103
2 0.621094 612.391 326.398 619.381 397.367 591.609 400.102 584.619 329.133
3 0.610352 641.07 323.305 646.234 387.912 623.93 389.695 618.766 325.088
3 0.604004 241.08 619.342 266.982 618.865 267.42 642.658 241.518 643.135
4 0.570312 179.201 236.929 188.412 290.994 161.549 295.571 152.338 241.506
4 0.476562 220.147 220.158 231.42 285.125 201.353 290.342 190.08 225.375
2 0.318115 539.742 335.574 551.929 389.079 526.258 394.926 514.071 341.421
