4 0.9375 215.328 154.135 260.711 151.347 262.172 175.115 216.789 177.903
4 0.93457 218.129 181.66 262.696 179.401 263.871 202.59 219.304 204.849
4 0.93457 219.437 209.857 264.17 208.621 264.813 231.893 220.08 233.129
4 0.925781 229.833 514.551 273.642 514.013 273.917 536.449 230.108 536.987
4 0.923828 219.759 238.439 264.895 236.291 265.991 259.311 220.855 261.459
4 0.921875 230.775 580.524 276.414 578.422 277.475 601.476 231.836 603.578
4 0.920898 214.835 101.066 258.019 99.3426 258.915 121.809 215.731 123.532
2 0.920898 208.261 406.071 274.074 406.273 273.989 433.929 208.176 433.727
2 0.920898 190.824 43.0678 255.862 41.2716 256.676 70.7447 191.638 72.5409
4 0.916992 210.587 72.6677 259.725 71.3106 260.413 96.2073 211.275 97.5644
4 0.916016 233.53 613.036 277.989 611.125 278.97 633.964 234.511 635.875
4 0.914062 227.177 485.959 271.262 483.454 272.573 506.541 228.488 509.046
3 0.890625 362.227 66.9778 421.974 66.3363 422.273 94.1472 362.526 94.7887
3 0.888672 363.931 104.129 421.78 100.397 423.569 128.121 365.72 131.853
2 0.885742 218.043 450.185 272.881 446.394 274.707 472.815 219.869 476.606
4 0.880859 144.845 244.278 179.282 244.066 179.405 264.222 144.968 264.434
2 0.876953 377.5 325.281 561 325.281 561 353.719 377.5 353.719
2 0.875 380.566 364.658 462.068 367.785 460.934 397.342 379.432 394.215
3 0.874023 361.633 32.9311 440.74 31.2319 441.367 60.4439 362.26 62.1431
3 0.870605 372.404 211.769 454.598 214.796 453.596 241.981 371.402 238.954
3 0.855469 364.499 2.60541 442.586 -1.35086 444.001 26.5665 365.914 30.5227
2 0.854492 371.132 281.44 561.855 284.658 561.368 313.56 370.645 310.342
2 0.853027 375.707 245.139 512.312 242.834 512.793 271.361 376.188 273.666
2 0.832031 380.026 531.575 465.048 527.398 466.474 556.425 381.452 560.602
2 0.821289 381.923 465.426 463.398 463.426 464.077 491.074 382.602 493.074
4 0.819824 606.954 415.882 640.542 415.263 641.046 442.618 607.458 443.237
0 0.813477 218.083 450.184 273.182 446.545 274.917 472.816 219.818 476.455
4 0.804688 160.666 619.628 183.678 620.016 183.334 640.372 160.322 639.984
3 0.798828 611.858 228.757 640.84 228.401 641.142 252.993 612.16 253.349
2 0.719238 605.965 415.368 639.005 414.151 640.035 442.132 606.995 443.349
4 0.671875 218.288 450.121 272.301 446.636 273.962 472.379 219.949 475.864
