4 0.955078 381.341 157.788 408.7 195.155 389.159 209.462 361.8 172.095
4 0.953125 357.27 173.818 384.943 211.614 365.73 225.682 338.057 187.886
4 0.952148 334.017 191.092 361.959 227.239 342.983 241.908 315.041 205.761
4 0.948242 401.711 140.758 430.373 177.254 411.289 192.242 382.627 155.746
4 0.943359 130.699 331.319 158.643 367.583 139.051 382.681 111.107 346.417
2 0.939453 312.273 393.934 357.306 466.024 333.227 481.066 288.194 408.976
4 0.939453 107.971 348.385 134.066 385.925 113.654 400.115 87.5588 362.575
4 0.9375 447.461 111.116 473.21 147.678 453.039 161.884 427.29 125.322
2 0.9375 186.039 273.534 223.928 326.81 201.211 342.966 163.322 289.69
3 0.935547 557.136 220.184 587.458 267.264 564.864 281.816 534.542 234.736
3 0.932617 585.407 198.388 624.686 262.133 601.593 276.362 562.314 212.617
4 0.931641 468.894 93.5479 497.454 132.554 477.106 147.452 448.546 108.446
3 0.929688 525.772 239.799 558.799 284.907 537.228 300.701 504.201 255.593
4 0.923828 27.6559 405.859 55.3407 442.595 35.3753 457.641 7.69057 420.905
2 0.921875 484.991 61.2662 519.643 114.888 495.509 130.484 460.857 76.8618
3 0.917969 440.786 306.969 481.334 375.57 457.714 389.531 417.166 320.93
4 0.917969 52.864 386.001 81.4075 424.241 61.636 438.999 33.0925 400.759
2 0.911133 173.855 487.183 221.891 553.641 200.895 568.817 152.859 502.359
2 0.90625 349.306 370.228 448.642 519.886 421.694 537.772 322.358 388.114
2 0.899414 231.914 450.861 276.555 519.942 254.586 534.139 209.945 465.058
3 0.897461 619.906 184.697 646.651 248.71 623.094 258.553 596.349 194.54
2 0.895508 376.662 340.082 428.822 421.344 405.338 436.418 353.178 355.156
2 0.884766 411.337 323.597 490.42 433.009 465.663 450.903 386.58 341.491
2 0.867188 378.324 335.552 446.98 446.973 422.676 461.948 354.02 350.527
0 0.865723 155.584 304.45 190.713 349.893 169.166 366.55 134.037 321.107
4 0.865723 290.551 132.221 307.666 159.996 288.949 171.529 271.834 143.754
2 0.853027 234.38 451.182 295.337 540.032 270.87 556.818 209.913 467.968
2 0.842773 379.148 619.576 413.022 619.784 412.852 647.424 378.978 647.216
2 0.839844 386.229 355.028 488.327 501.902 463.771 518.972 361.673 372.098
2 0.833496 156.351 303.937 189.692 349.473 168.399 365.063 135.058 319.527
2 0.810059 450.919 617.468 484.755 618.195 484.081 649.532 450.245 648.805
4 0.79248 13.4129 486.265 31.9169 513.059 12.8371 526.235 -5.66688 499.441
3 0.757324 645.946 167.212 647.212 204.722 623.054 205.538 621.788 168.028
3 0.71875 406.26 324.721 462.073 390.641 441.24 408.279 385.427 342.359
4 0.655762 156.111 304.371 189.508 349.983 168.139 365.629 134.742 320.017
2 0.644043 469.413 93.3886 496.352 132.397 475.587 146.736 448.648 107.728
4 0.513672 378.412 619.504 411.505 619.402 411.588 646.496 378.495 646.598
