4 0.953125 298.182 173.378 338.482 193.048 328.318 213.872 288.018 194.202
4 0.952148 327.286 125.122 368.815 144.685 358.714 166.128 317.185 146.565
4 0.952148 314.205 148.855 354.794 169.208 344.295 190.145 303.706 169.792
4 0.951172 283.034 197.3 322.736 216.98 312.466 237.7 272.764 218.02
2 0.947266 177.627 327.783 233.1 360.57 219.123 384.217 163.65 351.43
4 0.947266 132.869 428.283 171.298 449.128 160.131 469.717 121.702 448.872
4 0.939453 147.743 403.317 187.71 424.131 177.007 444.683 137.04 423.869
2 0.939453 340.983 391.433 408.48 440.695 392.517 462.567 325.02 413.305
4 0.938477 357.906 80.7136 397.505 101.491 386.594 122.286 346.995 101.509
4 0.9375 78.8275 511.637 120.339 530.267 110.423 552.363 68.9113 533.733
4 0.93457 370.335 56.3844 412.773 77.0166 401.665 99.8656 359.227 79.2334
3 0.93457 499.019 140.045 548.601 166.939 535.981 190.205 486.399 163.311
2 0.931641 371.57 20.6332 427.686 51.4069 413.93 76.4918 357.814 45.7181
3 0.931641 517.591 110.634 583.149 148.708 569.409 172.366 503.851 134.292
3 0.927734 477.625 169.815 529.9 195.229 518.375 218.935 466.1 193.521
4 0.925781 94.2753 482.804 137.191 503.668 126.725 525.196 83.809 504.332
0 0.919922 159.859 369.123 210.149 395.215 198.391 417.877 148.101 391.785
3 0.915039 424.461 261.678 491.222 309.933 475.039 332.322 408.278 284.067
2 0.912109 365.25 359.829 513.588 457.308 497.25 482.171 348.912 384.692
2 0.907227 401.979 294.173 523.577 366.045 509.521 389.827 387.923 317.955
2 0.907227 566.769 36.3985 639.119 72.2613 628.231 94.2265 555.881 58.3637
3 0.90625 537.148 87.2766 606.375 126.493 593.852 148.598 524.625 109.382
2 0.904297 376.103 320.371 539.785 425.434 524.897 448.629 361.215 343.566
2 0.89502 551.897 60.7563 621.174 98.3341 610.103 118.744 540.826 81.1659
2 0.890625 287.757 477.232 358.043 522.195 344.243 543.768 273.957 498.805
2 0.879883 492.358 570.981 610.813 618.985 598.642 649.019 480.187 601.015
2 0.838867 246.357 528.907 342.991 583.649 329.143 608.093 232.509 553.351
4 0.832031 159.649 367.912 211.048 394.58 198.851 418.088 147.452 391.42
3 0.828613 553.442 59.818 625.815 98.502 613.558 121.432 541.185 82.748
3 0.794434 602.002 417.643 636.527 418.331 635.998 444.857 601.473 444.169
2 0.683105 160.073 369.002 209.501 395.325 197.427 417.998 147.999 391.675
2 0.520508 401.464 292.136 480.079 335.563 468.036 357.364 389.421 313.937
3 0.39624 -7.6306 511.192 21.2936 513.058 19.8259 535.808 -9.09832 533.942
