4 0.958008 362.891 152.624 394.864 185.695 377.609 202.376 345.636 169.305
4 0.957031 340.799 171.539 373.04 204.48 356.201 220.961 323.96 188.02
4 0.951172 319.504 189.926 352.151 222.774 334.996 239.824 302.349 206.976
4 0.951172 382.774 133.433 415.175 166.436 397.726 183.567 365.325 150.564
4 0.949219 110.714 371.698 141.405 403.835 124.161 420.302 93.4703 388.165
4 0.941406 132.524 352.166 164.367 384.402 147.226 401.334 115.383 369.098
4 0.941406 423.48 99.8964 454.95 131.755 438.02 148.479 406.55 116.62
2 0.94043 456.45 45.6851 497.167 95.1437 475.55 112.94 434.833 63.4813
2 0.9375 182.249 287.127 225.164 336.113 203.751 354.873 160.836 305.887
4 0.935547 443.419 79.8349 476.174 114.879 458.081 131.79 425.326 96.746
3 0.933594 543.027 194.246 581.741 238.436 561.973 255.754 523.259 211.564
2 0.933594 321.885 393.987 371.42 461.207 348.615 478.013 299.08 410.793
4 0.928711 37.0864 437.293 68.7074 468.914 51.9136 485.707 20.2926 454.086
3 0.928711 512.413 219.04 555.332 257.82 537.587 277.46 494.668 238.68
4 0.926758 62.168 414.731 92.3079 448.816 74.832 464.269 44.6921 430.184
3 0.924805 438.717 294.053 485.496 358.565 464.283 373.947 417.504 309.435
3 0.921875 569.778 171.607 619.816 230.706 599.222 248.143 549.184 189.044
2 0.917969 352.961 369.712 469.721 504.232 446.039 524.788 329.279 390.268
2 0.89502 191.481 501.059 248.635 562.019 229.519 579.941 172.365 518.981
4 0.892578 270.426 136.395 290.754 161.713 274.074 175.105 253.746 149.787
2 0.890625 412.108 313.565 498.235 413.101 475.892 432.435 389.765 332.899
3 0.879883 597.946 154.385 644.255 217.228 624.054 232.115 577.745 169.272
0 0.875977 153.576 322.948 194.478 362.736 176.174 381.552 135.272 341.764
2 0.87207 485.356 601.389 536.04 614.085 528.144 645.611 477.46 632.915
2 0.868164 245.864 460.289 313.284 537.246 291.636 556.211 224.216 479.254
2 0.867188 378.631 331.699 448.85 422.536 425.869 440.301 355.65 349.464
2 0.865723 410.338 610.596 457.382 616.691 453.662 645.404 406.618 639.309
2 0.856445 154.757 322.445 194.366 362.297 175.493 381.055 135.884 341.203
3 0.847168 630.893 133.139 648.881 187.588 626.107 195.111 608.119 140.662
2 0.832031 195.283 497.974 273.192 587.179 250.467 607.026 172.558 517.821
3 0.788086 621.29 122.219 649.264 122.992 648.71 143.031 620.736 142.258
4 0.77832 153.605 322.069 194.446 361.92 175.895 380.931 135.054 341.08
4 0.776367 409.44 612.393 452.986 617.222 450.06 643.607 406.514 638.778
3 0.760742 409.413 319.198 509.28 417.848 488.087 439.302 388.22 340.652
4 0.734375 26.1 518.753 52.2598 536.938 38.8375 556.247 12.6777 538.062
