4 0.949219 357.411 194.868 376.284 236.921 354.089 246.882 335.216 204.829
4 0.949219 383.801 182.546 401.848 225.74 379.199 235.204 361.152 192.01
4 0.948242 409.12 170.639 428.262 213.291 406.38 223.111 387.238 180.459
4 0.943359 432.565 157.116 453.528 198.763 431.435 209.884 410.472 168.237
4 0.938477 506.09 123.046 526.24 165.991 503.41 176.704 483.26 133.759
4 0.9375 106.346 311.146 124.411 353.111 101.779 362.854 83.7137 320.889
2 0.9375 197.662 250.319 223.594 309.309 196.588 321.181 170.656 262.191
3 0.9375 537.137 276.585 561.239 327.341 536.863 338.915 512.761 288.159
4 0.9375 132.555 298.221 152.246 339.69 129.945 350.279 110.254 308.81
2 0.928711 301.053 391.272 329.751 469.952 302.947 479.728 274.249 401.048
4 0.928711 46.7189 338.683 66.1728 381.502 43.4686 391.817 24.0147 348.998
4 0.926758 482.834 136.372 500.387 178.384 477.666 187.878 460.113 145.866
2 0.925781 528.202 93.5984 551.885 152.82 524.798 163.652 501.115 104.43
3 0.923828 571.267 260.619 593.204 314.513 567.733 324.881 545.796 270.987
3 0.921875 441.443 327.315 468.92 404.11 443.557 413.185 416.08 336.39
2 0.920898 148.475 458.162 182.083 532.135 158.525 542.838 124.917 468.865
4 0.914062 20.6285 354.781 36.3268 395.851 14.434 404.219 -1.26425 363.149
2 0.907227 408.349 337.581 470.404 465.721 443.151 478.919 381.096 350.779
2 0.901367 370.976 351.798 410.257 439.326 386.024 450.202 346.743 362.674
2 0.899414 339.057 371.604 412.238 539.471 381.443 552.896 308.262 385.029
3 0.899414 602.535 247.661 629.567 316.479 604.465 326.339 577.433 257.521
0 0.898438 161.12 276.772 187.189 326.829 163.38 339.228 137.311 289.171
2 0.896484 209.065 433.615 241.801 510.635 217.685 520.885 184.949 443.865
4 0.892578 162.589 276.368 186.636 327.011 162.161 338.632 138.114 287.989
4 0.880859 323.041 129.05 334.888 160.92 313.959 168.7 302.112 136.83
2 0.865723 208.606 431.865 261.592 538.348 235.894 551.135 182.908 444.652
2 0.863281 357.442 352.873 446.865 536.09 416.058 551.127 326.635 367.91
3 0.819824 639.76 236.447 646.508 300.907 621.24 303.553 614.492 239.093
2 0.812012 407.479 340.643 440.257 411.628 417.021 422.357 384.243 351.372
4 0.788086 10.7991 375.081 13.0184 407.912 -1.88505 408.919 -4.10438 376.088
2 0.703613 162.994 276.061 186.562 327.101 162.006 338.439 138.438 287.399
3 0.535156 322.166 625.205 351.601 624.844 351.834 643.795 322.399 644.156
2 0.479492 319.628 625.405 352.43 624.6 352.872 642.595 320.07 643.4
2 0.437012 641.822 239.031 646.926 308.218 623.178 309.969 618.074 240.782
