4 0.951172 290.834 150.971 333.262 166.152 325.166 188.779 282.738 173.598
4 0.951172 278.408 177.414 321.226 192.144 313.592 214.336 270.774 199.606
4 0.945312 149.476 453.471 191.217 468.987 183.024 491.029 141.283 475.513
4 0.945312 300.534 126.009 343.945 140.35 336.466 162.991 293.055 148.65
4 0.943359 267.14 203.265 309.382 217.653 301.86 239.735 259.618 225.347
4 0.943359 161.036 426.429 203.359 441.719 195.464 463.571 153.141 448.281
4 0.941406 108.585 542.81 151.351 557.596 143.54 580.19 100.774 565.404
4 0.941406 324.46 77.7401 365.881 92.4892 358.04 114.51 316.619 99.7608
2 0.939453 179.97 347.971 240.115 373.753 229.28 399.029 169.135 373.247
3 0.935547 454.666 148.515 510.162 167.702 501.334 193.235 445.838 174.048
4 0.932617 120.242 513.077 164.101 528.241 156.258 550.923 112.399 535.759
2 0.931641 330.87 15.4478 389.951 41.6365 378.63 67.1772 319.549 40.9885
2 0.928711 351.733 387.431 425.783 427.744 412.267 452.569 338.217 412.256
4 0.928711 333.234 51.9642 378.328 67.4775 370.266 90.9108 325.172 75.3975
4 0.924805 168.002 390.394 221.433 409.143 212.498 434.606 159.067 415.857
3 0.921875 414.749 249.6 486.857 284.247 475.251 308.4 403.143 273.753
3 0.916992 470.029 115.376 526.354 137.801 516.471 162.624 460.146 140.199
3 0.915039 488.258 85.5255 557.348 113.895 546.742 139.724 477.652 111.355
3 0.907227 503.778 59.2765 579.126 89.6774 569.222 114.223 493.874 83.8226
2 0.904297 400.572 281.552 528.1 336.219 516.427 363.448 388.9 308.781
2 0.902344 363.737 352.29 535.712 429.47 523.263 457.21 351.288 380.03
3 0.899414 517.116 29.7761 596.711 59.7801 586.884 85.8489 507.289 55.8449
2 0.890625 532.697 533.801 645.231 582.04 632.303 612.199 519.769 563.96
2 0.883789 276.909 537.687 353.474 568.579 343.091 594.313 266.526 563.421
2 0.883789 377.409 314.277 554.657 392.521 543.091 418.723 365.843 340.479
3 0.882812 526.238 3.21961 611.966 33.7451 602.762 59.5929 517.034 29.0674
2 0.861328 307.782 478.93 416.639 525.593 405.718 551.07 296.861 504.407
3 0.847168 615.398 377.09 643.223 376.663 643.602 401.41 615.777 401.837
2 0.842773 168.924 391.432 220.676 409.681 212.076 434.068 160.324 415.819
3 0.812012 605.455 7.46568 640.463 15.7229 634.545 40.8156 599.537 32.5584
2 0.811523 600.474 494.371 651.238 523.128 634.526 552.629 583.762 523.872
4 0.802246 130.442 623.528 157.192 623.692 157.058 645.472 130.308 645.308
0 0.755859 169.324 391.815 221.88 409.356 213.426 434.685 160.87 417.144
4 0.747559 365.422 -7.07532 409.037 -6.13851 408.578 15.2159 364.963 14.2791
2 0.688965 365.398 -7.17252 409.634 -6.08657 409.102 15.5788 364.866 14.4928
4 0.663574 161.775 628.644 181.133 628.911 180.975 640.356 161.617 640.089
3 0.531738 616.506 -0.34141 638.705 0.10133 638.494 10.7008 616.295 10.258
2 0.495117 397.523 280.7 477.743 312.211 468.477 335.8 388.257 304.289
3 0.479492 593.579 497.713 653.033 515.947 643.421 547.287 583.967 529.053
