4 0.955078 332.582 170.607 366.945 201.655 350.918 219.393 316.555 188.345
4 0.953125 354.612 150.699 387.894 181.999 371.388 199.551 338.106 168.251
4 0.952148 372.45 130.504 406.863 161.217 390.55 179.496 356.137 148.783
4 0.952148 312.899 190.617 347.009 221.059 331.101 238.883 296.991 208.441
3 0.948242 561.912 159.728 614.876 216.22 595.088 234.772 542.124 178.28
4 0.947266 114.225 382.859 146.759 412.621 130.275 430.641 97.7407 400.879
3 0.946289 536.069 183.003 576.449 224.899 557.931 242.747 517.551 200.851
2 0.945312 179.836 295.224 226.384 340.504 206.664 360.776 160.116 315.496
4 0.943359 134.179 361.287 168.78 391.882 152.571 410.213 117.97 379.618
4 0.942383 429.355 74.0223 465.773 105.146 449.145 124.603 412.727 93.4789
4 0.941406 412.085 94.6946 444.64 125.217 427.915 143.055 395.36 112.533
3 0.938477 508.051 209.927 551.585 245.991 534.949 266.073 491.415 230.009
2 0.9375 325.747 393.344 378.49 460.081 356.253 477.656 303.51 410.919
2 0.935547 440.573 39.8252 484.661 84.871 464.427 104.675 420.339 59.629
4 0.932617 42.7948 452.037 77.586 481.312 61.8927 499.963 27.1015 470.688
4 0.925781 66.4678 427.201 100.572 460.174 83.5322 477.799 49.4276 444.826
2 0.920898 354.189 368.236 477.19 498.625 455.311 519.264 332.31 388.875
3 0.920898 437.43 287.625 487.806 350.174 467.07 366.875 416.694 304.326
3 0.916016 587.377 140.652 644.14 203.668 625.623 220.348 568.86 157.332
2 0.914062 201.955 508.021 256.647 564.072 238.295 581.979 183.603 525.928
0 0.908203 152.973 330.456 197.329 367.779 180.277 388.044 135.921 350.721
2 0.87793 399.371 308.031 516.523 428.094 495.129 448.969 377.977 328.906
2 0.876953 427.169 607.333 483.45 617.991 477.831 647.667 421.55 637.009
4 0.869141 153.207 330.772 196.581 368.186 179.293 388.228 135.919 350.814
3 0.869141 618.042 116.329 650.078 175.173 628.958 186.671 596.922 127.827
2 0.865723 251.499 463.625 334.732 547.885 315.001 567.375 231.768 483.115
2 0.845703 503.988 588.465 562.814 618.529 549.012 645.535 490.186 615.471
2 0.800781 372.698 329.882 456.513 412.676 437.802 431.618 353.987 348.824
3 0.783203 569.587 479.861 604.68 482.829 602.413 509.639 567.32 506.671
2 0.769043 485.028 25.5062 522.274 53.3965 509.472 70.4938 472.226 42.6035
3 0.726562 640.32 99.3424 647.003 137.861 623.68 141.908 616.997 103.389
2 0.716797 383.062 627.789 409.938 627.789 409.938 640.211 383.062 640.211
3 0.703125 324.951 394.095 378.907 457.822 357.549 475.905 303.593 412.178
3 0.636719 417.347 309.204 504.425 408.907 481.653 428.796 394.575 329.093
2 0.634277 642.968 101.675 645.912 138.496 623.032 140.325 620.088 103.504
2 0.574219 431.085 74.3496 464.362 106.424 446.915 124.525 413.638 92.4509
2 0.50293 154.024 330.732 196.329 368.605 178.726 388.268 136.421 350.395
3 0.404785 425.621 607.079 483.461 618.4 477.879 646.921 420.039 635.6
0 0.348389 644.253 101.06 646.354 139.065 623.747 140.315 621.646 102.31
