4 0.929688 415.932 278.416 419.792 231.544 444.568 233.584 440.708 280.456
4 0.926758 387.356 274.803 391.461 228.986 416.144 231.197 412.039 277.014
2 0.925781 578.516 290.961 584.395 229.837 612.484 232.539 606.605 293.663
4 0.925781 472.575 283.295 475.327 236.751 499.925 238.205 497.173 284.749
0 0.925781 176.134 254.709 178.595 198.638 204.866 199.791 202.405 255.862
4 0.923828 444.792 281.354 448.131 234.88 472.708 236.646 469.369 283.12
2 0.918945 214.95 258.139 220.178 194.51 248.8 196.861 243.572 260.49
4 0.915039 112.686 243.837 116.235 200.263 139.564 202.163 136.015 245.737
3 0.914062 530.636 451.821 536.637 397.715 563.364 400.679 557.363 454.785
2 0.908203 224.134 449.665 237.392 365.832 265.866 370.335 252.608 454.168
4 0.907227 523.175 287.368 527.755 243.041 552.825 245.632 548.245 289.958
3 0.907227 561.346 472.919 568.005 400.537 595.654 403.081 588.995 475.463
4 0.904297 142.689 247.226 145.469 203.251 169.561 204.774 166.781 248.749
4 0.902344 551.401 290.991 555.413 244.821 580.599 247.009 576.587 293.179
4 0.899414 47.1803 238.746 50.7995 192.888 74.4447 194.754 70.8255 240.612
4 0.898438 15.9329 235.029 18.9656 191.134 41.9421 192.721 38.9094 236.616
3 0.895508 379.844 461.565 389.318 384.268 415.156 387.435 405.682 464.732
3 0.89502 497.538 448.769 500.886 392.587 528.462 394.231 525.114 450.413
2 0.882812 131.364 443.672 139.083 357.517 164.886 359.828 157.167 445.983
4 0.880859 394.643 188.848 398.526 154.724 419.857 157.152 415.974 191.276
2 0.866211 67.6539 430.135 73.8557 346.928 99.8461 348.865 93.6443 432.072
2 0.865723 153.717 639.445 156.225 588.1 186.033 589.555 183.525 640.9
2 0.859863 253.382 549.234 272.751 368.897 304.118 372.266 284.749 552.603
3 0.855469 413.116 447.381 418.545 387.941 442.384 390.119 436.955 449.559
2 0.853027 290.589 564.124 318.46 360.523 353.911 365.376 326.04 568.977
2 0.794434 342.733 513.638 352.252 377.095 384.767 379.362 375.248 515.905
3 0.774414 594.894 489.114 601.181 406.415 627.106 408.386 620.819 491.085
3 0.720215 342.941 621.64 370.266 621.221 370.559 640.36 343.234 640.779
2 0.712402 621.474 301.956 625.735 242.484 640.526 243.544 636.265 303.016
2 0.666016 595.292 492.784 600.781 408.463 627.708 410.216 622.219 494.537
3 0.660645 337.964 515.578 352.834 377.627 388.036 381.422 373.166 519.373
3 0.46875 628.226 492.642 628.446 407.329 639.774 407.358 639.554 492.671
2 0.441406 626.775 489.215 628.228 411.541 641.225 411.785 639.772 489.459
3 0.439453 634.318 504.727 634.318 482.273 639.682 482.273 639.682 504.727
3 0.418457 153.63 639.983 155.053 588.19 185.12 589.017 183.697 640.81
