2 0.946289 267.933 21.5816 329.516 34.7176 323.567 62.6059 261.984 49.4699
4 0.943359 250.634 188.917 295.033 195.852 291.366 219.333 246.967 212.398
4 0.941406 256.677 160.109 301.315 167.713 297.323 191.141 252.685 183.537
4 0.94043 261.139 134.166 305.921 139.969 302.861 163.584 258.079 157.781
4 0.9375 181.344 485.793 224.57 493.841 220.406 516.207 177.18 508.159
4 0.933594 275.198 81.0877 318.493 89.7686 313.802 113.162 270.507 104.481
2 0.933594 189.281 375.349 252.68 389.688 246.469 417.151 183.07 402.812
4 0.932617 244.85 215.679 288.347 223.639 284.15 246.571 240.653 238.611
4 0.931641 165.355 549.856 210.793 557.024 207.145 580.144 161.707 572.976
4 0.931641 187.382 456.442 231.229 464.397 227.118 487.058 183.271 479.103
4 0.931641 159.679 582.051 203.984 589.18 200.321 611.949 156.016 604.82
4 0.923828 277.951 54.5545 324.673 63.6246 320.049 87.4455 273.327 78.3754
2 0.923828 364.277 380.375 444.236 402.635 436.723 429.625 356.764 407.365
3 0.914062 436.139 54.7957 510.466 71.2468 504.361 98.8293 430.034 82.3782
3 0.912109 417.162 123.53 474.437 132.475 470.338 158.72 413.063 149.775
3 0.912109 424.337 88.2414 484.122 99.3726 479.163 126.009 419.378 114.877
2 0.901367 187.868 420.027 242.509 428.819 238.382 454.473 183.741 445.681
3 0.898438 398.192 227.682 477.057 251.473 468.808 278.818 389.943 255.027
2 0.886719 342.847 478.748 419.839 495.294 414.153 521.752 337.161 505.206
2 0.882812 368.019 343.518 554.078 382.013 547.981 411.482 361.922 372.987
2 0.882812 392.184 262.946 528.708 293.383 522.316 322.054 385.792 291.617
3 0.880859 443.513 24.8721 528.438 41.6293 522.987 69.2529 438.062 52.4957
2 0.880859 571.921 485.36 642.299 500.259 636.079 529.64 565.701 514.741
2 0.875977 323.089 540.767 403.844 556.701 398.411 584.233 317.656 568.299
2 0.871582 376.578 299.886 561.936 343.305 555.422 371.114 370.064 327.695
0 0.857422 187.352 420.358 242.723 429.529 238.398 455.642 183.027 446.471
3 0.857422 451.007 -3.89434 532.453 8.44251 528.493 34.5818 447.047 22.245
2 0.797852 619.034 465.247 626.914 434.168 646.966 439.253 639.086 470.332
3 0.796875 620.803 334.644 627.317 306.69 645.197 310.856 638.683 338.81
4 0.712891 186.475 421.384 243.118 429.255 239.525 455.116 182.882 447.245
3 0.567871 500.262 -0.981801 532.32 1.08649 531.738 10.1068 499.68 8.03851
3 0.550781 363.317 380.333 445.539 403.087 438.183 429.667 355.961 406.913
2 0.357666 295.953 -0.296875 339.547 -0.296875 339.547 8.89062 295.953 8.89062
