4 0.946289 448.856 170.444 464.704 213.894 441.644 222.306 425.796 178.856
4 0.945312 424.963 180.829 439.101 225.456 415.537 232.921 401.399 188.294
4 0.945312 397.337 189.052 412.09 233.709 388.663 241.448 373.91 196.791
4 0.941406 370.584 198.649 385.044 242.876 361.416 250.601 346.956 206.374
0 0.935547 167.058 259.965 186.88 312.306 161.192 322.035 141.37 269.694
2 0.93457 205.538 238.063 225.927 299.782 198.212 308.937 177.823 247.218
2 0.928711 293.746 389.26 314.827 471.282 287.754 478.24 266.673 396.218
3 0.927734 576.354 289.401 591.764 341.938 565.646 349.599 550.236 297.062
4 0.926758 108.371 289.21 121.661 332.072 98.3791 339.29 85.0893 296.428
4 0.925781 135.82 279.23 150.479 321.841 127.43 329.77 112.771 287.159
4 0.923828 500.447 154.597 514.028 197.466 490.553 204.903 476.972 162.034
2 0.921875 550.319 117.143 568.139 177.212 540.681 185.357 522.861 125.288
4 0.919922 526.426 143.819 542.016 188.688 517.574 197.181 501.984 152.312
3 0.912109 540.976 301.069 558.654 352.457 534.024 360.931 516.346 309.543
4 0.911133 45.9626 310.1 61.1013 353.669 37.4124 361.9 22.2737 318.331
4 0.908203 19.5299 323.823 27.7267 367.847 4.47008 372.177 -3.72667 328.153
2 0.898438 406.214 345.606 455.922 478.087 425.786 489.394 376.078 356.913
2 0.896484 134.8 440.765 161.868 517.904 136.7 526.735 109.632 449.596
2 0.890625 333.293 372.416 390.5 545.586 357.207 556.584 300 383.414
3 0.890625 609.285 278.501 629.316 348.374 602.715 355.999 582.684 286.126
3 0.889648 437.69 340.218 459.444 418.826 434.31 425.782 412.556 347.174
4 0.883789 343.771 130.413 352.655 162.519 330.729 168.587 321.845 136.481
2 0.876953 367.803 354.755 398.338 449.125 371.697 457.745 341.162 363.375
2 0.874023 198.612 421.306 228.819 515.651 202.138 524.194 171.931 429.849
4 0.873047 83.17 215.006 95.3294 254.652 72.205 261.744 60.0456 222.098
2 0.853027 367.743 353.365 429.158 541.205 397.257 551.635 335.842 363.795
2 0.755859 404.186 346.651 439.599 439.302 413.314 449.349 377.901 356.698
2 0.692871 643.726 273.614 646.597 340.427 624.274 341.386 621.403 274.573
3 0.580078 409.236 351.102 447.396 459.851 418.764 469.898 380.604 361.149
3 0.535645 288.621 625.144 318.214 624.872 318.379 642.856 288.786 643.128
3 0.499512 644.705 272.165 647.632 340.289 623.295 341.335 620.368 273.211
4 0.441895 539.549 301.23 558.795 352.051 534.451 361.27 515.205 310.449
4 0.406006 167.349 259.83 186.205 312.527 160.651 321.67 141.795 268.973
