4 0.949219 359.406 195.435 377.994 237.718 355.594 247.565 337.006 205.282
4 0.948242 385.783 183.245 404.168 226.5 381.217 236.255 362.832 193
4 0.946289 411.89 173.142 430.238 214.881 408.11 224.608 389.762 182.869
4 0.943359 435.911 159.878 455.116 201.47 432.589 211.872 413.384 170.28
4 0.941406 106.624 307.953 124.136 349.508 101.501 359.047 83.9892 317.492
2 0.939453 532.209 96.5814 554.725 157.157 527.791 167.169 505.275 106.593
2 0.9375 198.982 248.392 224.139 307.58 197.018 319.108 171.861 259.92
4 0.932617 486.534 139.687 502.6 181.721 479.466 190.563 463.4 148.529
4 0.931641 132.491 295.409 151.82 336.115 129.759 346.591 110.43 305.885
3 0.931641 537.65 280.502 560.775 331.401 536.35 342.498 513.225 291.599
4 0.928711 511.26 125.587 528.76 170.954 504.24 180.413 486.74 135.046
3 0.927734 572.816 269.463 592.786 318.523 568.184 328.537 548.214 279.477
2 0.925781 300.263 390.247 327.49 471.824 300.737 480.753 273.51 399.176
4 0.920898 45.8855 334.571 65.1193 376.564 42.4895 386.929 23.2557 344.936
4 0.916016 19.9874 348.783 34.9008 392.133 12.8564 399.717 -2.05708 356.367
3 0.911133 440.661 329.066 468.202 406.038 443.339 414.934 415.798 337.962
0 0.908203 160.853 273.273 187.676 324.204 163.897 336.727 137.074 285.796
2 0.907227 145.236 455.095 178.785 529.849 155.264 540.405 121.715 465.651
3 0.90625 604.041 253.79 629.055 319.235 602.959 329.21 577.945 263.765
2 0.901367 338.501 371.679 407.258 540.597 375.999 553.321 307.242 384.403
2 0.901367 408.386 340.118 466.062 466.038 439.114 478.382 381.438 352.462
2 0.898438 372.147 349.664 404.74 434.158 378.353 444.336 345.76 359.842
2 0.892578 207.59 432.32 237.482 507.738 213.66 517.18 183.768 441.762
4 0.882812 326.653 129.509 338.173 160.5 317.347 168.241 305.827 137.25
4 0.864746 74.4618 236.284 90.4435 272.338 69.2882 281.716 53.3065 245.662
2 0.862305 365.352 353.546 447.717 534.838 416.648 548.953 334.283 367.662
2 0.856445 207.203 430.606 255.946 534.075 229.797 546.394 181.054 442.925
2 0.853027 407.472 342.75 438.718 414.423 415.028 424.75 383.782 353.077
4 0.777344 9.96637 372.286 12.1377 401.721 -1.32575 402.714 -3.49705 373.279
4 0.712891 162.365 273.534 186.139 324.203 162.135 335.466 138.361 284.797
3 0.691406 497.937 560.007 529.361 570.388 521.563 593.993 490.139 583.612
3 0.640137 642.851 246.72 648.284 314.691 622.149 316.78 616.716 248.809
2 0.600586 643.63 246.7 648.354 313.534 623.37 315.3 618.646 248.466
2 0.588379 314.742 625.486 347.836 625.639 347.758 642.514 314.664 642.361
2 0.549805 163.638 272.799 187.046 324.531 162.362 335.701 138.954 283.969
