4 0.958008 360.065 151.985 393.458 184.569 376.435 202.015 343.042 169.431
4 0.958008 338.324 171.017 371.426 203.317 354.676 220.483 321.574 188.183
4 0.952148 379.241 132.555 412.244 165.356 395.259 182.445 362.256 149.644
4 0.951172 317.093 190.395 350.036 222.05 333.407 239.355 300.464 207.7
4 0.947266 132.463 354.549 165.85 386.238 149.037 403.951 115.65 372.262
4 0.942383 111.833 374.946 143.185 407.876 125.667 424.554 94.3149 391.624
2 0.939453 180.73 290.675 224.819 337.411 204.77 356.325 160.681 309.589
4 0.935547 61.9368 419.043 95.3987 451.196 78.8132 468.457 45.3513 436.304
3 0.93457 540.885 191.451 579.697 233.749 561.115 250.799 522.303 208.501
4 0.933594 419.459 97.3675 451.935 129.056 434.541 146.882 402.065 115.194
3 0.933594 512.765 214.083 554.235 255.3 535.235 274.417 493.765 233.2
2 0.932617 322.834 393.464 373.735 460.364 351.166 477.536 300.265 410.636
2 0.928711 450.892 42.8433 493.609 91.7534 472.108 110.532 429.391 61.6216
4 0.928711 39.0501 440.9 72.7552 473.386 55.1999 491.6 21.4948 459.114
3 0.923828 438.565 292.687 486.148 355.827 464.935 371.813 417.352 308.673
3 0.923828 565.918 166.155 619.084 225.178 598.082 244.095 544.916 185.072
2 0.921875 354.422 366.75 471.673 501.836 447.578 522.75 330.327 387.664
4 0.921875 439.039 77.7465 473.13 113.117 454.961 130.629 420.87 95.2584
2 0.914062 410.566 315.876 504.253 413.076 482.934 433.624 389.247 336.424
3 0.901367 597.034 150.082 645.459 213.526 624.966 229.168 576.541 165.724
4 0.901367 266.041 136.904 288.279 160.99 272.459 175.596 250.221 151.51
2 0.894531 155.065 324.35 196.326 364.487 177.685 383.65 136.424 343.513
2 0.886719 416.823 610.426 466.661 617.975 462.177 647.574 412.339 640.025
0 0.876953 153.454 324.556 196.535 363.482 178.046 383.944 134.965 345.018
2 0.871582 247.683 461.807 310.261 531.278 289.817 549.693 227.239 480.222
2 0.871582 196.132 502.22 261.429 574.71 241.368 592.78 176.071 520.29
3 0.855469 627.888 127.216 650.353 183.39 628.112 192.284 605.647 136.11
2 0.833496 373.59 330.661 447.462 412.165 427.41 430.339 353.538 348.835
2 0.802246 495.266 30.5356 530.414 62.3927 515.734 78.5894 480.586 46.7323
3 0.75293 620.635 114.186 651.155 117.807 648.365 141.314 617.845 137.693
3 0.734863 564.315 490.43 595.478 492.537 593.685 519.07 562.522 516.963
4 0.712402 415.522 611.284 467.22 619.277 462.978 646.716 411.28 638.723
4 0.70166 23.2094 526.048 52.723 532.961 47.1031 556.952 17.5895 550.039
3 0.664062 404.058 312.848 509.786 415.696 487.942 438.152 382.214 335.304
2 0.648926 372.616 628.445 398.771 628.204 398.884 640.555 372.729 640.796
