4 0.952148 365.177 176.692 390.531 214.511 370.323 228.058 344.969 190.239
4 0.952148 390.365 160.951 415.138 200.339 394.135 213.549 369.362 174.161
4 0.949219 341.489 191.731 366.167 229.92 345.511 243.269 320.833 205.08
4 0.949219 411.722 144.9 437.587 183.354 416.778 197.35 390.913 158.896
2 0.948242 189.711 266.089 223.212 322.374 198.789 336.911 165.288 280.626
4 0.943359 106.479 337.268 130.57 375.572 109.646 388.732 85.5548 350.428
4 0.94043 130.765 321.263 156.345 359.42 135.735 373.237 110.155 335.08
3 0.9375 561.414 232.137 589.833 280.897 567.586 293.863 539.167 245.103
2 0.935547 310.179 392.359 349.392 469.671 323.821 482.641 284.608 405.329
3 0.931641 529.144 250.78 560.489 297.073 538.856 311.72 507.511 265.427
4 0.931641 50.581 372.444 75.0628 411.904 54.669 424.556 30.1872 385.096
4 0.929688 458.505 118.129 482.006 156.798 460.495 169.871 436.994 131.202
4 0.925781 24.9254 390.913 47.7433 429.518 27.3246 441.587 4.50673 402.982
2 0.917969 496.329 70.2114 530.597 125.445 506.671 140.289 472.403 85.0554
4 0.916992 481.013 102.213 506.005 142.497 484.987 155.536 459.995 115.253
2 0.915039 346.854 370.258 437.994 526.637 408.646 543.742 317.506 387.363
3 0.910156 441.85 312.807 477.351 384.15 453.15 396.193 417.649 324.85
2 0.90625 164.973 476.662 209.211 547.48 187.027 561.338 142.789 490.52
0 0.901367 156.863 295.443 188.926 342.797 166.387 358.057 134.324 310.703
3 0.900391 589.374 212.028 628.021 278.338 604.626 291.972 565.979 225.662
2 0.899414 224.55 446.302 266.041 518.764 243.45 531.698 201.959 459.236
2 0.896484 376.923 342.859 422.238 423.427 396.077 438.141 350.762 357.573
4 0.892578 302.03 130.67 314.542 161.409 294.47 169.58 281.958 138.841
2 0.883789 375.255 338.607 479.298 517.126 452.245 532.893 348.202 354.374
2 0.857422 629.539 199.319 649.862 264.865 625.461 272.431 605.138 206.885
2 0.821289 361.618 621.657 393.957 621.112 394.382 646.343 362.043 646.888
3 0.791992 409.273 332.595 491.87 446.87 466.227 465.405 383.63 351.13
2 0.789062 158.37 295.231 189.05 344.01 166.38 358.269 135.7 309.49
3 0.789062 530.204 529.885 562.49 537.291 556.796 562.115 524.51 554.709
3 0.782715 409.797 329.899 452.369 395.778 430.203 410.101 387.631 344.222
3 0.773926 621.999 188.307 648.849 189.461 648.001 209.193 621.151 208.039
4 0.748047 15.3728 470.819 15.7977 505.442 -3.654 505.681 -4.07891 471.058
2 0.740723 481.901 103.125 505.228 142.59 483.599 155.375 460.272 115.91
2 0.732422 432.083 622.775 466.612 622.352 466.917 647.225 432.388 647.648
3 0.634277 624.168 200.379 647.024 261.295 624.832 269.621 601.976 208.705
2 0.597656 591.022 213.238 628.034 279.044 604.978 292.012 567.966 226.206
4 0.318604 360.457 622.139 393.672 621.629 394.043 645.861 360.828 646.371
