4 0.9375 246.231 165.696 290.337 169.63 288.269 192.804 244.163 188.87
4 0.935547 193.538 495.302 237.299 499.883 234.962 522.198 191.201 517.617
2 0.935547 247.504 24.2119 308.939 35.3578 303.996 62.6006 242.561 51.4547
4 0.932617 241.357 194.115 286.445 198.625 284.143 221.635 239.055 217.125
4 0.931641 258.069 85.5259 301.538 90.4816 298.931 113.349 255.462 108.393
4 0.928711 196.46 465.39 241.395 470.443 238.79 493.61 193.855 488.557
4 0.928711 237.564 221.946 281.483 225.864 279.436 248.804 235.517 244.886
4 0.928711 182.74 559.971 228.009 564.851 225.51 588.029 180.241 583.149
4 0.928711 248.409 138.462 293.791 141.74 292.091 165.288 246.709 162.01
2 0.923828 193.105 384.203 258.5 394.416 254.145 422.297 188.75 412.084
4 0.917969 179.118 592.869 222.932 596.913 220.882 619.131 177.068 615.087
4 0.912109 258.63 57.7301 306.436 63.7755 303.37 88.0199 255.564 81.9745
2 0.908203 370.149 375.593 452.299 396.17 445.351 423.907 363.201 403.33
4 0.907227 194.473 428.831 250.022 434.56 247.277 461.169 191.728 455.44
3 0.904297 416.941 47.417 491.731 58.6283 487.559 86.458 412.769 75.2467
3 0.902344 410.309 80.4998 468.109 88.8925 464.191 115.875 406.391 107.482
3 0.895508 404.139 116.585 461.571 122.331 458.861 149.415 401.429 143.669
3 0.894531 392.017 222.581 473.699 240.791 467.483 268.669 385.801 250.459
2 0.888672 582.991 468.198 641.445 475.226 638.009 503.802 579.555 496.774
3 0.885742 425.122 16.3142 505.838 28.0343 501.878 55.3108 421.162 43.5907
2 0.882812 372.94 339.531 554.37 367.013 550.06 395.469 368.63 367.987
2 0.864746 194.541 429.144 249.663 434.743 246.959 461.356 191.837 455.757
2 0.861328 387.76 259.536 526.599 281.875 522.24 308.964 383.401 286.625
2 0.860352 378.905 295.956 561.295 326.165 556.595 354.544 374.205 324.335
2 0.859863 339.874 539.186 420.626 550.659 416.626 578.814 335.874 567.341
4 0.854004 161.701 212.653 196.221 216.642 193.799 237.597 159.279 233.608
2 0.84375 354.226 474.984 437.715 488.418 433.274 516.016 349.785 502.582
3 0.804688 617.473 308.636 631.688 284.223 646.527 292.864 632.312 317.277
3 0.748047 422.689 -3.63737 502.73 -1.79532 502.311 16.3874 422.27 14.5453
2 0.605469 271.539 -1.6821 317.977 -1.61086 317.961 8.55319 271.523 8.48195
2 0.520996 427.16 -3.20396 503.221 -3.67067 503.34 15.6571 427.279 16.1238
2 0.464355 629.512 444.945 629.512 414.055 639.488 414.055 639.488 444.945
2 0.406738 618.562 429.626 648.19 419.939 651.438 429.874 621.81 439.561
4 0.276367 268.223 -0.671512 317.316 -0.445587 317.277 7.89026 268.184 7.66434
