4 0.935547 419.202 204.885 425.7 251.655 400.798 255.115 394.3 208.345
4 0.935547 390.725 209.886 397.155 255.15 372.775 258.614 366.345 213.35
4 0.93457 446.848 201.124 453.367 247.007 429.652 250.376 423.133 204.493
4 0.933594 116.291 252.741 123.143 297.058 99.2088 300.759 92.3568 256.442
4 0.931641 473.495 195.016 482.013 239.998 457.005 244.734 448.487 199.752
2 0.923828 220.729 219.529 230.427 282.252 201.521 286.721 191.823 223.998
4 0.923828 526.09 188.311 532.398 232.709 507.91 236.189 501.602 191.791
4 0.916016 21.1814 270.154 25.8181 314.443 2.86543 316.846 -1.77124 272.557
4 0.915039 146.086 248.261 153.106 291.887 129.164 295.739 122.144 252.113
2 0.910156 282.426 384.26 289.58 467.328 261.574 469.74 254.42 386.672
4 0.908203 553.605 181.862 561.016 227.926 536.395 231.888 528.984 185.824
2 0.90625 581.839 159.542 589.305 223.294 560.161 226.708 552.695 162.956
4 0.904297 51.5305 262.609 59.4321 308.147 34.9695 312.391 27.0679 266.853
2 0.902344 182.141 399.458 192.919 480.684 167.609 484.042 156.831 402.816
2 0.900391 116.556 406.156 129.295 485.325 104.319 489.344 91.5805 410.175
4 0.889648 374.436 137.153 379.351 170.291 357.064 173.597 352.149 140.459
3 0.888672 576.814 338.038 583.588 389.091 558.186 392.462 551.412 341.409
2 0.888672 361.826 363.677 373.386 457.405 345.674 460.823 334.114 367.095
0 0.882812 179.545 234.473 189.479 289.712 162.705 294.527 152.771 239.288
2 0.880859 318.181 369.835 349.576 557.604 316.319 563.165 284.924 375.396
3 0.876953 432.528 360.633 439.692 440.939 412.472 443.367 405.308 363.061
3 0.875977 610.587 330.517 618.142 402.685 591.413 405.483 583.858 333.315
2 0.87207 400.366 361.189 422.11 496.326 391.134 501.311 369.39 366.174
2 0.853027 642.59 330.592 645.114 399.108 623.41 399.908 620.886 331.392
2 0.845703 356.746 359.495 391.323 558.767 358.254 564.505 323.677 365.233
2 0.842285 179.731 234.547 189.326 289.845 162.769 294.453 153.174 239.155
3 0.835938 541.315 339.214 550.75 393.589 523.685 398.286 514.25 343.911
3 0.818359 456.692 355.764 466.836 415.313 443.808 419.236 433.664 359.687
2 0.812012 235.363 618.353 263.034 618.226 263.137 640.647 235.466 640.774
3 0.652832 401.08 366.122 419.894 483.055 389.92 487.878 371.106 370.945
4 0.610352 7.6514 195.602 7.8094 221.352 0.325164 221.398 0.167165 195.648
2 0.571289 611.176 332.222 617.34 401.323 589.824 403.778 583.66 334.677
3 0.411621 234.865 617.803 262.24 617.635 262.385 641.197 235.01 641.365
3 0.400391 641.513 331.038 643.106 395.956 622.487 396.462 620.894 331.544
