4 0.938477 237.554 197.093 281.818 199.745 280.446 222.657 236.182 220.005
4 0.9375 241.215 168.108 285.889 171.197 284.285 194.392 239.611 191.303
4 0.931641 250.047 87.6791 293.783 91.1752 291.953 114.071 248.217 110.575
4 0.928711 243.005 141.185 287.249 143.631 285.995 166.315 241.751 163.869
4 0.928711 200.291 499.094 243.127 503.181 240.959 525.906 198.123 521.819
4 0.928711 202.293 469.627 246.972 473.475 244.957 496.873 200.278 493.025
4 0.921875 234.007 224.558 278.338 227.623 276.743 250.692 232.412 247.627
4 0.921875 188.127 596.647 233.098 599.964 231.373 623.353 186.402 620.036
2 0.919922 235.348 25.9007 301.162 34.0181 297.652 62.4743 231.838 54.3569
2 0.915039 195.687 388.767 260.951 396.208 257.813 423.733 192.549 416.292
4 0.912109 190.801 564.458 236.968 568.505 234.949 591.542 188.782 587.495
2 0.911133 371.449 374.447 455.577 391.047 450.051 419.053 365.923 402.453
4 0.886719 251.724 59.9769 298.242 64.6305 295.776 89.2731 249.258 84.6195
3 0.885742 401.079 77.2637 461.117 84.2016 457.921 111.861 397.883 104.923
3 0.885742 386.945 222.895 468.377 236.511 464.055 262.355 382.623 248.739
3 0.879883 397.394 114.136 454.527 118.262 452.606 144.864 395.473 140.738
3 0.879883 408.064 44.1236 483.43 53.4192 479.936 81.7514 404.57 72.4558
4 0.875 158.211 217.994 192.207 221.605 190.039 242.006 156.043 238.395
3 0.87207 411.221 12.6913 494.045 22.2624 490.779 50.5274 407.955 40.9564
0 0.871582 198.71 433.632 253.866 436.851 252.29 463.868 197.134 460.649
2 0.871582 348.156 539.495 427.187 547.524 424.344 575.505 345.313 567.476
2 0.864258 369.854 337.781 559.376 359.387 556.146 387.719 366.624 366.113
2 0.862305 388.932 256.467 523.981 273.545 520.568 300.533 385.519 283.455
2 0.861328 249.877 59.1199 298.423 64.5036 295.623 89.7551 247.077 84.3714
2 0.859863 585.177 459.655 640.212 462.189 638.823 492.345 583.788 489.811
2 0.856445 360.254 474.675 442.907 484.098 439.746 511.825 357.093 502.402
2 0.854004 374.822 294.225 564.734 318.832 561.178 346.275 371.266 321.668
4 0.825195 197.687 433.498 254.012 436.525 252.563 463.502 196.238 460.475
3 0.790527 616.674 293.681 634.591 274.453 647.326 286.319 629.409 305.547
3 0.739746 410.833 -0.831381 497.581 -1.36367 497.667 12.5892 410.919 13.1215
2 0.710449 200.025 432.946 254.93 437.505 252.725 464.054 197.82 459.495
3 0.601562 585.419 460.498 641.367 462.044 640.581 490.502 584.633 488.956
2 0.373047 255.645 -0.350408 304.394 -0.126064 304.355 8.38947 255.606 8.16513
4 0.320068 258.203 -0.628906 306.297 -0.628906 306.297 8.23047 258.203 8.23047
