4 0.948242 362.1 195.861 379.234 239.089 356.4 248.139 339.266 204.911
4 0.948242 415.173 173.872 432.174 217.153 409.327 226.128 392.326 182.847
4 0.947266 439.37 161.553 457.14 204.083 434.13 213.697 416.36 171.167
4 0.946289 388.066 184.603 405.597 227.672 382.934 236.897 365.403 193.828
2 0.9375 200.144 246.5 224.875 306.205 197.606 317.5 172.875 257.795
4 0.931641 106.805 304.023 123.711 345.558 100.57 354.977 83.6639 313.442
2 0.931641 298.253 389.447 325.289 471.285 298.747 480.053 271.711 398.215
4 0.929688 133.703 291.78 151.413 334.167 128.547 343.72 110.837 301.333
4 0.929688 513.288 128.871 531.92 173.852 507.712 183.879 489.08 138.898
3 0.928711 539.119 286.089 560.611 334.979 536.881 345.411 515.389 296.521
2 0.928711 534.878 100.516 557.817 160.531 531.122 170.734 508.183 110.719
4 0.927734 488.921 142.958 504.488 184.446 481.579 193.042 466.012 151.554
4 0.917969 46.4924 329.784 63.4934 373.064 40.1951 382.216 23.1941 338.936
3 0.917969 574.071 272.983 593.018 323.015 567.929 332.517 548.982 282.485
2 0.915039 206.751 429.23 237.21 508.92 212.749 518.27 182.29 438.58
2 0.908203 336.542 372.078 402.581 540.197 371.458 552.422 305.419 384.303
3 0.905273 606.221 257.412 631.172 327.145 604.779 336.588 579.828 266.855
0 0.901367 163.598 270.561 186.615 322.058 161.152 333.439 138.135 281.942
3 0.900391 439.682 330.553 467.328 407.819 441.818 416.947 414.172 339.681
2 0.894531 408.786 341.687 461.213 466.092 432.214 478.313 379.787 353.908
4 0.893555 19.9182 343.781 32.8399 386.854 9.95679 393.719 -2.96486 350.646
2 0.892578 370.008 351.263 407.885 441.918 381.992 452.737 344.115 362.082
2 0.890625 141.985 451.755 176.066 529.282 152.265 539.745 118.184 462.218
4 0.889648 329.23 129.455 340.249 160.859 319.77 168.045 308.751 136.641
2 0.863281 371.666 343.831 443.509 526.727 411.834 539.169 339.991 356.273
3 0.790527 643.855 252.068 647.529 318.529 622.145 319.932 618.471 253.471
4 0.784668 10.4859 363.402 12.8015 396.164 -0.399934 397.098 -2.71557 364.336
4 0.712891 163.552 270.502 186.36 321.955 161.448 332.998 138.64 281.545
2 0.576172 309.942 624.084 342.441 623.885 342.558 642.916 310.059 643.115
2 0.501953 164.472 270.491 187.191 321.744 161.778 333.009 139.059 281.756
