4 0.951172 296.637 149.791 338.803 166.804 329.863 188.959 287.697 171.946
4 0.949219 271.131 201.116 313.349 217.401 304.869 239.384 262.651 223.099
4 0.949219 144.785 447.717 185.683 464.364 176.965 485.783 136.067 469.136
4 0.948242 283.42 175.846 325.667 192.143 317.08 214.404 274.833 198.107
4 0.946289 307.42 125.064 350.567 141.103 342.08 163.936 298.933 147.897
4 0.942383 100.918 535.429 143.011 551.518 134.582 573.571 92.4891 557.482
2 0.94043 341.456 16.3631 399.756 43.0666 388.044 68.6369 329.744 41.9334
4 0.94043 156.85 420.572 199.351 436.817 190.9 458.928 148.399 442.683
4 0.938477 332.52 78.0333 374.135 94.2326 365.48 116.467 323.865 100.267
4 0.938477 113.549 505.667 156.897 522.236 148.451 544.333 105.103 527.764
2 0.935547 179.042 343.445 237.569 370.252 226.208 395.055 167.681 368.248
3 0.931641 477.053 121.663 532.31 142.783 522.447 168.587 467.19 147.467
3 0.925781 494.894 90.9483 565.659 123.756 554.106 148.677 483.341 115.869
3 0.923828 460.887 153.149 515.434 173.045 506.113 198.601 451.566 178.705
4 0.921875 342.309 52.1524 387.752 70.8124 378.191 94.0976 332.748 75.4376
2 0.920898 348.216 388.149 421.761 431.012 407.284 455.851 333.739 412.988
3 0.917969 416.66 253.227 488.55 291.088 476.34 314.273 404.45 276.412
3 0.904297 512.115 65.22 582.479 96.7984 571.885 120.405 501.521 88.8266
2 0.899414 401.736 285.096 528.263 345.892 515.764 371.904 389.237 311.108
2 0.898438 523.589 541.079 638 595.191 624.411 623.921 510 569.809
2 0.898438 368.89 354.84 526.954 437.774 513.11 464.16 355.046 381.226
2 0.892578 165.789 384.772 219.308 405.795 209.711 430.228 156.192 409.205
2 0.892578 269.755 535.418 342.562 569.172 331.245 593.582 258.438 559.828
3 0.889648 524.724 37.2726 603.354 69.5596 593.276 94.1024 514.646 61.8154
2 0.870605 374.6 316.407 550.553 399.297 538.4 425.093 362.447 342.203
3 0.866211 536.728 9.43904 619.899 44.6391 609.272 69.7485 526.101 34.5484
3 0.861328 612.049 387.138 644.033 387.237 643.951 413.862 611.967 413.763
2 0.853027 299.666 478.048 412.525 529.114 400.834 554.952 287.975 503.886
0 0.853027 166.119 385.773 218.691 405.867 209.381 430.227 156.809 410.133
2 0.84375 378.873 314.631 519.483 382.194 507.627 406.869 367.017 339.306
2 0.80957 399.065 283.307 480.661 321.136 470.435 343.193 388.839 305.364
3 0.795898 616.811 20.2976 650.004 27.8049 644.189 53.5149 610.996 46.0076
3 0.588867 628.242 18.9688 628.242 1.79688 638.758 1.79688 638.758 18.9688
