4 0.958008 326.856 171.336 362.94 199.053 348.644 217.664 312.56 189.947
4 0.957031 347.984 150.418 383.083 179.223 368.016 197.582 332.917 168.777
4 0.952148 365.054 128.987 401.463 157.762 386.446 176.763 350.037 147.988
4 0.951172 307.787 191.828 343.46 219.667 329.213 237.922 293.54 210.083
2 0.951172 179.597 298.904 226.801 345.389 206.903 365.596 159.699 319.111
4 0.945312 115.928 389.917 149.411 418.8 134.072 436.583 100.589 407.7
4 0.943359 403.017 92.214 437.594 120.325 422.483 138.911 387.906 110.8
3 0.942383 554.976 150.742 610.875 203.151 592.024 223.258 536.125 170.849
4 0.941406 135.93 367.991 170.66 396.851 155.57 415.009 120.84 386.149
3 0.94043 528.437 175.179 573.916 213.447 556.563 234.071 511.084 195.803
2 0.9375 431.887 37.4098 477.248 79.0317 458.613 99.3402 413.252 57.7183
2 0.9375 327.748 393.55 384.007 457.767 363.252 475.95 306.993 411.733
3 0.929688 504.88 202.733 548.699 237.803 532.12 258.517 488.301 223.447
4 0.928711 47.2717 461.693 83.4822 489.244 68.9783 508.307 32.7678 480.756
4 0.926758 69.653 435.604 105.786 466.773 89.722 485.396 53.589 454.227
4 0.923828 421.138 69.779 458.248 100.908 442.362 119.846 405.252 88.7173
3 0.919922 580.065 131.435 641.531 191.227 623.935 209.315 562.469 149.523
3 0.917969 435.582 283.449 489.452 344.939 469.918 362.051 416.048 300.561
2 0.916992 351.453 360.6 490.36 497.812 468.047 520.4 329.14 383.188
3 0.899414 606.951 106.719 649.756 164.068 631.049 178.031 588.244 120.682
2 0.892578 208.363 506.741 301.239 593.818 281.137 615.259 188.261 528.182
0 0.890625 154.303 337.857 198.214 372.561 181.947 393.143 138.036 358.439
2 0.890625 407.412 308.739 512.645 407.401 493.088 428.261 387.855 329.599
2 0.875 437.253 601.736 503.986 619.763 495.747 650.264 429.014 632.237
2 0.874023 257.377 466.035 341.999 544.645 323.123 564.965 238.501 486.355
3 0.874023 630.461 86.6884 651.969 126.926 632.539 137.312 611.031 97.0739
2 0.873047 518.701 578.457 571.724 614.241 553.299 641.543 500.276 605.759
2 0.84375 373.563 328.423 451.484 403.296 433.437 422.077 355.516 347.204
3 0.807617 579.063 470.431 610.455 477.683 604.937 501.569 573.545 494.317
2 0.794434 155.202 337.164 198.314 372.214 181.548 392.836 138.436 357.786
2 0.763672 422.026 71.0244 457.214 101.756 440.974 120.351 405.786 89.6187
2 0.731934 392.439 623.341 425.991 624.164 425.561 641.659 392.009 640.836
3 0.718262 409.373 313.515 518.272 406.582 499.127 428.985 390.228 335.918
