4 0.926758 412.696 272.368 414.783 226.228 440.304 227.382 438.217 273.522
4 0.923828 460.603 266.291 481.865 225.464 504.897 237.459 483.635 278.286
4 0.921875 384.912 270.775 386.654 225.496 412.088 226.475 410.346 271.754
4 0.917969 442.626 274.263 443.835 228.341 468.374 228.987 467.165 274.909
4 0.914062 108.392 255.148 110.833 210.996 135.358 212.352 132.917 256.504
2 0.912109 212.001 263.373 213.523 199.672 242.999 200.377 241.477 264.078
2 0.908203 576.561 278.578 580.428 214.726 608.439 216.422 604.572 280.274
4 0.904297 521.527 276.402 523.771 232.584 548.473 233.848 546.229 277.666
4 0.902344 137.409 256.53 140.493 211.26 165.591 212.97 162.507 258.24
2 0.900391 231.37 455.498 239.188 369.352 268.38 372.002 260.562 458.148
4 0.886719 42.4461 252.554 45.29 208.177 68.9914 209.696 66.1475 254.073
4 0.883789 11.4592 250.737 13.2645 207.275 37.0408 208.263 35.2355 251.725
2 0.880859 171.211 262.641 171.211 206.859 199.539 206.859 199.539 262.641
4 0.870117 379.74 174.702 401.51 148.423 418.26 162.298 396.49 188.577
2 0.867188 138.159 452.341 142.167 367.435 168.091 368.659 164.083 453.565
2 0.865723 74.0271 441.456 76.8954 360.632 102.598 361.544 99.7296 442.368
3 0.865723 538.097 440.776 540.781 386.874 567.903 388.224 565.219 442.126
3 0.864746 388.353 459.678 391.053 379.411 418.147 380.322 415.447 460.589
4 0.864258 549.085 280.777 550.902 232.249 576.915 233.223 575.098 281.751
3 0.845215 569.956 460.656 573.402 387.049 601.044 388.344 597.598 461.951
2 0.836914 316.94 466.061 323.134 370.136 351.06 371.939 344.866 467.864
2 0.834473 264.111 559.516 275.822 359.984 309.889 361.984 298.178 561.516
3 0.821289 420.684 441.518 422.942 382.624 445.316 383.482 443.058 442.376
2 0.819824 166.076 601.514 206.491 602.879 205.424 634.486 165.009 633.121
2 0.81543 299.389 564.373 314.781 363.838 351.111 366.627 335.719 567.162
3 0.80957 502.561 439.329 504.487 383.737 531.439 384.671 529.513 440.263
4 0.808594 178.965 203.895 214.61 247.329 192.035 265.855 156.39 222.421
2 0.786133 351.579 513.931 355.025 375.724 388.921 376.569 385.475 514.776
3 0.786133 601.45 475.118 605.22 393.08 633.55 394.382 629.78 476.42
3 0.722168 357.592 618.766 385.365 618.084 385.908 640.234 358.135 640.916
0 0.712891 167.227 209.034 216.74 234.723 203.773 259.716 154.26 234.027
2 0.687988 602.897 473.403 605.019 394.369 632.103 395.097 629.981 474.131
3 0.674316 347.264 516.939 354.537 378.631 391.236 380.561 383.963 518.869
3 0.557129 614.038 452.894 655.53 429.515 658.962 435.606 617.47 458.985
3 0.53125 633.684 467.453 633.684 427.547 639.316 427.547 639.316 467.453
3 0.421875 165.207 602.67 205.423 602.176 205.793 632.33 165.577 632.824
