4 0.958008 335.259 171.093 369.296 201.943 353.241 219.657 319.204 188.807
4 0.953125 357.038 151.227 391.221 182.981 374.462 201.023 340.279 169.269
4 0.953125 375.241 131.567 409.909 162.698 393.759 180.683 359.091 149.552
4 0.951172 314.853 190.847 348.659 221.486 332.647 239.153 298.841 208.514
3 0.948242 565.082 163.922 617.086 221.299 596.918 239.578 544.914 182.201
4 0.947266 112.393 378.615 145.077 409.638 128.232 427.385 95.548 396.362
3 0.946289 540.709 188.915 578.965 229.469 560.291 247.085 522.035 206.531
4 0.945312 133.49 358.08 167.411 388.825 151.01 406.92 117.089 376.175
2 0.943359 179.887 292.47 225.746 339.325 205.613 359.03 159.754 312.175
3 0.9375 512.035 211.832 552.429 251.246 533.965 270.168 493.571 230.754
4 0.935547 415.642 96.4244 448.444 127.368 431.858 144.951 399.056 114.007
4 0.93457 40.7821 446.553 75.1251 477.203 58.8429 495.447 24.4999 464.797
2 0.93457 445.189 40.9023 489.963 88.366 469.311 107.848 424.537 60.384
2 0.933594 323.747 393.528 376.461 459.809 354.253 477.472 301.539 411.191
4 0.931641 434.742 75.2809 469.069 109.189 451.258 127.219 416.931 93.3112
4 0.929688 63.653 423.999 97.4812 454.754 81.347 472.501 47.5188 441.746
2 0.921875 351.779 368.675 475.409 499.329 453.221 520.325 329.591 389.671
3 0.915039 591.812 143.012 646.093 209.153 626.188 225.488 571.907 159.347
3 0.911133 437.259 289.314 487.158 354.068 466.241 370.186 416.342 305.432
4 0.908203 153.58 328.483 195.711 366.083 177.92 386.017 135.789 348.417
2 0.908203 378.845 332.326 443.297 406.812 422.655 424.674 358.203 350.188
0 0.902344 153.618 328.677 195.874 366.041 178.382 385.823 136.126 348.459
2 0.894531 249.435 462.158 332.356 548.986 311.565 568.842 228.644 482.014
2 0.892578 409.245 312.255 508.509 412.745 487.755 433.245 388.491 332.755
2 0.886719 198.532 505.458 258.114 568.424 238.968 586.542 179.386 523.576
2 0.876953 421.667 607.812 476.478 619.591 470.333 648.188 415.522 636.409
3 0.870605 625.207 121.152 650.727 180.184 627.793 190.098 602.273 131.066
2 0.863281 497.528 593.837 554.777 617.963 542.472 647.163 485.223 623.037
2 0.836914 393.194 345.145 512.41 477.494 489.806 497.855 370.59 365.506
2 0.806641 434.288 76.0246 468.067 108.884 450.712 126.725 416.933 93.8662
3 0.761719 568.585 485.869 598.638 488.364 596.415 515.131 566.362 512.636
3 0.75 620.35 107.469 652.267 116.565 645.65 139.781 613.733 130.685
2 0.692871 378.353 627.355 405.559 628.19 405.147 641.645 377.941 640.81
3 0.577637 419.425 609.454 475.016 617.178 471.075 645.546 415.484 637.822
2 0.542969 636.922 103.227 652.963 131.241 631.078 143.773 615.037 115.759
3 0.415039 410.677 312.272 504.409 411.329 482.323 432.228 388.591 333.171
