4 0.945312 410.083 198.233 420.23 243.42 396.417 248.767 386.27 203.58
4 0.938477 382.762 205.123 392.095 250.582 368.738 255.377 359.405 209.918
2 0.938477 213.873 226.384 228.296 289.7 200.127 296.116 185.704 232.8
4 0.9375 438.361 192.726 448.21 237.883 424.639 243.024 414.79 197.867
4 0.933594 464.38 184.759 475.197 229.694 451.12 235.491 440.303 190.556
0 0.921875 174.307 245.002 187.529 299.194 161.693 305.498 148.471 251.306
4 0.920898 112.653 266.95 121.722 311.123 97.7221 316.05 88.6535 271.877
4 0.920898 141.818 260.164 151.273 304.159 127.182 309.336 117.727 265.341
4 0.918945 19.513 292.089 24.9374 336.069 1.89322 338.911 -3.5311 294.931
4 0.916992 516.604 174.563 525.757 218.462 501.896 223.437 492.743 179.538
3 0.911133 577.328 319.17 588.078 369.951 562.672 375.33 551.922 324.549
4 0.910156 543.193 166.474 553.701 212.605 528.807 218.276 518.299 172.145
2 0.908203 285.745 386.506 298.38 468.223 270.755 472.494 258.12 390.777
2 0.90625 570.269 141.232 582.791 204.186 554.731 209.768 542.209 146.814
4 0.900391 46.8304 281.556 58.4746 325.735 34.9196 331.944 23.2754 287.765
2 0.897461 122.922 420.176 140.41 500.353 115.328 505.824 97.8397 425.647
2 0.895508 188.352 408.105 206.025 494.185 180.648 499.395 162.975 413.315
4 0.882812 362.597 133.894 367.701 166.908 345.403 170.356 340.299 137.342
3 0.878906 435.756 351.661 449.392 433.216 421.744 437.839 408.108 356.284
2 0.875 324.876 372.81 366.471 550.378 333.124 558.19 291.529 380.622
2 0.874023 363.977 362.903 383.575 455.476 357.023 461.097 337.425 368.524
2 0.869141 403.514 357.151 435.497 484.831 403.486 492.849 371.503 365.169
2 0.858887 612.402 310.113 622.893 380.839 595.598 384.887 585.107 314.161
2 0.851562 361.618 355.982 409.201 551.011 376.382 559.018 328.799 363.989
2 0.833496 642.928 308.008 644.379 375.555 624.072 375.992 622.621 308.445
3 0.821289 541.961 323.912 554.197 377.63 528.039 383.588 515.803 329.87
3 0.808594 611.767 314.152 623.715 380.586 597.233 385.348 585.285 318.914
2 0.789062 257.792 622.652 284.851 622.195 285.208 643.348 258.149 643.805
2 0.772949 541.432 323.891 554.89 376.929 528.568 383.609 515.11 330.571
3 0.741699 403.625 356.849 437.362 484.852 405.875 493.151 372.138 365.148
2 0.696777 174.11 245.597 187.588 299.403 161.64 305.903 148.162 252.097
4 0.673828 173.693 244.504 187.792 298.668 161.557 305.496 147.458 251.332
2 0.651855 201.15 624.346 228.68 624.092 228.85 642.654 201.32 642.908
2 0.523438 543.571 165.596 553.807 211.18 529.429 216.654 519.193 171.07
