4 0.931641 228.919 174.823 273.225 175.571 272.831 198.927 228.525 198.179
4 0.929688 227.123 203.414 271.773 204.167 271.377 227.586 226.727 226.833
4 0.927734 227.146 148.005 272.42 147.171 272.854 170.745 227.58 171.579
4 0.923828 216.586 478.857 260.038 480.057 259.414 502.643 215.962 501.443
4 0.923828 216.487 508.95 259.857 509.615 259.513 532.05 216.143 531.385
4 0.921875 230.667 94.4445 274.473 95.1838 274.083 118.305 230.277 117.566
4 0.920898 226.647 231.641 271.415 232.74 270.853 255.609 226.085 254.51
2 0.918945 202.696 398.861 266.503 401.015 265.554 429.139 201.747 426.985
4 0.916992 214.197 607.447 257.1 608.039 256.803 629.553 213.9 628.961
4 0.912109 212.749 573.944 258.929 574.794 258.501 598.056 212.321 597.206
2 0.911133 212.139 35.0617 274.917 37.9527 273.611 66.3133 210.833 63.4223
2 0.898438 376.829 370.605 459.317 378.601 456.671 405.895 374.183 397.899
4 0.896484 227.698 66.9138 275.417 67.1334 275.302 92.0862 227.583 91.8666
3 0.892578 382.776 38.3969 460.17 41.0097 459.224 69.0406 381.83 66.4278
3 0.889648 385.775 71.7408 438.589 73.5238 437.725 99.1342 384.911 97.3512
3 0.888672 379.36 107.024 436.766 107.288 436.64 134.726 379.234 134.462
3 0.866211 377.651 215.458 460.303 224.881 457.349 250.792 374.697 241.369
2 0.860352 598.58 435.952 638.917 435.209 639.42 462.548 599.083 463.291
2 0.859863 378.056 252.176 520.35 256.98 519.444 283.824 377.15 279.02
2 0.858887 379.651 331.189 561.648 342.931 559.849 370.811 377.852 359.069
3 0.858887 388.501 6.98535 464.369 8.03283 463.999 34.8272 388.131 33.7797
2 0.858398 365.995 536.287 445.923 537.513 445.505 564.713 365.577 563.487
2 0.854492 373.593 471.21 452.299 473.867 451.407 500.29 372.701 497.633
2 0.851562 208.79 443.109 264.79 443.281 264.71 469.391 208.71 469.219
4 0.841309 208.509 443.271 264.789 442.839 264.991 469.229 208.711 469.661
2 0.839355 383.254 289.264 564.928 300.146 563.246 328.236 381.572 317.354
2 0.821289 371.712 314.272 570.462 326.482 568.788 353.728 370.038 341.518
0 0.818359 209.061 443.818 264.619 443.137 264.939 469.182 209.381 469.863
3 0.762695 617.862 252.953 642.299 253.141 642.138 274.047 617.701 273.859
3 0.59375 599.263 436.396 639.416 435.903 639.737 462.104 599.584 462.597
2 0.574219 232.39 -2.95536 278.043 -2.39508 277.86 12.5257 232.207 11.9654
