4 0.949219 160.777 253.657 198.515 229.434 210.973 248.843 173.235 273.066
4 0.947266 176.517 277.943 214.435 253.768 226.733 273.057 188.815 297.232
4 0.945312 191.992 302.297 229.246 277.446 241.758 296.203 204.504 321.054
4 0.945312 342.406 533.657 381.019 510.794 392.594 530.343 353.981 553.206
4 0.942383 144.955 231.963 182.91 206.476 196.045 226.037 158.09 251.524
2 0.941406 66.377 145.637 123.717 115.158 137.248 140.613 79.908 171.092
4 0.94043 116.547 186.105 154.69 162.763 166.703 182.395 128.56 205.737
2 0.94043 268.675 450.364 324.675 418.867 338.325 443.136 282.325 474.633
0 0.938477 299.496 484.402 344.073 451.92 359.504 473.098 314.927 505.58
4 0.9375 396.263 615.731 434.575 592.246 446.237 611.269 407.925 634.754
4 0.935547 325.751 509.551 363.162 485.861 375.249 504.949 337.838 528.639
3 0.93457 210.77 50.8253 274.776 13.1918 288.73 36.9247 224.724 74.5582
4 0.933594 375.835 589.766 416.012 564.84 428.665 585.234 388.488 610.16
2 0.929688 394.742 327.446 467.51 290.467 480.258 315.554 407.49 352.533
3 0.928711 248.442 111.321 294.91 80.632 309.058 102.054 262.59 132.743
3 0.928711 230.216 79.0051 277.332 51.7382 290.284 74.1199 243.168 101.387
2 0.927734 481.95 471.571 548.607 426.885 563.05 448.429 496.393 493.115
2 0.921875 368.817 298.481 534.295 201.356 548.183 225.019 382.705 322.144
4 0.921875 98.7003 165.666 139.206 140.147 151.925 160.334 111.419 185.853
3 0.917969 194.016 17.856 262.227 -7.61788 270.984 15.8315 202.773 41.3054
2 0.917969 323.729 228.742 450.796 151.65 465.271 175.508 338.204 252.6
2 0.915039 449.371 412.498 518.223 373.004 531.129 395.502 462.277 434.996
4 0.914062 131.659 344.039 160.523 329.035 169.841 346.961 140.977 361.965
3 0.890625 312.12 200.789 381.074 161.096 394.38 184.211 325.426 223.904
4 0.868164 117.557 322.97 143.932 307.162 153.443 323.03 127.068 338.838
3 0.847168 525.636 82.1008 557.856 78.6278 560.364 101.899 528.144 105.372
2 0.834961 337.277 266.483 461.806 196.442 474.223 218.517 349.694 288.559
3 0.827148 177.434 -4.10878 214.6 -5.36353 215.316 15.8275 178.15 17.0823
2 0.780762 97.569 164.718 139.065 139.673 151.806 160.782 110.31 185.827
3 0.766602 618.338 243.491 649.359 244.3 648.662 271.009 617.641 270.2
4 0.729004 479.938 624.802 505.571 624.173 506.062 644.198 480.429 644.827
2 0.630371 634.328 165.789 654.633 190.844 635.672 206.211 615.367 181.156
2 0.611328 615.654 244.198 649.513 243.159 650.346 270.302 616.487 271.341
4 0.489258 627.85 167.323 654.089 183.714 641.15 204.427 614.911 188.036
