2 0.949219 24.1914 239.781 63.9311 189.893 86.3086 207.719 46.5689 257.607
0 0.947266 355.217 484.024 384.244 436.427 407.283 450.476 378.256 498.073
4 0.946289 148.647 309.926 175.216 272.989 194.103 286.574 167.534 323.511
4 0.946289 125.869 295.203 151.187 257.059 171.131 270.297 145.813 308.441
2 0.946289 315.095 461.075 355.44 411.837 376.905 429.425 336.56 478.663
4 0.943359 171.022 328.375 197.97 290.941 216.978 304.625 190.03 342.059
4 0.943359 410.012 514.345 440.09 480.329 457.988 496.155 427.91 530.17
2 0.94043 473.084 367.274 522.934 305.184 542.916 321.226 493.066 383.316
4 0.938477 193.123 345.234 220.237 308.734 239.127 322.766 212.013 359.266
4 0.9375 84.5734 259.002 113.057 225.465 131.052 240.748 102.568 274.285
4 0.935547 60.3216 245.762 89.7062 206.394 109.928 221.488 80.5438 260.856
3 0.93457 129.725 104.228 175.326 43.0378 196.775 59.0222 151.174 120.212
2 0.932617 523.424 411.134 570.882 347.042 591.576 362.366 544.118 426.458
2 0.929688 391.749 306.582 447.966 241.914 469.251 260.418 413.034 325.086
2 0.929688 297.387 228.419 382.942 123.022 406.113 141.831 320.558 247.228
4 0.927734 489.425 576.022 514.684 539.804 533.575 552.978 508.316 589.196
4 0.927734 461.304 556.342 489.889 519.626 509.196 534.658 480.611 571.374
4 0.926758 386.71 497.713 413.9 462.288 432.79 476.787 405.6 512.212
3 0.923828 157.253 123.866 189.672 80.6406 209.497 95.5095 177.078 138.734
2 0.923828 363.057 284.084 477.391 139.759 500.943 158.416 386.609 302.741
3 0.923828 185.683 146.705 216.571 101.462 237.567 115.795 206.679 161.038
3 0.917969 79.4407 60.0491 136.135 -8.0692 156.059 8.51339 99.3646 76.6317
4 0.914062 149.118 407.403 170.034 379.692 187.132 392.597 166.216 420.308
3 0.905273 54.8811 39.369 108.91 -13.1883 126.244 4.63097 72.215 57.1883
3 0.901367 273.163 211.793 324.54 150.064 344.837 166.957 293.46 228.686
2 0.876953 318.171 265.986 448.539 107.132 470.329 125.014 339.961 283.868
2 0.848633 585.461 171.087 613.472 83.193 645.539 93.4127 617.528 181.307
3 0.810547 440.96 21.1105 471.733 22.6696 470.54 46.202 439.767 44.6429
2 0.741699 618.322 218.292 620.12 171.89 647.678 172.958 645.88 219.36
3 0.589844 296.385 226.854 377.119 130.606 400.115 149.896 319.381 246.144
