4 0.951172 167.388 239.973 207.418 219.553 217.862 240.027 177.832 260.447
4 0.949219 180.556 265.189 221.315 245.179 231.444 265.811 190.685 285.821
4 0.945312 194.466 290.051 233.593 269.789 244.034 289.949 204.907 310.211
2 0.945312 82.6652 124.542 141.757 99.7994 152.71 125.958 93.6182 150.701
4 0.943359 153.583 216.784 193.323 195.738 204.167 216.216 164.427 237.262
4 0.943359 323.711 534.515 364.018 515.148 373.789 535.485 333.482 554.852
2 0.94043 258.65 445.841 316.479 419.084 327.85 443.659 270.021 470.416
4 0.939453 309.139 509.567 348.481 489.04 358.861 508.933 319.519 529.46
4 0.9375 129.478 169.037 168.836 149.226 179.022 169.463 139.664 189.274
4 0.93457 353.463 592.724 395.135 573.171 405.037 594.276 363.365 613.829
4 0.933594 113.448 145.884 156.39 124.228 167.302 145.866 124.36 167.522
4 0.933594 370.031 620.057 410.089 601.111 419.469 620.943 379.411 639.889
0 0.931641 285.292 482.29 332.567 455.172 345.208 477.21 297.933 504.328
2 0.926758 394.492 334.974 468.056 302.904 479.008 328.026 405.444 360.096
2 0.923828 467.34 484.298 539.661 447.267 551.66 470.702 479.339 507.733
3 0.921875 266.656 106.121 315.519 78.1921 328.344 100.629 279.481 128.558
2 0.921875 372.723 303.163 540.989 219.595 553.277 244.337 385.011 327.905
4 0.916992 129.712 329.439 159.857 314.755 168.288 332.061 138.143 346.745
3 0.916016 232.869 42.457 300.94 9.94199 312.631 34.418 244.56 66.933
3 0.912109 251.087 72.5254 300.533 48.0154 311.913 70.9746 262.467 95.4846
2 0.911133 333.853 230.517 460.381 165.239 473.147 189.983 346.619 255.261
3 0.895508 321.763 200.19 393.157 166.222 404.737 190.56 333.343 224.528
2 0.884766 441.324 423.287 513.671 389.881 524.676 413.713 452.329 447.119
3 0.879883 219.857 4.41363 289.356 -7.42602 293.643 17.7426 224.144 29.5823
4 0.867188 118.21 303.519 147.078 292.839 153.79 310.981 124.922 321.661
2 0.858887 344.24 262.019 513.305 189.086 524.26 214.481 355.195 287.414
4 0.84375 394.706 627.072 428.007 625.385 428.794 640.928 395.493 642.615
2 0.839844 283.544 480.264 335.467 454.278 346.956 477.236 295.033 503.222
3 0.833496 307.012 181.603 356.265 152.236 367.988 171.897 318.735 201.264
3 0.827637 544.56 104.348 575.845 99.3142 579.44 121.652 548.155 126.686
3 0.772949 630.163 270.256 651.589 289.143 637.837 304.744 616.411 285.857
3 0.616211 209.664 0.392042 231.631 -0.48454 232.086 10.9048 210.119 11.7814
2 0.561523 209.662 0.0439773 230.255 -0.113973 230.338 10.6748 209.745 10.8327
4 0.472656 631.833 199.904 647.077 220.132 638.167 226.846 622.923 206.618
2 0.42041 637.939 197.981 641.891 228.477 628.061 230.269 624.109 199.773
0 0.283691 636.329 198.376 643.478 226.916 631.671 229.874 624.522 201.334
