4 0.949219 149.934 295.275 179.226 260.786 196.816 275.725 167.524 310.214
2 0.946289 32.8364 213.584 78.1178 169.469 98.0386 189.916 52.7572 234.031
4 0.943359 171.127 314.515 200.956 280.989 218.373 296.485 188.544 330.011
2 0.943359 302.834 460.231 347.088 414.387 367.166 433.769 322.912 479.613
2 0.943359 394.185 311.732 453.048 254.823 472.815 275.268 413.952 332.177
2 0.942383 468.588 380.402 523.579 322.644 541.912 340.098 486.921 397.856
3 0.941406 148.569 87.3882 200.55 31.8596 220.181 50.2368 168.2 105.765
4 0.941406 191.904 333.946 220.792 299.933 238.596 315.054 209.708 349.067
4 0.939453 129.402 278.438 157.702 243.05 175.848 257.562 147.548 292.95
4 0.938477 393.6 522.076 424.819 489.536 441.9 505.924 410.681 538.464
0 0.9375 339.997 485.799 374.557 442.413 395.003 458.701 360.443 502.087
4 0.9375 90.9027 240.051 120.841 208.021 137.347 223.449 107.409 255.479
3 0.935547 199.878 134.882 237.591 93.7811 256.622 111.243 218.909 152.344
2 0.933594 513.684 429.687 568.02 367.857 587.316 384.813 532.98 446.643
4 0.932617 370.597 503.389 400.814 469.791 418.403 485.611 388.186 519.209
4 0.931641 439.575 567.373 472.234 533.228 490.425 550.627 457.766 584.772
3 0.928711 174.949 109.123 212.334 69.5536 230.801 87.0015 193.416 126.571
2 0.926758 304.778 229.14 401.572 127.474 422.722 147.61 325.928 249.276
4 0.926758 466.167 589.845 495.17 556.013 512.833 571.155 483.83 604.987
4 0.923828 68.3567 223.019 100.598 187.882 118.143 203.981 85.9021 239.118
2 0.921875 363.583 286.826 497.547 153.681 517.417 173.674 383.453 306.819
4 0.908203 143.315 391.964 166.442 366.447 181.435 380.036 158.308 405.553
3 0.907227 101.308 34.9271 164.331 -11.6642 178.692 7.76036 115.669 54.3517
3 0.902344 79.7747 8.40495 132.479 -8.38062 139.975 15.1575 87.2713 31.9431
3 0.898438 283.874 208.952 339.215 151.182 358.126 169.298 302.785 227.068
4 0.897461 340.616 580.722 367.25 550.879 383.384 565.278 356.75 595.121
3 0.850586 463.848 33.0843 496.167 31.7947 497.152 56.4782 464.833 57.7678
2 0.825684 600.375 198.327 617.458 128.769 648.625 136.423 631.542 205.981
3 0.797852 262.656 191.875 301.904 149.299 319.344 165.375 280.096 207.951
2 0.628418 625.742 242.297 625.742 212.453 640.258 212.453 640.258 242.297
2 0.574219 67.2225 223.74 99.1845 188.475 117.153 204.76 85.1905 240.025
2 0.491211 339.899 485.615 374.246 442.259 394.601 458.385 360.254 501.741
