4 0.945312 202.292 194.312 246.31 187.782 249.708 210.688 205.69 217.218
4 0.943359 196.283 168.685 240.507 160.029 244.967 182.815 200.743 191.471
4 0.941406 205.949 223.231 251.07 216.255 254.551 238.769 209.43 245.745
4 0.939453 211.401 250.616 255.356 244.303 258.599 266.884 214.644 273.197
4 0.93457 189.321 114.703 232.986 108.567 236.179 131.297 192.514 137.433
4 0.933594 254.097 524.091 297.9 518.279 300.903 540.909 257.1 546.721
4 0.925781 248.562 495.628 291.51 488.92 294.938 510.872 251.99 517.58
2 0.925781 219.807 418.651 285.094 411.411 288.193 439.349 222.906 446.589
4 0.924805 263.067 589.793 308.59 583.183 311.933 606.207 266.41 612.817
4 0.924805 271.649 619.997 314.792 616.948 316.351 639.003 273.208 642.052
2 0.923828 158.784 60.239 223.792 52.2211 227.466 82.011 162.458 90.0289
4 0.905273 180.593 89.0281 229.495 81.1596 233.407 105.472 184.505 113.34
2 0.897461 234.796 460.64 289.968 452.629 293.704 478.36 238.532 486.371
3 0.896484 338.219 99.8497 394.442 89.7383 399.281 116.65 343.058 126.762
3 0.893555 333.67 64.4424 389.522 56.3326 393.33 82.5576 337.478 90.6674
2 0.888672 363.895 239.213 501.82 220.049 505.605 247.287 367.68 266.451
4 0.888672 139.031 264.188 172.114 262.512 173.219 284.312 140.136 285.988
3 0.885742 327.711 30.8533 403.763 20.9991 407.289 48.2092 331.237 58.0634
2 0.883789 376.362 318.109 558.894 299.282 561.638 325.891 379.106 344.718
2 0.883789 384.908 357.579 466.605 350.544 469.092 379.421 387.395 386.456
2 0.880859 405.35 521.828 484.484 510.089 488.65 538.172 409.516 549.911
2 0.876953 365.19 273.669 557.293 259.499 559.31 286.831 367.207 301.001
2 0.871582 399.986 457.784 478.168 445.204 482.514 472.216 404.332 484.796
3 0.867188 359.467 206.236 440.326 198.272 443.033 225.764 362.174 233.728
0 0.847168 234.925 461.4 289.024 451.842 293.575 477.6 239.476 487.158
3 0.845703 327.975 -6.18085 400.412 -6.5142 400.525 18.0793 328.088 18.4126
3 0.755371 616.75 378.576 643.348 379.76 642.25 404.424 615.652 403.24
3 0.490234 611.774 434.204 644.027 432.868 645.226 461.796 612.973 463.132
2 0.404297 617.493 379.265 644.353 380.171 643.507 405.235 616.647 404.329
