4 0.951172 165.009 244.455 204.877 223.184 215.741 243.545 175.873 264.816
4 0.949219 179.211 270.152 218.388 248.589 229.539 268.848 190.362 290.411
4 0.946289 149.059 222.182 189.368 199.632 200.941 220.318 160.632 242.868
4 0.943359 331.339 533.9 371.159 513.55 381.661 534.1 341.841 554.45
2 0.943359 262.33 447.025 320.22 419.155 332.17 443.975 274.28 471.845
4 0.942383 193.439 293.816 232.491 272.942 243.311 293.184 204.259 314.058
4 0.941406 315.13 509.419 354.477 488.037 365.37 508.081 326.023 529.463
4 0.941406 124.039 175.105 163.108 155.138 173.461 175.395 134.392 195.362
4 0.935547 107.437 153.74 149.024 129.46 161.313 150.51 119.726 174.79
4 0.933594 361.74 592.033 402.734 569.756 414.26 590.967 373.266 613.244
4 0.932617 380.305 618.814 420.08 597.436 430.695 617.186 390.92 638.564
2 0.931641 76.2072 133.555 134.34 105.182 146.793 130.695 88.6598 159.068
2 0.929688 394.92 331.636 467.448 297.876 479.08 322.864 406.552 356.624
0 0.928711 291.641 482.816 338.072 454.158 351.359 475.684 304.928 504.342
3 0.927734 259.633 107.485 308.272 78.7361 321.367 100.89 272.728 129.639
3 0.927734 223.67 46.8531 289.184 11.2515 301.83 34.5219 236.316 70.1235
2 0.924805 331.325 227.712 453.87 163.174 466.175 186.538 343.63 251.076
2 0.920898 471.961 479.865 543.168 439.454 556.039 462.135 484.832 502.546
2 0.918945 372.042 301.51 538.602 211.659 551.458 235.49 384.898 325.341
3 0.916016 242.371 74.2275 291.263 50.5039 302.129 72.8975 253.237 96.6211
3 0.907227 209.794 14.0915 276.4 -8.82255 284.456 14.596 217.85 37.51
4 0.901367 130.356 332.937 160.668 320.788 168.394 340.063 138.082 352.212
2 0.880859 444.509 420.385 516.942 381.023 529.491 404.115 457.058 443.477
3 0.876953 317.08 203.119 389.032 163.012 401.92 186.131 329.968 226.238
3 0.826172 537.886 94.6063 569.114 91.9171 571.114 115.144 539.886 117.833
4 0.800293 399.898 626.406 435.459 626.079 435.602 641.594 400.041 641.921
3 0.794434 619.995 262.385 649.268 263.913 648.005 288.115 618.732 286.587
3 0.746582 196.516 -2.21094 220.234 -2.21094 220.234 13.8047 196.516 13.8047
2 0.680176 289.837 480.901 338.684 453.967 351.163 476.599 302.316 503.533
4 0.518555 642.252 188.582 643.309 219.892 627.748 220.418 626.691 189.108
4 0.509277 466.835 630.083 490.725 630.23 490.665 639.917 466.775 639.77
3 0.462891 642.174 187.5 643.101 221.05 626.826 221.5 625.899 187.95
