4 0.945312 206.997 160.395 251.066 154.685 254.003 177.355 209.934 183.065
4 0.943359 212.483 186.346 256.369 183.65 257.767 206.404 213.881 209.1
4 0.9375 213.426 215.709 258.034 212.143 259.824 234.541 215.216 238.107
4 0.935547 215.963 243.069 260.81 239.761 262.537 263.181 217.69 266.489
4 0.931641 204.69 105.992 248.026 103.529 249.31 126.133 205.974 128.596
4 0.928711 239.544 519.696 283.15 516.143 284.956 538.304 241.35 541.857
4 0.926758 236.72 489.857 280.419 486.297 282.28 509.143 238.581 512.703
4 0.925781 244.152 584.659 290.437 580.888 292.348 604.341 246.063 608.112
4 0.919922 248.889 616.969 293.383 613.55 295.111 636.031 250.617 639.45
2 0.918945 177.912 49.6314 241.854 45.7031 243.588 73.9311 179.646 77.8594
2 0.917969 213.305 413.474 276.837 408.591 278.945 436.026 215.413 440.909
4 0.910156 198.868 79.217 245.352 75.214 247.382 98.783 200.898 102.786
0 0.908203 224.818 456.09 280.117 449.012 283.432 474.91 228.133 481.988
3 0.899414 348.368 66.0109 408.77 60.8094 411.132 88.2391 350.73 93.4406
2 0.889648 377.954 322.217 560.934 314.915 562.046 342.783 379.066 350.085
3 0.884766 352.395 102.027 410.123 95.8047 413.105 123.473 355.377 129.695
2 0.883789 383.268 362.476 463.625 360.75 464.232 389.024 383.875 390.75
3 0.880859 347.368 31.0155 424.139 27.0078 425.632 55.6095 348.861 59.6172
4 0.867188 141.447 252.665 175.833 251.504 176.553 272.835 142.167 273.996
3 0.867188 348.689 -2.80759 426.996 -3.7686 427.311 21.9326 349.004 22.8936
3 0.865723 369.492 208.233 448.739 207.503 449.008 236.767 369.761 237.497
2 0.862305 369.937 243.069 509.258 233.866 511.063 261.181 371.742 270.384
2 0.860352 389.836 463.685 470.787 456.714 473.164 484.315 392.213 491.286
2 0.856445 378.198 278.825 562.003 273.749 562.802 302.675 378.997 307.751
2 0.855469 391.467 528.755 473.295 521.076 476.033 550.245 394.205 557.924
4 0.818359 176.492 626.852 200.258 626.852 200.258 640.148 176.492 640.148
4 0.78418 225.092 455.782 279.676 449.559 282.658 475.718 228.074 481.941
3 0.773926 607.493 209.967 639.879 208.127 641.507 236.783 609.121 238.623
3 0.71875 611.196 399.614 641.141 398.879 641.804 425.886 611.859 426.621
2 0.683594 611.303 398.832 641.14 398.236 641.697 426.168 611.86 426.764
2 0.683105 225.418 455.754 280.088 450.03 282.832 476.246 228.162 481.97
2 0.583984 602.489 452.396 640.533 451.228 641.511 483.104 603.467 484.272
2 0.489258 197.357 79.8069 245.383 74.8535 247.893 99.1931 199.867 104.147
3 0.460449 604.498 452.786 641.382 451.484 642.502 483.214 605.618 484.516
