2 0.948242 337.966 460.947 367.871 404.895 392.534 418.053 362.629 474.105
0 0.945312 380.386 476.537 402.152 425.11 426.614 435.463 404.848 486.89
4 0.945312 198.839 365.351 218.591 323.877 240.161 334.149 220.409 375.623
2 0.945312 17.3507 288.28 45.5712 232.269 71.2743 245.22 43.0538 301.231
4 0.943359 174.282 351.6 193.972 310.581 215.468 320.9 195.778 361.919
4 0.943359 440.577 500.436 460.973 459.798 482.423 470.564 462.027 511.202
4 0.941406 149.278 337.329 168.945 296.438 190.222 306.671 170.555 347.562
4 0.935547 124.819 326.223 142.698 284.383 164.681 293.777 146.802 335.617
4 0.931641 78.7888 298.309 98.4031 259.342 118.961 269.691 99.3469 308.658
2 0.929688 390.359 295.655 432.107 222.549 457.141 236.845 415.393 309.951
4 0.928711 497.528 532.494 517.478 490.145 539.472 500.506 519.522 542.855
4 0.928711 413.754 485.933 434.665 445.629 455.746 456.567 434.835 496.871
3 0.927734 97.3516 137.354 133.862 68.9218 158.648 82.1461 122.138 150.578
2 0.927734 478.694 343.818 517.486 272.498 540.806 285.182 502.014 356.502
4 0.926758 53.0537 287.217 72.8671 245.737 94.9463 256.283 75.1329 297.763
2 0.923828 533.619 380.219 571.701 306.541 595.381 318.781 557.299 392.459
4 0.921875 527.287 547.108 545.347 505.243 567.713 514.892 549.653 556.757
2 0.917969 285.955 236.185 354.18 112.79 379.545 126.815 311.32 250.21
3 0.914062 160.436 169.912 183.503 120.259 206.814 131.088 183.747 180.741
3 0.912109 130.065 150.262 153.758 103.903 175.935 115.238 152.242 161.597
3 0.90918 71.5529 117.637 110.67 42.3838 134.197 54.6133 95.0799 129.866
2 0.908203 355.446 277.549 449.423 115.734 476.054 131.201 382.077 293.016
3 0.904297 44.6357 103.077 85.2605 22.1374 109.489 34.2982 68.8645 115.238
2 0.898438 311.923 260.911 418.482 89.8918 444.077 105.839 337.518 276.858
4 0.897461 165.412 432.654 182.158 402.312 200.338 412.346 183.592 442.688
3 0.892578 18.008 89.3875 58.288 8.9044 84.1795 21.8625 43.8995 102.346
3 0.882812 256.149 219.943 298.16 152.229 320.851 166.307 278.84 234.021
3 0.819824 394.262 2.89033 425.01 3.22051 424.738 28.5315 393.99 28.2014
3 0.769043 28.62 -2.20973 57.307 -6.24042 60.255 14.741 31.568 18.7717
