4 0.945312 204.687 161.783 248.885 156.607 251.563 179.467 207.365 184.643
4 0.941406 208.571 188.811 253.134 183.8 255.679 206.439 211.116 211.45
4 0.938477 212.511 216.504 256.444 213.128 258.239 236.496 214.306 239.872
4 0.933594 215.109 245.516 259.252 241.305 261.392 263.734 217.248 267.945
4 0.931641 200.517 108.226 243.764 104.902 245.483 127.274 202.236 130.598
4 0.928711 238.969 491.415 283.178 486.923 285.531 510.085 241.322 514.577
4 0.925781 248.657 586.735 294.445 582.013 296.843 605.265 251.055 609.987
4 0.925781 243.374 520.386 287.186 516.681 289.126 539.614 245.314 543.319
0 0.921875 227.738 457.039 282.291 449.8 285.762 475.961 231.209 483.2
4 0.921875 255.084 617.418 299.243 615.113 300.416 637.582 256.257 639.887
2 0.919922 214.528 414.889 278.773 409.158 281.222 436.611 216.977 442.342
4 0.916992 192.899 81.899 240.878 76.5037 243.601 100.726 195.622 106.121
2 0.912109 173.062 51.9357 237.17 46.8111 239.438 75.1893 175.33 80.3139
3 0.907227 346.166 65.4084 403.921 60.0777 406.334 86.2166 348.579 91.5473
2 0.892578 383.227 361.467 463.596 358.136 464.773 386.533 384.404 389.864
2 0.889648 376.658 320.887 559.923 311.602 561.342 339.613 378.077 348.898
3 0.888672 348.846 101.811 405.82 94.7841 409.154 121.814 352.18 128.841
3 0.885742 344.512 31.0678 419.111 24.6437 421.488 52.2447 346.889 58.6688
4 0.883789 141.54 255.623 175.066 255.006 175.46 276.377 141.934 276.994
2 0.880859 368.744 241.607 506.554 230.591 508.756 258.143 370.946 269.159
2 0.867188 394.467 527.081 475.511 518.47 478.533 546.919 397.489 555.53
2 0.860352 376.82 275.961 560.875 270.878 561.68 300.039 377.625 305.122
3 0.858887 344.631 -2.09072 416.457 -4.73624 417.369 20.0126 345.543 22.6581
3 0.850586 367.144 207.887 446.683 205.934 447.356 233.363 367.817 235.316
2 0.848633 393.402 461.533 474.285 453.19 477.098 480.467 396.215 488.81
4 0.811523 181.107 629.311 205.246 629.533 205.143 640.689 181.004 640.467
3 0.805664 606.475 207.909 637.678 205.703 639.525 231.841 608.322 234.047
3 0.788086 612.598 393.92 640.73 393.229 641.402 420.58 613.27 421.271
4 0.693359 227.719 457.149 282.272 449.911 285.781 476.351 231.228 483.589
2 0.598633 604.368 450.466 641.659 449.207 642.632 478.034 605.341 479.293
2 0.512695 229.212 457.094 282.743 450.742 285.788 476.406 232.257 482.758
3 0.459961 606.675 448.837 641.377 447.772 642.325 478.663 607.623 479.728
2 0.408936 613.709 393.617 641.752 394.09 641.291 421.383 613.248 420.91
