2 0.947266 332.854 461.227 365.149 406.589 389.146 420.773 356.851 475.411
4 0.943359 148.96 331.776 170.128 291.394 190.79 302.224 169.622 342.606
4 0.942383 173.501 346.776 195.017 306.224 215.749 317.224 194.233 357.776
4 0.94043 197.56 361.116 218.491 320.963 239.44 331.884 218.509 372.037
4 0.94043 124.579 318.622 145.155 278.285 165.921 288.878 145.345 329.215
2 0.94043 18.6181 277.262 49.887 223.183 74.1944 237.238 42.9255 291.317
4 0.938477 433.783 502.902 457.3 464.572 477.717 477.098 454.2 515.428
0 0.9375 374.46 477.647 398.701 428.173 422.54 439.853 398.299 489.327
3 0.932617 102.66 129.168 143.374 62.6374 167.59 77.4566 126.876 143.988
2 0.931641 392.02 298.255 435.466 226.582 460.48 241.745 417.034 313.418
2 0.929688 286.391 231.522 359.056 117.45 384.609 133.728 311.944 247.8
4 0.928711 78.8555 289.112 101.692 251.795 122.27 264.388 99.4331 301.705
4 0.928711 407.505 488.53 430.245 449.409 450.995 461.47 428.255 500.591
2 0.926758 477.747 349.377 518.702 280.509 540.753 293.623 499.798 362.491
2 0.925781 531.686 386.035 571.918 316.021 595.314 329.465 555.082 399.479
4 0.923828 519.326 553.642 539.251 513.677 560.674 524.358 540.749 564.323
4 0.923828 54.6536 278.601 76.5618 236.807 97.7214 247.899 75.8132 289.693
4 0.921875 489.588 539.396 511.101 497.223 533.412 508.604 511.899 550.778
3 0.917969 77.3008 108.217 120.818 32.9549 144.949 46.9078 101.432 122.17
3 0.917969 50.747 94.4115 95.7559 14.3882 119.003 27.4635 73.9941 107.487
3 0.915039 165.67 165.239 189.949 115.783 213.33 127.261 189.051 176.717
3 0.912109 133.611 145.673 162.251 97.5138 184.639 110.827 155.999 158.986
2 0.911133 354.633 276.89 457.197 121.723 482.367 138.36 379.803 293.527
3 0.904297 25.214 78.3067 69.9462 -0.939911 94.0985 12.6933 49.3663 91.9399
4 0.904297 161.308 426.345 179.287 397.856 197.192 409.155 179.213 437.644
2 0.898438 319.178 255.754 425.21 94.9389 450.322 111.496 344.29 272.311
4 0.897461 394.27 571.741 412.335 536.158 432.23 546.259 414.165 581.842
3 0.874023 261.164 217.462 302.928 151.733 325.836 166.288 284.072 232.017
3 0.828613 405.315 5.20819 436.064 6.90803 434.685 31.8543 403.936 30.1545
3 0.81543 237.954 208.547 267.524 154.48 288.046 165.703 258.476 219.77
3 0.615234 42.2756 0.828991 63.5505 0.306723 63.7869 9.93663 42.512 10.4589
3 0.554199 287.043 229.906 350.944 129.592 376.457 145.844 312.556 246.158
