4 0.951172 184.047 214.765 226.745 201.059 233.703 222.735 191.005 236.441
4 0.949219 200.897 268.998 244.148 255.697 250.853 277.502 207.602 290.803
4 0.949219 173.752 189.353 216.853 175.371 223.998 197.397 180.897 211.379
4 0.946289 193.208 241.775 235.462 229.17 242.042 251.225 199.788 263.83
4 0.938477 158.404 138.202 200.707 124.801 207.596 146.548 165.293 159.949
4 0.938477 276.213 504.662 318.985 491.4 325.787 513.338 283.015 526.6
4 0.938477 286.559 531.957 329.163 519.885 335.441 542.043 292.837 554.115
4 0.9375 305.53 594.728 350.29 581.562 356.97 604.272 312.21 617.438
4 0.929688 319.221 621.9 362.454 616.298 365.279 638.1 322.046 643.702
2 0.928711 236.298 433.527 299.51 416.607 306.702 443.473 243.49 460.393
2 0.928711 119.603 87.1081 182.835 71.7837 189.647 99.8919 126.415 115.216
0 0.916992 258.333 472.69 309.775 455.169 318.167 479.81 266.725 497.331
3 0.916016 303.863 99.2059 358.212 81.1127 366.637 106.419 312.288 124.512
4 0.915039 146.623 112.766 193.201 98.1672 200.627 121.859 154.049 136.458
3 0.90918 295.909 63.8947 347.435 49.0381 354.591 73.8553 303.065 88.7119
2 0.908203 363.908 272.007 546 216.465 554.092 242.993 372 298.535
4 0.902344 131.122 295.167 163.332 286.545 168.628 306.333 136.418 314.955
2 0.898438 349.368 233.107 484.983 191.855 493.132 218.643 357.517 259.895
3 0.897461 283.134 31.6437 354.634 12.0929 361.866 38.5438 290.366 58.0946
2 0.895508 376.365 312.13 554.161 258.791 562.135 285.37 384.339 338.709
2 0.879883 389.805 345.273 469.412 328.101 475.695 357.227 396.088 374.399
3 0.869141 341.312 200.664 421.48 182.274 427.688 209.336 347.52 227.726
2 0.868164 436.235 506.434 513.371 482.971 521.765 510.566 444.629 534.029
3 0.858887 277.434 -5.71902 347.689 -9.81895 349.066 13.7815 278.811 17.8815
2 0.845703 419.777 443.044 493.084 421.175 501.223 448.456 427.916 470.325
3 0.806641 578.579 148.404 608.225 145.576 610.421 168.596 580.775 171.424
2 0.791016 145.66 113.397 192.191 98.341 199.84 121.978 153.309 137.034
2 0.770996 258.039 470.845 310.873 455.786 317.961 480.655 265.127 495.714
3 0.760254 640.993 327.06 645.006 355.939 627.007 358.44 622.994 329.561
4 0.720703 258.077 472.771 309.874 455.129 318.423 480.229 266.626 497.871
