4 0.949219 194.125 170.417 238.165 161.797 242.625 184.583 198.585 193.203
4 0.949219 200.114 196.31 243.825 189.036 247.636 211.94 203.925 219.214
4 0.941406 205.078 225.213 248.984 217.595 252.922 240.287 209.016 247.905
4 0.939453 185.809 117.361 229.477 110.609 232.941 133.014 189.273 139.766
4 0.938477 210.273 252.408 254.251 245.609 257.727 268.092 213.749 274.891
4 0.932617 257.468 525.589 301.044 518.851 304.532 541.411 260.956 548.149
4 0.931641 278.234 619.072 321.113 616.833 322.266 638.928 279.387 641.167
4 0.929688 250.781 497.158 294.56 489.007 298.719 511.342 254.94 519.493
4 0.928711 267.426 590.112 312.998 582.994 316.574 605.888 271.002 613.006
2 0.923828 154.942 62.7397 219.267 54.8059 222.808 83.5103 158.483 91.4441
2 0.923828 236.926 462.455 291.713 453.208 296.074 479.045 241.287 488.292
4 0.923828 177.055 90.8347 225.791 82.5322 229.945 106.915 181.209 115.218
2 0.921875 221.477 420.466 286.842 411.793 290.523 439.534 225.158 448.207
3 0.90625 335.759 100.633 389.746 88.5969 395.241 113.242 341.254 125.278
3 0.897461 329.849 64.2552 385.45 55.134 389.651 80.7448 334.05 89.866
2 0.892578 386.205 355.983 466.94 348.032 469.795 377.017 389.06 384.968
3 0.892578 326.237 28.9452 399.037 19.2853 402.763 47.3673 329.963 57.0272
2 0.889648 378.161 317.357 557.625 293.823 561.339 322.143 381.875 345.677
4 0.889648 137.309 267.989 170.973 266.077 172.191 287.511 138.527 289.423
2 0.885742 364.202 238.547 500.549 217.252 504.798 244.453 368.451 265.748
2 0.880859 375.331 273.083 558.147 253.376 561.169 281.417 378.353 301.124
3 0.870605 357.315 206.329 438.539 197.069 441.685 224.671 360.461 233.931
2 0.845703 407.54 520.642 489.441 506.431 494.46 535.358 412.559 549.569
3 0.845703 320.047 -4.46311 394.666 -5.37887 394.953 18.0569 320.334 18.9726
2 0.84375 402.434 456.234 479.717 442.824 484.566 470.766 407.283 484.176
3 0.767578 617.722 374.071 644.366 375.298 643.278 398.929 616.634 397.702
0 0.746094 237.08 462.883 291.043 452.579 295.92 478.117 241.957 488.421
4 0.638184 237.06 462.894 290.789 452.207 295.94 478.106 242.211 488.793
