4 0.952148 155.894 268.471 190.854 240.137 205.356 258.029 170.396 286.363
4 0.949219 173.221 291.205 209.204 262.901 223.279 280.795 187.296 309.099
4 0.947266 190.805 312.835 225.981 285.122 240.195 303.165 205.019 330.878
4 0.946289 137.91 247.244 173.918 218.92 188.34 237.256 152.332 265.58
2 0.946289 281.072 454.669 333.126 418.247 348.928 440.831 296.874 477.253
2 0.945312 51.9598 168.855 105.973 133.716 121.54 157.645 67.5271 192.784
4 0.94043 360.696 530.317 397.725 504.745 410.804 523.683 373.775 549.255
0 0.939453 314.012 485.806 355.113 451.169 371.988 471.194 330.887 505.831
4 0.938477 421.629 608.556 456.928 580.746 470.871 598.444 435.572 626.254
2 0.935547 395.383 321.759 462.542 276.586 478.117 299.741 410.958 344.914
4 0.935547 106.181 204.218 141.245 178.421 154.569 196.532 119.505 222.329
4 0.929688 399.331 583.457 436.922 555.037 451.669 574.543 414.078 602.963
4 0.928711 341.527 508.678 376.938 481.521 390.973 499.822 355.562 526.979
2 0.927734 367.216 294.741 522.372 183.137 538.284 205.259 383.128 316.863
3 0.927734 230.049 118.232 275.157 83.0294 290.951 103.268 245.843 138.471
2 0.925781 318.499 225.892 429.105 145.687 445.001 167.608 334.395 247.813
4 0.924805 87.0341 183.544 124.055 155.51 138.591 174.706 101.57 202.74
3 0.923828 208.339 88.6382 253.431 56.9839 267.911 77.6118 222.819 109.266
2 0.917969 493.711 458.27 556.132 407.043 572.289 426.73 509.868 477.957
3 0.916992 184.459 61.2427 249.121 16.2937 265.041 39.1948 200.379 84.1438
2 0.912109 340.048 263.654 500.498 144.465 515.452 164.596 355.002 283.785
4 0.911133 133.863 361.113 162.379 342.311 173.637 359.387 145.121 378.189
2 0.908203 456.65 403.462 522.075 354.236 537.35 374.538 471.925 423.764
3 0.897461 167.545 27.8419 241.794 -9.53206 253.955 14.6269 179.706 52.0008
3 0.894531 302.752 203.591 364.865 157.451 380.248 178.159 318.135 224.299
3 0.864258 150.702 -0.768043 200.054 -9.17545 204.048 14.268 154.696 22.6755
3 0.836914 283.382 186.64 326.431 149.042 341.118 165.86 298.069 203.458
3 0.825684 506.581 60.9849 538.024 61.7568 537.419 86.3901 505.976 85.6181
2 0.70752 85.8466 184.171 123.443 156.018 137.903 175.329 100.307 203.482
2 0.673828 313.435 485.055 355.169 450.59 371.565 470.445 329.831 504.91
3 0.667969 137.741 0.0672708 160.031 -1.23353 160.759 11.253 138.469 12.5538
3 0.49707 614.096 244.321 620.195 204.441 647.904 208.679 641.805 248.559
2 0.443359 607.741 237.066 626.386 201.925 653.259 216.184 634.614 251.325
1 0.369141 612.319 242.623 623.664 202.671 651.681 210.627 640.336 250.579
