2 0.948242 294.873 458.15 343.489 415.952 361.627 436.85 313.011 479.048
4 0.947266 171.146 307.274 203.375 274.847 219.854 291.226 187.625 323.653
3 0.946289 160.575 77.847 216.04 25.5242 234.675 45.278 179.21 97.6008
4 0.946289 151.444 286.483 183.453 253.273 200.306 269.517 168.297 302.727
4 0.946289 131.276 267.932 163.155 234.857 179.974 251.068 148.095 284.143
0 0.945312 331.029 486.188 368.045 444.583 387.971 462.312 350.955 503.917
4 0.943359 190.736 327.26 222.712 294.89 239.264 311.24 207.288 343.61
2 0.943359 37.9277 198.78 85.2901 156.248 104.572 177.72 57.2099 220.252
4 0.9375 95.5678 228.139 126.037 196.961 142.307 212.861 111.838 244.039
3 0.9375 186.5 102.513 225.484 65.2824 242.75 83.3622 203.766 120.593
4 0.9375 382.577 525.214 416.955 495.743 432.423 513.786 398.045 543.257
4 0.935547 451.428 597.174 482.43 564.86 499.072 580.826 468.07 613.14
4 0.933594 74.8816 209.678 108.823 176.762 125.368 193.822 91.4266 226.738
2 0.932617 464.198 388.223 523.223 333.392 540.302 351.777 481.277 406.608
2 0.931641 393.936 315.653 459.248 261.548 476.064 281.847 410.752 335.952
2 0.931641 309.682 227.177 410.562 135.037 429.318 155.573 328.438 247.713
4 0.929688 361.509 504.987 393.184 474.223 409.491 491.013 377.816 521.778
4 0.928711 426.427 574.032 460.247 541.484 477.073 558.968 443.253 591.516
2 0.928711 363.622 290.525 507.139 162.044 525.878 182.975 382.361 311.456
3 0.924805 141.515 52.527 205.21 -6.6428 222.735 12.223 159.04 71.3928
3 0.923828 210.656 129.717 247.633 89.0449 266.594 106.283 229.617 146.955
2 0.923828 507.105 439.142 564.293 381.426 582.895 399.858 525.707 457.574
4 0.917969 139.559 380.39 165.666 359.298 178.441 375.11 152.334 396.202
3 0.888672 289.617 207.383 346.892 153.518 364.383 172.117 307.108 225.982
3 0.888672 116.1 22.7972 179.779 -12.2515 190.9 7.95282 127.221 43.0015
3 0.854492 100.007 -2.44025 140.584 -6.81422 143.118 16.6902 102.541 21.0642
3 0.845215 477.287 42.109 510.649 39.4421 512.713 65.266 479.351 67.9329
2 0.841309 324.477 266.015 440.023 165.725 456.523 184.735 340.977 285.025
3 0.834473 269.512 189.098 314.299 147.684 329.988 164.652 285.201 206.066
2 0.697754 608.814 214.897 616.225 153.845 647.186 157.603 639.775 218.655
2 0.630371 626.898 258.602 626.898 232.398 640.102 232.398 640.102 258.602
