4 0.949219 185.707 212.595 228.64 199.535 235.293 221.405 192.36 234.465
4 0.947266 194.379 239.337 237.253 227.188 243.621 249.663 200.747 261.812
4 0.946289 201.776 266.789 245.276 254.101 251.724 276.211 208.224 288.899
4 0.945312 176.682 186.613 219.624 173.371 226.568 195.887 183.626 209.129
4 0.938477 282.715 531.029 325.849 519.589 331.785 541.971 288.651 553.411
4 0.9375 161.999 135.044 204.387 123.244 210.501 145.206 168.113 157.006
4 0.935547 272.914 504.074 315.807 490.883 322.586 512.926 279.693 526.117
2 0.927734 233.901 432.035 298.434 416.238 305.099 443.465 240.566 459.262
2 0.925781 124.527 83.154 187.133 68.4381 193.723 96.471 131.117 111.187
4 0.919922 314.069 621.011 358.728 616.613 360.931 638.989 316.272 643.387
4 0.919922 300.423 594.25 345.731 581.75 352.077 604.75 306.769 617.25
4 0.917969 149.256 109.82 196.986 95.8995 203.994 119.93 156.264 133.85
2 0.914062 364.482 272.408 544.801 221.014 552.518 248.092 372.199 299.486
3 0.912109 287.537 31.7133 360.665 11.9582 367.963 38.9742 294.835 58.7293
3 0.912109 298.978 64.2859 353.314 48.7994 360.522 74.0891 306.186 89.5756
3 0.907227 308.746 98.3422 362.686 81.5269 370.754 107.408 316.814 124.223
4 0.904297 131.487 291.871 165.033 283.55 170.013 303.629 136.467 311.95
2 0.898438 351.4 233.618 486.786 195.592 494.1 221.632 358.714 259.658
2 0.895508 375.957 312.661 555.542 262.814 563.043 289.839 383.458 339.686
2 0.892578 432.927 508.277 511.851 484.468 520.073 511.723 441.149 535.532
0 0.888672 255.77 472.187 307.098 455.012 315.23 479.313 263.902 496.488
2 0.883789 388.809 346.965 470.46 330.724 476.191 359.535 394.54 375.776
3 0.870605 344.012 201.054 423.169 184.169 428.988 211.446 349.831 228.331
3 0.863281 282.901 -7.0307 354.526 -7.25044 354.599 16.5463 282.974 16.7661
2 0.849609 418.148 445.121 493.475 423.026 501.352 449.879 426.025 471.974
2 0.827637 255.433 469.788 309.193 455.265 316.067 480.712 262.307 495.235
4 0.818359 255.235 472.273 306.575 454.743 314.765 478.727 263.425 496.257
3 0.654785 632.437 331.836 649.293 353.92 634.563 365.164 617.707 343.08
3 0.490234 637.242 386.665 645.224 417.33 631.758 420.835 623.776 390.17
2 0.47168 632.675 330.831 650.765 354.233 635.325 366.169 617.235 342.767
