4 0.949219 172.395 302.351 204.763 270.864 220.605 287.149 188.237 318.636
4 0.949219 133.31 261.357 165.591 230.051 181.44 246.393 149.159 277.699
4 0.947266 152.862 279.982 185.691 249.25 201.388 266.018 168.559 296.75
4 0.947266 190.836 322.496 223.524 291.66 239.414 308.504 206.726 339.34
0 0.946289 325.68 486.839 364.521 446.542 383.32 464.661 344.479 504.958
4 0.943359 375.575 527.836 410.039 498.61 424.925 516.164 390.461 545.39
2 0.942383 290.902 458.341 339.571 416.683 357.098 437.159 308.429 478.817
4 0.9375 98.8733 220.29 131.142 191.446 146.127 208.21 113.858 237.054
2 0.9375 394.13 318.7 459.465 267.308 476.37 288.8 411.035 340.192
2 0.935547 503.828 445.91 562.589 389.707 580.172 408.09 521.411 464.293
4 0.93457 354.814 507.076 387.369 476.554 403.186 493.424 370.631 523.946
2 0.93457 43.1819 188.588 92.4672 147.76 110.818 169.912 61.5328 210.74
4 0.93457 441.766 601.134 473.761 570.295 489.734 586.866 457.739 617.705
4 0.933594 417.299 578.43 452.023 545.471 469.201 563.57 434.477 596.529
4 0.931641 79.6403 200.965 113.215 170.582 129.235 188.285 95.6602 218.668
3 0.929688 168.764 73.0138 226.614 22.9573 244.486 43.6112 186.636 93.6677
3 0.928711 149.953 45.8264 214.218 -6.9965 230.797 13.1736 166.532 65.9965
3 0.926758 193.059 96.1077 235.643 62.3461 250.941 81.6423 208.357 115.404
2 0.925781 463.27 392.993 522.626 340.671 539.23 359.507 479.874 411.829
2 0.923828 367.517 291.29 508.544 170.016 526.983 191.46 385.956 312.734
2 0.917969 310.145 229.267 419.306 136.699 437.355 157.983 328.194 250.551
3 0.917969 216.351 125.475 257.746 87.0214 275.399 106.025 234.004 144.479
4 0.911133 137.421 373.864 164.228 353.982 176.579 370.636 149.772 390.518
3 0.886719 294.528 205.735 352.118 153.78 369.472 173.015 311.882 224.97
3 0.867188 126.334 12.694 187.771 -10.1964 196.166 12.3373 134.729 35.2276
3 0.853027 274.73 188.734 316.874 146.07 333.27 162.266 291.126 204.93
3 0.823242 487.89 47.7072 519.328 46.7423 520.11 72.2303 488.672 73.1952
3 0.779297 111.977 -5.84194 146.66 -6.37402 147.023 17.3263 112.34 17.8584
2 0.683105 611.695 227.116 617.225 172.584 647.305 175.634 641.775 230.166
3 0.547852 611.57 226.146 616.866 172.532 645.43 175.354 640.134 228.968
2 0.506348 111.085 -5.30888 141.803 -5.12039 141.665 17.3167 110.947 17.1282
2 0.44873 629.266 268.625 629.266 244.875 639.734 244.875 639.734 268.625
4 0.406006 610.652 223.989 619.543 172.692 647.348 177.511 638.457 228.808
3 0.323975 628.23 268.883 628.23 243.617 639.77 243.617 639.77 268.883
