4 0.948242 197.845 198.782 241.844 190.45 246.155 213.218 202.156 221.55
4 0.946289 203.136 226.815 247.413 218.782 251.614 241.935 207.337 249.968
4 0.946289 191.222 172.367 235.244 163.189 240.028 186.133 196.006 195.311
4 0.938477 260.718 526.824 304.589 518.656 308.782 541.176 264.911 549.344
4 0.935547 209.109 254.694 252.802 246.767 256.891 269.306 213.198 277.233
4 0.935547 181.518 119.867 225.482 111.682 229.732 134.508 185.768 142.693
4 0.93457 272.62 590.824 318.136 583.357 321.88 606.176 276.364 613.643
4 0.933594 254.625 497.67 297.795 489.838 301.875 512.33 258.705 520.162
2 0.931641 239.774 464.629 293.974 453.588 299.226 479.371 245.026 490.412
2 0.926758 225.186 421.992 287.538 412.352 291.814 440.008 229.462 449.648
4 0.916992 282.126 620.189 326.117 617.69 327.374 639.811 283.383 642.31
2 0.916016 149.223 65.2857 214.029 55.7743 218.277 84.7143 153.471 94.2257
3 0.902344 330.532 100.037 386.795 87.5836 392.468 113.213 336.205 125.666
3 0.902344 325.153 64.0108 380.671 54.7718 384.847 79.8642 329.329 89.1032
3 0.896484 318.345 30.7233 393.039 18.1166 397.655 45.4642 322.961 58.0709
2 0.895508 377.167 316.796 559.586 289.164 563.833 317.204 381.414 344.836
2 0.894531 361.53 238.828 498.428 213.34 503.47 240.422 366.572 265.91
4 0.894531 171.08 93.2633 221.435 83.728 226.17 108.737 175.815 118.272
2 0.892578 386.371 354.336 467.292 346.366 470.129 375.164 389.208 383.134
2 0.888672 369.079 274.236 552.406 247.616 556.421 275.264 373.094 301.884
3 0.864746 355.771 206.053 437.371 194.332 441.229 221.197 359.629 232.918
3 0.862305 314.649 -4.76762 390.017 -5.8082 390.351 18.3301 314.983 19.3707
2 0.838867 405.835 454.698 486.424 440.969 491.165 468.802 410.576 482.531
4 0.826172 239.911 464.52 293.495 452.833 299.089 478.48 245.505 490.167
3 0.79248 618.338 367.222 645.61 369.402 643.662 393.778 616.39 391.598
3 0.760742 595.944 181.973 627.534 179.935 629.056 203.527 597.466 205.565
0 0.59082 239.732 464.876 293.938 452.529 299.768 478.124 245.562 490.471
2 0.424316 618.637 367.673 646.556 369.044 645.363 393.327 617.444 391.956
