4 0.951172 134.167 257.916 167.468 226.501 183.583 243.584 150.282 274.999
4 0.949219 172.478 298.789 206.211 269.099 221.272 286.211 187.539 315.901
4 0.947266 153.329 275.571 187.996 247.076 202.671 264.929 168.004 293.424
4 0.945312 190.601 320.396 224.106 289.982 239.649 307.104 206.144 337.518
4 0.945312 372.068 528.853 406.199 500.445 420.932 518.147 386.801 546.555
4 0.943359 100.527 215.972 134.001 187.85 148.223 204.778 114.749 232.9
2 0.942383 288.351 457.758 338.034 416.92 355.149 437.742 305.466 478.58
3 0.94043 174.112 69.472 233.061 20.7145 250.638 41.9655 191.689 90.723
4 0.939453 436.883 602.563 470.076 573.348 485.117 590.437 451.924 619.652
0 0.9375 323.149 487.287 362.009 447.706 380.351 465.713 341.491 505.294
2 0.93457 45.2169 183.681 94.3636 144.717 112.283 167.319 63.1364 206.283
2 0.931641 394.788 319.302 460.46 269.574 477.212 291.698 411.54 341.426
4 0.931641 351.928 506.955 384.857 478.151 400.072 495.545 367.143 524.349
4 0.929688 413.278 580.078 448.134 548.923 464.222 566.922 429.366 598.077
4 0.928711 80.3419 198.323 115.121 165.514 131.783 183.177 97.0037 215.986
3 0.925781 220.388 124.415 260.982 85.885 278.612 104.46 238.018 142.99
3 0.924805 196.87 96.0471 239.836 60.6204 255.88 80.0779 212.914 115.505
2 0.923828 501.392 448.386 561.255 394.379 578.608 413.614 518.745 467.621
2 0.923828 366.126 293.232 513.206 171.769 531.374 193.768 384.294 315.231
3 0.920898 152.34 40.9227 224.426 -10.0944 239.41 11.0773 167.324 62.0944
2 0.917969 460.512 396.795 521.602 344.18 537.988 363.205 476.898 415.82
2 0.917969 313.331 228.204 422.105 138.095 439.669 159.296 330.895 249.405
4 0.916992 137.049 370.106 164.436 351.471 175.951 368.394 148.564 387.029
2 0.895508 345.521 257.518 490.042 135.915 507.979 157.232 363.458 278.835
3 0.884766 296.709 204.696 355.617 155.207 372.291 175.054 313.383 224.543
3 0.870605 132.336 9.02569 190.084 -8.58885 197.414 15.4431 139.666 33.0576
3 0.853027 491.783 52.9732 523.563 50.1382 525.717 74.2768 493.937 77.1118
3 0.851562 276.702 186.349 321.641 145.239 337.798 162.901 292.859 204.011
3 0.813477 115.186 -3.35902 147.883 -5.21682 149.064 15.5778 116.367 17.4356
2 0.763672 613.243 231.046 617.171 182.956 647.757 185.454 643.829 233.544
4 0.549805 610.83 227.7 621.14 182.838 648.17 189.05 637.86 233.912
3 0.460938 610.693 229.019 618.484 183.018 646.307 187.731 638.516 233.732
2 0.439941 624.948 253.141 648.725 258.137 646.052 270.859 622.275 265.863
