2 0.951172 35.8288 203.408 83.0106 159.981 102.671 181.342 55.4894 224.769
4 0.948242 151.023 289.354 182.182 255.812 199.227 271.646 168.068 305.188
2 0.947266 297.274 459.158 344.154 415.406 363.226 435.842 316.346 479.594
4 0.947266 170.934 310.383 202.454 276.452 219.316 292.117 187.796 326.048
4 0.945312 130.871 271.08 160.991 237.227 178.629 252.92 148.509 286.773
4 0.943359 190.708 329.239 221.956 296.468 239.042 312.761 207.794 345.532
0 0.942383 334.264 486.807 369.241 444.321 389.736 461.193 354.759 503.679
2 0.939453 394.672 312.835 456.994 260.803 474.828 282.165 412.506 334.197
4 0.939453 385.674 522.958 419.833 493.856 435.326 512.042 401.167 541.144
4 0.935547 456.365 594.235 487.046 562.305 503.135 577.765 472.454 609.695
3 0.933594 157.148 82.2948 211.007 27.2661 230.102 45.9552 176.243 100.984
4 0.933594 364.501 504.603 396.184 473.355 412.499 489.897 380.816 521.145
4 0.932617 431.372 572.297 464.1 538.652 481.628 555.703 448.9 589.348
2 0.932617 465.997 385.328 523.333 329.896 541.003 348.172 483.667 403.604
2 0.932617 361.459 290.721 504.743 158.637 523.541 179.029 380.257 311.113
4 0.932617 93.4468 232.191 124.556 200.986 140.678 217.059 109.569 248.264
2 0.929688 509.173 437.094 565.16 377.011 583.827 394.406 527.84 454.489
2 0.929688 307.565 228.318 407.507 132.432 426.935 152.682 326.993 248.568
3 0.926758 207.27 132.173 243.66 90.8913 262.73 107.702 226.34 148.984
4 0.925781 72.1915 215.393 105.134 179.712 123.433 196.607 90.4911 232.288
3 0.924805 182.022 105.576 219.827 66.233 237.978 83.6738 200.173 123.017
3 0.923828 137.361 56.6971 197.778 -5.03159 216.639 13.4279 156.222 75.1566
4 0.923828 140.503 383.542 165.898 361.838 179.247 377.458 153.852 399.162
4 0.898438 124.131 364.934 145.86 344.499 158.619 358.066 136.89 378.501
3 0.895508 287.296 207.785 344.606 151.521 363.204 170.465 305.894 226.729
3 0.892578 112.028 23.8711 175.812 -10.7267 186.972 9.84769 123.188 44.4454
2 0.861328 604.656 209.477 615.461 146.015 646.344 151.273 635.539 214.735
3 0.858887 93.3404 2.04683 137.84 -6.66281 142.285 16.0469 97.7852 24.7566
2 0.842285 323.904 265.11 436.24 166.085 452.596 184.64 340.26 283.665
3 0.836914 473.298 40.2794 505.584 37.4991 507.702 62.0956 475.416 64.8759
2 0.724121 620.043 230.228 647.886 231.853 646.957 247.772 619.114 246.147
3 0.371094 308.955 225.57 401.543 137.824 421.545 158.93 328.957 246.676
