2 0.948242 321.549 462.328 357.392 410.555 379.951 426.172 344.108 477.945
4 0.946289 148.109 315.922 173.138 278.525 192.641 291.578 167.612 328.975
0 0.945312 360.819 482.923 388.537 434.984 411.181 448.077 383.463 496.016
4 0.943359 171.306 332.651 196.679 295.146 216.194 308.349 190.821 345.854
4 0.941406 125.517 302.069 148.501 262.909 168.983 274.931 145.999 314.091
4 0.94043 194.501 350.252 219.078 311.961 238.999 324.748 214.422 363.039
2 0.939453 22.5858 250.128 61.9211 199.484 83.6642 216.372 44.3289 267.016
4 0.935547 83.0507 269.402 107.405 232.832 126.574 245.598 102.22 282.168
3 0.935547 122.31 110.144 166.093 48.3295 188.19 63.9807 144.407 125.795
2 0.935547 392.994 303.224 443.789 238.851 466.506 256.776 415.711 321.149
2 0.932617 474.452 362.213 521.873 298.016 542.548 313.287 495.127 377.484
4 0.932617 469.086 552.212 495.02 512.977 515.914 526.788 489.98 566.023
4 0.929688 417.584 512.159 444.372 475.807 463.416 489.841 436.628 526.193
4 0.928711 393.099 496.308 418.727 459.015 437.901 472.192 412.273 509.485
2 0.925781 525.908 404.389 572.468 337.955 594.092 353.111 547.532 419.545
2 0.925781 294.193 228.612 377.534 122.409 399.807 139.888 316.466 246.091
3 0.925781 180.307 152.659 207.872 105.029 230.443 118.091 202.878 165.721
4 0.924805 59.4051 255.365 84.6002 215.578 105.22 228.635 80.0248 268.422
4 0.923828 497.77 570.522 522.264 532.586 542.23 545.478 517.736 583.414
3 0.923828 150.873 128.978 181.851 84.633 202.627 99.1466 171.649 143.492
2 0.919922 358.371 281.204 476.414 131.844 499.129 149.796 381.086 299.156
4 0.904297 152.607 412.262 173.419 385.06 190.643 398.238 169.831 425.44
3 0.894531 73.6236 67.3339 125.29 -1.88494 146.626 14.0411 94.9603 83.2599
3 0.892578 47.7199 54.0231 93.3186 -11.2524 115.03 3.91437 69.4314 69.1899
3 0.890625 269.75 214.1 317.849 150.174 338.75 165.9 290.651 229.826
2 0.874023 306.371 239.791 409.46 114.176 431.129 131.959 328.04 257.574
2 0.854492 583.089 160.942 618.033 57.7616 649.911 68.5576 614.967 171.738
3 0.847168 431.032 15.7383 461.296 16.76 460.468 41.2929 430.204 40.2712
2 0.79248 617.69 207.725 619.403 154.347 648.31 155.275 646.597 208.653
