4 0.945312 193.871 203.439 237.149 192.95 242.629 215.561 199.351 226.05
4 0.945312 206.549 258.818 249.96 249.035 254.951 271.182 211.54 280.965
4 0.943359 199.506 231.827 243.301 221.214 248.744 243.673 204.949 254.286
4 0.94043 261.064 499.23 303.899 490.642 308.436 513.27 265.601 521.858
4 0.939453 185.171 177.592 229.641 166.453 235.329 189.158 190.859 200.297
4 0.9375 268.202 528.467 311.539 519.223 316.298 541.533 272.961 550.777
4 0.933594 174.738 124.362 217.529 114.96 222.512 137.638 179.721 147.04
2 0.929688 227.188 425.995 291.176 413.878 296.312 441.005 232.324 453.122
4 0.929688 293.748 621.061 337.238 618.054 338.752 639.939 295.262 642.946
4 0.924805 281.245 591.906 327.217 582.909 331.755 606.094 285.783 615.091
3 0.917969 323.023 99.0306 378.601 85.4258 384.977 111.469 329.399 125.074
2 0.916016 141.581 71.1825 205.089 59.5598 210.169 87.3175 146.661 98.9402
4 0.912109 164.027 98.6994 212.371 87.9212 217.723 111.926 169.379 122.704
2 0.910156 385.787 352.976 468.349 340.081 472.713 368.024 390.151 380.919
3 0.90918 316.641 63.3824 371.431 51.9587 376.859 77.9926 322.069 89.4163
3 0.902344 311.819 29.7611 382.541 16.2566 387.681 43.1764 316.959 56.6809
2 0.899414 373.27 313.288 559.583 282.283 564.23 310.212 377.917 341.217
2 0.895508 365.439 273.096 556.284 237.563 561.561 265.904 370.716 301.437
2 0.893555 245.31 466.815 298.387 455.748 303.69 481.185 250.613 492.252
2 0.892578 359.81 236.187 496.258 208.392 501.69 235.063 365.242 262.858
2 0.879883 419.233 515.461 499.332 498.504 505.267 526.539 425.168 543.496
3 0.876953 351.817 205.505 432.546 190.09 437.683 216.995 356.954 232.41
2 0.869141 408.348 451.706 488.36 434.639 494.152 461.794 414.14 478.861
3 0.864258 304.369 -6.08605 375.557 -6.30446 375.631 17.8673 304.443 18.0857
4 0.857422 135.279 277.562 167.749 273.05 170.721 294.438 138.251 298.95
4 0.841309 245.233 465.868 298.549 453.981 304.267 479.632 250.951 491.519
0 0.780762 245.617 466.84 298.433 454.724 304.383 480.66 251.567 492.776
2 0.769043 162.417 99.4543 211.405 87.582 217.333 112.046 168.345 123.918
3 0.739746 622.581 355.468 649.124 364.236 642.419 384.532 615.876 375.764
2 0.565918 306.404 -4.8555 375.901 -5.49516 376.096 15.6602 306.599 16.2999
