2 0.948242 312.96 461.16 353.978 412.563 375.04 430.34 334.022 478.937
0 0.945312 352.047 485.354 381.337 438.507 403.953 452.646 374.663 499.493
4 0.945312 148.631 307.424 175.31 270.721 194.369 284.576 167.69 321.279
4 0.945312 126.111 291.546 152.321 254.087 172.139 267.954 145.929 305.413
2 0.945312 26.0942 234.436 66.7562 186.111 89.2808 205.064 48.6188 253.389
4 0.943359 171.257 325.627 198.366 288.929 217.243 302.873 190.134 339.571
4 0.943359 192.997 343.272 220.013 306.7 239.003 320.728 211.987 357.3
4 0.941406 407.702 517.302 435.773 482.612 453.798 497.198 425.727 531.888
4 0.94043 85.3527 256.241 113.125 221.431 131.397 236.009 103.625 270.819
3 0.94043 131.453 100.526 179.896 40.7543 201.297 58.0989 152.854 117.871
2 0.939453 471.76 369.776 523.012 308.675 542.74 325.224 491.488 386.325
2 0.938477 521.386 415.076 570.003 351.229 590.614 366.924 541.997 430.771
2 0.93457 392.704 307.337 449.079 244.559 469.796 263.163 413.421 325.941
4 0.932617 485.2 579.102 510.632 542.814 529.3 555.898 503.868 592.186
4 0.929688 458.172 560.746 485.066 523.388 504.328 537.254 477.434 574.612
4 0.927734 61.8699 241.285 90.9007 202.824 110.63 217.715 81.5993 256.176
2 0.925781 298.735 229.615 387.544 124.806 409.765 143.635 320.956 248.444
4 0.925781 384.087 500.303 409.897 464.129 428.913 477.697 403.103 513.871
2 0.921875 360.98 283.238 484.73 141.545 507.02 161.012 383.27 302.705
3 0.921875 83.8875 59.0769 134.722 -5.34479 154.863 10.5481 104.028 74.9698
3 0.921875 159.695 122.221 194.677 78.132 214.555 93.9041 179.573 137.993
3 0.915039 59.1271 35.4261 112.425 -13.6302 129.123 4.51138 75.8249 53.5677
3 0.915039 188.557 145.078 220.714 99.2695 241.943 114.172 209.786 159.981
4 0.915039 148.267 402.725 170.815 377.027 186.483 390.775 163.935 416.473
3 0.892578 275.447 210.889 327.201 150.049 347.553 167.361 295.799 228.201
2 0.875977 319.828 265.047 449.783 112.036 471.172 130.203 341.217 283.214
3 0.856445 445.484 23.0247 476.979 23.6045 476.516 48.7878 445.021 48.208
2 0.839844 588.889 177.649 615.515 89.3256 647.111 98.8505 620.485 187.174
3 0.821289 254.56 196.917 292.713 149.322 311.44 164.333 273.287 211.928
2 0.685059 609.39 195.84 645.905 181.107 655.61 205.16 619.095 219.893
