4 0.948242 169.083 236.823 209.527 217.237 219.667 238.177 179.223 257.763
4 0.948242 194.859 287.651 235.301 268.788 244.891 289.349 204.449 308.212
4 0.948242 181.645 262.718 222.808 243.404 232.605 264.282 191.442 283.596
4 0.948242 155.216 213.665 195.409 193.084 206.034 213.835 165.841 234.416
2 0.94043 255.899 444.776 314.765 418.412 326.101 443.724 267.235 470.088
2 0.939453 86.1006 120.122 145.532 96.4605 156.149 123.128 96.7177 146.789
4 0.938477 132.258 164.83 172.602 146.5 181.992 167.17 141.648 185.5
4 0.9375 319.764 533.523 360.814 516.261 369.736 537.477 328.686 554.739
4 0.935547 348.673 593.97 389.943 574.296 399.827 595.03 358.557 614.704
4 0.93457 305.542 509.107 345.379 489.702 355.458 510.393 315.621 529.798
4 0.928711 364.599 620.386 405.071 602.036 414.401 622.614 373.929 640.964
0 0.927734 282.288 480.856 331.177 455.728 343.212 479.144 294.323 504.272
3 0.924805 237.633 40.4367 306.806 10.0277 317.867 35.1883 248.694 65.5973
2 0.921875 464.768 486.201 536.891 450.726 548.732 474.799 476.609 510.274
2 0.919922 374.183 304.433 541.673 222.685 553.817 247.567 386.327 329.315
2 0.919922 393.554 335.311 469.283 305.699 479.446 331.689 403.717 361.301
3 0.916992 255.705 70.0002 305.416 49.2306 315.295 72.8748 265.584 93.6444
4 0.916016 116.415 142.687 159.447 121.847 170.085 143.813 127.053 164.653
3 0.915039 270.275 105.299 319.5 78.2061 332.225 101.326 283 128.419
2 0.912109 336.103 231.518 462.387 168.8 474.397 192.982 348.113 255.7
4 0.907227 129.514 326.054 160.123 310.969 168.736 328.446 138.127 343.531
2 0.893555 439.071 425.576 512.535 393.28 522.929 416.924 449.465 449.22
3 0.883789 321.264 200.09 395.44 167.549 406.236 192.16 332.06 224.701
3 0.880859 227.381 3.22198 294.546 -7.79641 298.619 17.028 231.454 28.0464
2 0.867188 359.584 278.109 533.625 193.825 544.916 217.141 370.875 301.425
4 0.829102 390.701 627.428 420.275 626.339 420.799 640.572 391.225 641.661
3 0.743652 628.955 275.809 651.618 294.177 639.045 309.691 616.382 291.323
3 0.621094 215.286 0.20702 234.298 -0.142995 234.464 8.85548 215.452 9.2055
4 0.335938 630.375 230.266 630.375 206.984 639.625 206.984 639.625 230.266
2 0.325928 629.328 231.391 629.328 206.609 639.672 206.609 639.672 231.391
3 0.299805 625.904 208.092 648.285 218.51 643.096 229.658 620.715 219.24
0 0.272461 625.241 209.331 648.546 217.189 644.759 228.419 621.454 220.561
