4 0.951172 189.517 246.985 232.128 231.665 239.983 253.515 197.372 268.835
4 0.949219 180.224 218.934 222.821 204.426 230.276 226.316 187.679 240.824
4 0.945312 199.822 273.121 241.757 258.044 249.428 279.379 207.493 294.456
4 0.942383 151.705 143.61 193.718 128.94 201.295 150.64 159.282 165.31
4 0.941406 169.185 194.403 212.025 179.074 219.815 200.847 176.975 216.176
2 0.94043 112.947 95.3423 174.82 76.4696 183.303 104.283 121.43 123.155
4 0.94043 282.658 505.317 325.028 491.212 332.342 513.183 289.972 527.288
4 0.939453 294.416 532.051 336.563 520.318 342.584 541.949 300.437 553.682
0 0.939453 263.567 475.011 314.241 455.553 323.433 479.489 272.759 498.947
4 0.931641 314.524 594.579 359.761 580.401 366.976 603.421 321.739 617.599
2 0.928711 241.201 435.753 302.324 417.314 310.299 443.747 249.176 462.186
4 0.926758 137.166 120.031 184.934 101.898 193.834 125.344 146.066 143.477
3 0.916992 295.956 99.3422 350.198 80.2619 359.044 105.408 304.802 124.488
4 0.915039 329.155 621.611 372.613 616.048 375.345 637.389 331.887 642.952
3 0.914062 272.052 32.9371 344.806 10.7457 352.948 37.4379 280.194 59.6293
2 0.90918 390.73 343.523 469.272 323.721 476.27 351.477 397.728 371.279
3 0.907227 285.993 64.1604 340.083 48.3846 347.507 73.8396 293.417 89.6154
2 0.90625 372.403 311.143 550.896 251.721 559.597 277.857 381.104 337.279
2 0.898438 441.602 502.61 518.9 475.619 527.898 501.39 450.6 528.381
2 0.892578 345.761 233.375 482.164 186.449 490.739 211.375 354.336 258.301
2 0.890625 357.663 270.601 543.074 210.609 551.337 236.149 365.926 296.141
2 0.886719 425.075 438.958 502.617 413.868 510.925 439.542 433.383 464.632
3 0.880859 339.629 200.814 414.342 179.52 421.871 205.936 347.158 227.23
3 0.866211 265.88 -5.09976 337.273 -7.61966 338.12 16.3966 266.727 18.9165
4 0.848633 130.315 301.497 162.176 291.35 168.435 311.003 136.574 321.15
2 0.763672 262.909 474.71 314.258 455.802 323.091 479.79 271.742 498.698
3 0.755859 641.056 317.152 644.608 345.241 627.944 347.348 624.392 319.259
