2 0.948242 330.208 461.624 364.181 407.791 387.292 422.376 353.319 476.209
4 0.945312 430.379 505.205 453.89 466.652 474.621 479.295 451.11 517.848
4 0.943359 149.045 328.352 170.476 288.109 191.205 299.148 169.774 339.391
4 0.942383 197.075 358.565 218.739 318.589 239.675 329.935 218.011 369.911
4 0.941406 172.98 343.834 194.497 304.347 215.27 315.666 193.753 355.153
2 0.94043 19.5085 271.689 52.2423 218.337 76.2415 233.061 43.5077 286.413
4 0.94043 124.604 316.155 145.047 275.191 166.396 285.845 145.953 326.809
2 0.9375 477.805 352.296 518.411 283.295 541.195 296.704 500.589 365.705
0 0.935547 372.525 479.726 395.593 429.97 419.975 441.274 396.907 491.03
3 0.931641 109.387 124.17 147.288 59.5963 171.113 73.5797 133.212 138.154
4 0.931641 404.624 490.051 428.597 451.378 448.876 463.949 424.903 502.622
4 0.931641 485.909 541.885 508.062 500.362 530.091 512.115 507.938 553.638
4 0.928711 79.409 284.613 102.886 247.031 123.466 259.887 99.9891 297.469
2 0.927734 287.969 232.129 363.544 117.41 388.531 133.871 312.956 248.59
4 0.926758 515.108 557.356 536.221 518.432 556.892 529.644 535.779 568.568
3 0.926758 137.681 141.46 166.363 95.2285 187.819 108.54 159.137 154.772
2 0.925781 392.764 299.443 437.075 229.705 461.236 245.057 416.925 314.795
4 0.923828 55.3488 273.588 78.0826 232.095 99.6512 243.912 76.9174 285.405
2 0.920898 530.721 388.934 572.359 320.184 595.279 334.066 553.641 402.816
3 0.918945 168.643 162.695 193.318 113.297 216.857 125.055 192.182 174.453
3 0.917969 81.0161 103.232 125.762 31.1104 148.984 45.5178 104.238 117.64
2 0.916016 355.114 278.857 462.391 122.494 487.386 139.643 380.109 296.006
2 0.90918 317.631 262.192 429.945 93.543 454.369 109.808 342.055 278.457
4 0.907227 158.999 423.278 177.652 394.963 195.501 406.722 176.848 435.037
3 0.904297 56.4676 88.7098 101.29 9.58624 124.157 22.5402 79.3345 101.664
3 0.89502 30.7717 74.3939 74.7125 -5.08013 99.3533 8.54362 55.4125 88.0176
3 0.889648 261.975 217.404 306.202 151.869 328.025 166.596 283.798 232.131
3 0.821289 409.783 5.49987 442.347 6.89939 441.217 33.1876 408.653 31.7881
