4 0.951172 172.828 295.93 207.097 267.006 221.922 284.57 187.653 313.494
4 0.946289 154.488 274.402 188.359 244.775 203.512 262.098 169.641 291.725
4 0.946289 135.389 254.584 169.126 224.054 184.611 241.166 150.874 271.696
2 0.945312 285.706 456.606 336.341 417.464 353.294 439.394 302.659 478.536
2 0.945312 48.7424 178.186 100.052 141.576 116.633 164.814 65.3228 201.424
4 0.942383 190.669 318.303 224.659 288.432 239.831 305.697 205.841 335.568
2 0.938477 395.304 321.069 460.204 272.082 476.696 293.931 411.796 342.918
3 0.9375 177.372 68.7182 236.883 18.8776 254.128 39.4693 194.617 89.3099
4 0.9375 101.924 212.038 136.624 184.179 150.701 201.712 116.001 229.571
4 0.9375 368.119 528.857 403.765 501.649 417.881 520.143 382.235 547.351
4 0.935547 82.2148 193.175 117.898 162.155 133.91 180.575 98.2271 211.595
0 0.93457 320.197 486.97 358.947 448.869 376.803 467.03 338.053 505.131
4 0.933594 408.115 580.044 445.047 550.671 460.385 569.956 423.453 599.329
4 0.929688 348.441 508.81 381.989 479.147 397.059 496.19 363.511 525.853
3 0.928711 201.707 92.8016 243.968 58.389 259.793 77.8234 217.532 112.236
2 0.928711 497.921 452.059 559.751 397.723 577.079 417.441 515.249 471.777
2 0.927734 314.251 227.961 423.928 139.35 441.249 160.789 331.572 249.4
4 0.925781 431.619 605.108 466.094 576.235 480.881 593.892 446.406 622.765
2 0.923828 366.118 292.25 516.796 176.508 533.882 198.75 383.204 314.492
3 0.921875 223.657 121.839 265.331 84.7602 282.593 104.161 240.919 141.24
4 0.920898 136.485 370.204 161.497 347.778 174.515 362.296 149.503 384.722
3 0.918945 156.304 36.8019 230.053 -9.82006 243.696 11.7606 169.947 58.3826
2 0.90918 458.784 399.407 521.578 347.551 537.716 367.093 474.922 418.949
2 0.904297 339.354 261.738 494.518 138.138 511.146 159.012 355.982 282.612
3 0.884766 297.917 204.156 359.173 154.665 376.083 175.594 314.827 225.085
3 0.867188 138.474 4.54271 192.969 -6.29699 197.526 16.6135 143.031 27.4532
3 0.845215 278.285 185.736 322.874 145.262 339.215 163.264 294.626 203.738
3 0.822266 495.195 57.2798 527.358 52.6097 530.805 76.3452 498.642 81.0153
3 0.746582 610.86 233.428 620.12 189.646 648.14 195.572 638.88 239.354
3 0.736328 121.564 -3.07314 148.213 -4.17751 148.936 13.2763 122.287 14.3806
