4 0.949219 157.097 264.701 193.157 238.043 206.653 256.299 170.593 282.957
4 0.949219 139.096 245.286 173.98 216.612 188.654 234.464 153.77 263.138
4 0.949219 174.182 288.357 210.443 261.55 223.818 279.643 187.557 306.45
4 0.947266 190.975 311.138 226.305 284.598 240.025 302.862 204.695 329.402
2 0.947266 278.652 453.3 331.744 418.294 346.848 441.2 293.756 476.206
0 0.943359 310.725 486.32 352.533 450.536 369.775 470.68 327.967 506.464
2 0.942383 54.7176 163.529 109.09 130.427 124.032 154.971 69.6598 188.073
4 0.938477 357.194 531.625 394.002 505.575 407.306 524.375 370.498 550.425
4 0.9375 108.552 200.647 143.692 175.166 156.698 193.103 121.558 218.584
2 0.93457 395.241 323.211 463.092 279.66 478.259 303.289 410.408 346.84
4 0.933594 338.422 508.446 373.979 482.16 387.578 500.554 352.021 526.84
4 0.931641 416.757 610.287 452.226 582.695 466.243 600.713 430.774 628.305
3 0.929688 189.841 58.7908 254.013 16.6907 268.909 39.3967 204.737 81.4968
2 0.929688 365.95 296.416 525.546 186.56 541.05 209.084 381.454 318.94
4 0.928711 89.1363 180.976 126.886 152.3 141.489 171.524 103.739 200.2
3 0.928711 233.704 117.166 277.672 82.0317 293.796 102.209 249.828 137.343
4 0.926758 394.895 584.999 432.805 557.376 447.105 577.001 409.195 604.624
3 0.925781 213.395 85.7267 258.895 55.7267 272.855 76.8983 227.355 106.898
3 0.925781 171.862 25.2383 244.343 -8.02759 254.888 14.9492 182.407 48.2151
2 0.924805 455.211 404.585 519.947 358.546 534.789 379.415 470.053 425.454
2 0.919922 491.406 460.827 555.217 411.343 570.594 431.173 506.783 480.657
2 0.918945 320.182 224.054 435.335 148.003 450.818 171.446 335.665 247.497
4 0.905273 133.327 359.63 160.771 339.666 172.923 356.37 145.479 376.334
2 0.892578 351.374 259.368 501.804 147.444 518.126 169.382 367.696 281.306
3 0.892578 304.458 201.92 368.247 157.577 383.542 179.58 319.753 223.923
3 0.853027 509.067 67.9424 541.264 64.2717 543.933 87.6826 511.736 91.3533
3 0.851562 286.492 185.116 331.753 146.735 346.508 164.134 301.247 202.515
3 0.839844 156.728 -2.88252 202.198 -9.20014 205.522 14.7263 160.052 21.0439
3 0.664062 612.78 247.36 624.755 210.737 651.22 219.39 639.245 256.013
2 0.490234 88.6038 181.284 126.51 152.763 141.146 172.216 103.24 200.737
3 0.442871 146.189 -0.203321 162.235 -0.351013 162.311 7.97676 146.265 8.12445
2 0.425781 612.371 245.427 627.023 210.433 653.629 221.573 638.977 256.567
2 0.346924 146.566 -0.246094 162.184 -0.246094 162.184 7.82422 146.566 7.82422
