0 0.949219 345.69 485.668 378.692 440.156 400.31 455.832 367.308 501.344
4 0.947266 149.47 301.536 177.334 266.28 195.28 280.464 167.416 315.72
2 0.943359 307.718 460.244 350.837 413.756 370.782 432.256 327.663 478.744
4 0.942383 171.218 320.717 198.835 284.793 217.032 298.783 189.415 334.707
4 0.94043 127.686 284.055 156.062 248.768 174.314 263.445 145.938 298.732
4 0.94043 192.843 338.678 220.258 303.27 238.407 317.322 210.992 352.73
4 0.938477 400.688 520.006 430.454 486.55 447.812 501.994 418.046 535.45
2 0.935547 517.975 423.457 568.336 360.335 588.025 376.043 537.664 439.165
2 0.93457 30.0752 225.405 70.9961 177.298 92.7998 195.845 51.8789 243.952
4 0.93457 88.3565 248.387 117.084 214.484 134.643 229.363 105.916 263.266
2 0.93457 470.201 375.745 523.054 316.525 541.799 333.255 488.946 392.475
2 0.932617 394.709 309.387 451.485 249.016 471.791 268.113 415.015 328.484
4 0.931641 474.784 584.64 502.998 549.664 521.216 564.36 493.002 599.336
4 0.929688 448.179 564.157 478.238 527.985 497.321 543.843 467.262 580.015
4 0.929688 376.999 501.489 406.708 466.78 424.501 482.011 394.792 516.72
3 0.928711 194.684 141.193 227.722 96.2875 248.816 111.807 215.778 156.712
3 0.924805 168.263 113.819 203.452 74.1448 222.237 90.8065 187.048 130.48
2 0.923828 359.796 287.103 490.454 147.099 512.204 167.397 381.546 307.401
3 0.923828 140.608 93.2837 190.744 36.5835 211.392 54.8413 161.256 111.542
2 0.921875 300.248 230.297 396.303 126.736 416.752 145.703 320.697 249.264
4 0.912109 66.1095 231.165 96.55 195.601 114.641 211.085 84.2 246.649
3 0.902344 94.4619 51.5374 144.644 -7.68586 163.038 7.9001 112.856 67.1234
4 0.898438 145.848 397.522 168.733 372.887 183.902 386.978 161.017 411.613
3 0.894531 279.677 209.582 332.238 150.689 351.823 168.168 299.262 227.061
3 0.892578 68.2565 24.6195 126.148 -14.0621 139.368 5.72427 81.4774 44.4059
3 0.857422 258.162 194.794 295.477 147.092 313.838 161.456 276.523 209.158
3 0.847168 457.129 26.1549 487.215 29.5849 484.371 54.5326 454.285 51.1026
2 0.819824 592.769 189.37 614.29 107.462 648.231 116.38 626.71 198.288
2 0.776367 65.3014 233.427 93.8787 196.547 112.949 211.323 84.3713 248.203
2 0.664062 617.061 204.067 649.393 203.174 649.939 222.933 617.607 223.826
