4 0.945312 188.14 175.139 232.519 165.102 237.61 187.611 193.231 197.648
4 0.945312 201.981 229.194 245.441 219.924 250.269 242.556 206.809 251.826
4 0.945312 195.589 200.928 239.724 191.832 244.411 214.572 200.276 223.668
4 0.94043 208.432 256.788 250.928 247.792 255.568 269.712 213.072 278.708
4 0.9375 264.84 527.717 308.196 519.023 312.66 541.283 269.304 549.977
4 0.935547 257.943 498.513 301.023 489.875 305.557 512.487 262.477 521.125
4 0.932617 178.544 122.541 221.66 113.31 226.456 135.709 183.34 144.94
4 0.928711 277.091 592.046 322.449 583.168 326.909 605.954 281.551 614.832
2 0.925781 224.656 423.623 289.354 413.009 293.844 440.377 229.146 450.991
2 0.925781 145.716 68.3097 209.798 58.6031 214.034 86.5653 149.952 96.2719
4 0.924805 287.615 620.927 331.39 617.968 332.885 640.073 289.11 643.032
4 0.923828 168.595 96.5603 216.512 85.8773 221.905 110.065 173.988 120.748
3 0.911133 326.622 98.3777 383.283 87.3779 388.378 113.622 331.717 124.622
3 0.908203 319.732 64.0207 376.013 52.556 381.268 78.3543 324.987 89.819
2 0.907227 387.004 354.973 466.304 343.954 469.996 370.527 390.696 381.546
2 0.90625 241.984 466.591 295.392 454.684 301.016 479.909 247.608 491.816
2 0.902344 375.121 315.575 559.708 284.858 564.379 312.925 379.792 343.642
4 0.901367 136.259 274.532 168.577 271.098 170.741 291.468 138.423 294.902
3 0.898438 312.652 31.132 383.557 18.2679 388.348 44.6805 317.443 57.5446
2 0.895508 368.205 274.846 553.728 241.481 558.795 269.654 373.272 303.019
2 0.886719 361.08 236.7 497.486 211.303 502.42 237.8 366.014 263.197
3 0.876953 352.506 205.649 434.284 191.459 438.994 218.601 357.216 232.791
4 0.874023 242.228 466.61 295.31 454.262 301.272 479.89 248.19 492.238
3 0.861328 309.313 -4.85197 381.826 -7.52279 382.687 15.8676 310.174 18.5384
2 0.84082 406.626 452.418 487.437 438.14 492.374 466.082 411.563 480.36
3 0.777344 593.443 177.589 625.865 176.594 626.557 199.161 594.135 200.156
3 0.760254 618.516 362.957 645.727 364.42 644.484 387.543 617.273 386.08
2 0.714844 168.235 96.1737 215.194 85.9311 220.515 110.326 173.556 120.569
0 0.467285 242.318 466.715 295.628 453.968 301.682 479.285 248.372 492.032
2 0.462402 616.883 418.938 647.642 419.599 647.117 444.062 616.358 443.401
2 0.367188 620.172 361.871 647.619 366.46 643.828 389.129 616.381 384.54
