4 0.942383 204.365 192.835 248.249 185.843 251.885 208.665 208.001 215.657
4 0.941406 208.165 221.282 252.215 214.748 255.585 237.468 211.535 244.002
4 0.939453 198.934 166.298 243.298 158.95 247.066 181.702 202.702 189.05
4 0.935547 258.785 588.305 304.377 582.682 307.215 605.695 261.623 611.318
4 0.93457 212.823 248.871 256.768 243.176 259.677 265.629 215.732 271.323
4 0.931641 244.946 494.473 288.799 488.106 292.054 510.527 248.201 516.894
4 0.931641 249.858 522.429 294.423 518.04 296.642 540.571 252.077 544.96
2 0.927734 218.09 416.515 283.045 411.022 285.41 438.985 220.455 444.478
4 0.927734 193.027 113.222 235.618 107.305 238.723 129.653 196.132 135.57
2 0.917969 163.557 57.4925 227.81 50.5665 230.943 79.6325 166.69 86.5585
4 0.917969 265.688 619.248 309.449 616.559 310.812 638.752 267.051 641.441
3 0.914062 338.13 65.684 393.141 57.4377 396.87 82.316 341.859 90.5623
4 0.90918 184.421 86.4979 233.478 79.2209 237.079 103.502 188.022 110.779
3 0.908203 342.126 101.212 397.796 91.3766 402.374 117.288 346.704 127.123
4 0.893555 138.813 261.82 172.194 259.872 173.437 281.18 140.056 283.128
2 0.890625 373.848 318.722 558.739 302.229 561.152 329.278 376.261 345.771
3 0.888672 334.579 31.0237 407.432 22.8313 410.421 49.4138 337.568 57.6062
2 0.882812 401.266 523.546 482.44 511.505 486.734 540.454 405.56 552.495
0 0.880859 232.214 460.446 285.858 452.152 289.786 477.554 236.142 485.848
2 0.87793 383.71 359.246 465.256 353.482 467.29 382.254 385.744 388.018
3 0.876953 332.216 -4.74036 404.328 -6.06795 404.784 18.6935 332.672 20.0211
2 0.874023 366.092 239.826 504.065 225.168 506.908 251.924 368.935 266.582
2 0.87207 397.623 459.114 477.092 447.948 480.877 474.886 401.408 486.052
2 0.870605 365.942 274.335 557.83 262.546 559.558 290.665 367.67 302.454
3 0.856445 362.174 205.625 442.232 201.076 443.826 229.125 363.768 233.674
4 0.797852 232.088 459.546 286.341 450.902 290.412 476.454 236.159 485.098
3 0.765625 615.809 383.376 642.329 384.556 641.191 410.124 614.671 408.944
2 0.724121 233.138 459.241 287.262 451.636 290.862 477.259 236.738 484.864
3 0.722168 603.014 198.218 634.723 196.611 635.986 221.532 604.277 223.139
2 0.537109 616.405 383.251 643.995 383.674 643.595 409.749 616.005 409.326
