4 0.949219 195.549 237.247 239.02 225.861 244.951 248.503 201.48 259.889
4 0.948242 187.468 209.734 230.751 198.006 236.782 220.266 193.499 231.994
4 0.943359 165.063 132.673 207.023 121.199 212.937 142.827 170.977 154.301
4 0.942383 178.912 184.094 222.03 171.661 228.588 194.406 185.47 206.839
4 0.942383 202.971 264.835 246.267 252.567 252.529 274.665 209.233 286.933
4 0.941406 279.174 530.983 322.152 519.937 327.826 542.017 284.848 553.063
4 0.9375 269.609 503.003 312.368 490.567 318.891 512.997 276.132 525.433
4 0.932617 309.297 621.553 353.098 617.375 355.203 639.447 311.402 643.625
4 0.932617 295.475 593.954 341.05 582.092 347.025 605.046 301.45 616.908
2 0.931641 231.776 430.649 297.338 415.397 303.724 442.851 238.162 458.103
2 0.931641 127.855 80.436 191.875 66.0083 198.395 94.939 134.375 109.367
3 0.914062 310.993 98.1179 366.79 82.6308 374.007 108.632 318.21 124.119
4 0.912109 152.944 107.913 200.175 94.1769 207.056 117.837 159.825 131.573
3 0.902344 301.3 64.1397 358.881 50.0444 365.2 75.8603 307.619 89.9556
3 0.902344 293.194 30.7652 366.007 12.5265 372.806 39.6723 299.993 57.911
2 0.901367 352.041 234.827 490.983 200.477 497.459 226.673 358.517 261.023
2 0.901367 375.725 313.15 557.251 266.197 564.275 293.35 382.749 340.303
2 0.900391 364.646 272.104 548.728 226.594 555.354 253.396 371.272 298.906
2 0.896484 389.455 349.21 468.899 333.408 474.545 361.79 395.101 377.592
4 0.886719 252.892 470.891 304.341 454.592 312.108 479.109 260.659 495.408
2 0.884766 252.212 470.102 305.732 454.493 313.288 480.398 259.768 496.007
4 0.880859 132.489 287.327 165.31 281.269 169.261 302.673 136.44 308.731
2 0.876953 430.25 509.965 510.648 487.649 518.25 515.036 437.852 537.351
3 0.868164 345.675 201.26 425.927 185.681 431.325 213.49 351.073 229.069
3 0.868164 287.441 -7.42728 360.248 -8.32081 360.559 17.0367 287.752 17.9302
2 0.855469 415.988 446.771 489.999 425.983 497.512 452.729 423.501 473.517
3 0.740723 637.272 337.073 647.312 363.829 629.728 370.427 619.688 343.671
0 0.64209 252.743 470.523 304.093 454.429 312.257 480.477 260.907 496.571
3 0.429932 633.203 391.8 648.834 417.167 635.797 425.2 620.166 399.833
2 0.424805 345.358 203.18 432.531 183.183 438.642 209.82 351.469 229.817
2 0.423584 625.333 394.529 649.913 409.831 642.667 421.471 618.087 406.169
