4 0.941406 215.487 183.363 260.192 180.754 261.513 203.387 216.808 205.996
4 0.935547 216.684 211.872 261.701 209.245 263.066 232.628 218.049 235.255
4 0.93457 212.635 155.959 257.887 152.621 259.615 176.041 214.363 179.379
4 0.931641 218.989 239.857 263.803 237.518 265.011 260.643 220.197 262.982
4 0.926758 230.59 487.115 274.578 484.548 275.91 507.385 231.923 509.952
4 0.923828 233.26 516.72 277.1 514.97 277.99 537.28 234.15 539.03
2 0.921875 187.163 44.4865 252.405 43.4856 252.837 71.6385 187.595 72.6394
4 0.919922 238.808 614.518 283.528 612.184 284.692 634.482 239.972 636.816
4 0.919922 206.052 74.6281 255.218 71.7588 256.698 97.1219 207.532 99.9912
2 0.917969 209.909 408.065 275.715 407.156 276.091 434.435 210.285 435.344
4 0.917969 234.993 583.165 280.626 580.362 282.007 602.835 236.374 605.638
4 0.916992 211.433 102.978 254.397 101.197 255.317 123.397 212.353 125.178
4 0.898438 144.306 247.398 177.517 246.685 177.944 266.602 144.733 267.315
3 0.888672 359.109 66.6229 417.881 64.4582 418.891 91.8771 360.119 94.0418
3 0.886719 359.984 33.0889 435.995 30.2893 437.016 58.0361 361.005 60.8357
3 0.878906 360.075 103.181 418.233 98.5317 420.425 125.944 362.267 130.593
2 0.875 220.549 452.253 275.094 447.893 277.201 474.247 222.656 478.607
2 0.874023 378.646 324.036 560.27 323.479 560.354 350.964 378.73 351.521
2 0.867188 382.167 364.001 462.782 365.237 462.333 394.499 381.718 393.263
3 0.867188 371.621 209.438 452.934 213.933 451.379 242.062 370.066 237.567
2 0.857422 375.251 244.656 510.943 240.7 511.749 268.344 376.057 272.3
2 0.857422 378.919 280.13 564.169 280.698 564.081 309.37 378.831 308.802
3 0.848633 358.874 1.39435 437.847 -2.36393 439.126 24.5119 360.153 28.2702
2 0.832031 384.102 464.176 459.152 460.836 460.398 488.824 385.348 492.164
2 0.831543 383.329 530.29 465.361 525.25 467.171 554.71 385.139 559.75
3 0.826172 611.952 223.412 640.731 223.059 641.048 248.838 612.269 249.191
4 0.762695 608.119 410.147 640.712 409.947 640.881 437.353 608.288 437.553
4 0.755859 220.67 452.756 276.35 448.477 278.33 474.244 222.65 478.523
2 0.699707 608.662 410.053 640.003 409.668 640.338 436.947 608.997 437.332
0 0.647949 220.47 452.223 275.516 447.483 277.78 473.777 222.734 478.517
