4 0.948242 163.024 202.645 204.751 185.06 213.726 206.355 171.999 223.94
4 0.948242 175.604 226.971 216.322 209.332 225.396 230.279 184.678 247.918
4 0.946289 186.318 253.288 228.057 236.892 236.432 258.212 194.693 274.608
4 0.946289 197.131 279.478 239.245 262.335 247.869 283.522 205.755 300.665
2 0.943359 100.715 105.22 161.652 84.4648 170.785 111.28 109.848 132.035
2 0.941406 247.901 439.965 307.737 418.244 317.099 444.035 257.263 465.756
4 0.9375 305.814 533.958 346.512 518.51 354.686 540.042 313.988 555.49
4 0.9375 292.936 507.489 334.018 490.877 342.564 512.011 301.482 528.623
4 0.935547 142.864 153.224 183.53 135.939 192.386 156.776 151.72 174.061
4 0.925781 329.039 594.529 373.098 578.075 381.461 600.471 337.402 616.925
0 0.923828 271.37 477.377 321.078 455.57 331.63 479.623 281.922 501.43
3 0.921875 258.237 35.6647 328.734 9.7059 338.263 35.5853 267.766 61.5441
4 0.918945 129.051 129.003 174.055 111.006 182.949 133.247 137.945 151.244
2 0.917969 393.411 340.739 469.234 315.819 478.089 342.761 402.266 367.681
3 0.917969 285.156 101.769 336.809 78.4927 347.844 102.981 296.191 126.257
2 0.914062 373.056 309.384 547.647 238.318 557.944 263.616 383.353 334.682
3 0.911133 271.472 66.333 326.164 47.9856 334.528 72.917 279.836 91.2644
2 0.907227 354.08 269.036 538.056 200.007 547.42 224.964 363.444 293.993
2 0.90625 344.43 231.93 472.249 177.949 483.07 203.57 355.251 257.551
2 0.904297 431.038 433.369 505.429 404.804 514.962 429.631 440.571 458.196
4 0.899414 344.514 619.706 388.777 611.254 392.986 633.294 348.723 641.746
4 0.898438 129.745 313.549 159.493 299.702 167.755 317.451 138.007 331.298
3 0.884766 332.395 202.043 408.193 175.118 417.105 200.207 341.307 227.132
2 0.875977 453.213 495.597 527.228 465.734 537.787 491.903 463.772 521.766
3 0.869141 249.846 -3.33799 320.113 -9.0634 322.154 15.9786 251.887 21.704
2 0.800781 270.63 476.704 322.93 455.742 332.37 479.296 280.07 500.258
3 0.758789 640.826 300.571 645.19 328.798 628.174 331.429 623.81 303.202
4 0.731934 372.706 631.039 395.938 631.431 395.794 639.961 372.562 639.569
