4 0.951172 170.713 234.528 210.708 215.159 220.787 235.972 180.792 255.341
4 0.948242 157.633 211.435 197.314 191.155 207.617 211.315 167.936 231.595
4 0.945312 183.278 260.568 224.092 241.912 233.472 262.432 192.658 281.088
4 0.945312 195.224 284.979 235.779 266.816 245.276 288.021 204.721 306.184
4 0.941406 134.929 162.088 174.976 143.634 184.321 163.912 144.274 182.366
4 0.939453 316.212 533.743 357.711 517 366.288 538.257 324.789 555
0 0.9375 280.335 480.153 328.001 455.654 339.665 478.347 291.999 502.846
2 0.93457 253.641 443.539 313.327 418.923 323.859 444.461 264.173 469.077
4 0.933594 302.246 509.042 342.444 489.879 352.254 510.458 312.056 529.621
4 0.931641 342.868 593.785 386.324 575.314 395.632 597.215 352.176 615.686
3 0.923828 274.24 103.878 324.939 78.3093 336.76 101.747 286.061 127.316
2 0.921875 373.767 306.692 543.418 225.975 555.233 250.808 385.582 331.525
2 0.921875 90.733 116.833 151.181 92.7667 161.642 119.042 101.194 143.108
2 0.920898 337.104 233.117 465.067 169.565 476.896 193.383 348.933 256.935
4 0.919922 120.252 138.569 163.118 119.371 172.998 141.431 130.132 160.629
2 0.919922 394.182 336.295 469.419 308.197 479.318 334.705 404.081 362.803
3 0.915039 243.01 39.5328 311.668 9.3502 322.49 33.9672 253.832 64.1498
4 0.914062 358.951 620.73 401.32 603.636 410.049 625.27 367.68 642.364
3 0.912109 259.743 69.9803 310.915 48.415 320.757 71.7697 269.585 93.335
2 0.911133 460.377 488.787 535.758 454.05 547.123 478.713 471.742 513.45
2 0.902344 436.579 428.097 508.091 395.871 518.921 419.903 447.409 452.129
4 0.892578 130.487 320.294 161.317 309.529 168.013 328.706 137.183 339.471
3 0.880859 324.35 200.747 398.905 168.449 409.65 193.253 335.095 225.551
3 0.870605 231.525 0.0818405 301.867 -8.59402 304.975 16.6057 234.633 25.2815
2 0.870117 344.984 268.439 530.083 189.765 540.516 214.311 355.417 292.985
4 0.835938 379.687 626.895 411.308 625.778 411.813 640.105 380.192 641.222
3 0.790527 640.259 282.26 646.378 310.735 627.741 314.74 621.622 286.265
4 0.560547 632.025 233.039 632.025 212.711 639.975 212.711 639.975 233.039
3 0.527832 222.911 0.125392 241.008 -0.541163 241.339 8.46054 223.242 9.1271
3 0.384766 629.621 235.461 629.621 210.789 639.379 210.789 639.379 235.461
2 0.37085 223.229 0.316709 239.366 -0.0298967 239.521 7.14814 223.384 7.49474
