2 0.948242 323.324 461.893 360.242 409.729 382.676 425.607 345.758 477.771
0 0.943359 363.264 481.027 391.136 433.83 414.236 447.473 386.364 494.67
4 0.942383 148.474 319.479 172.403 280.744 192.276 293.021 168.347 331.756
2 0.942383 21.6619 256.296 57.8915 203.576 82.0881 220.204 45.8585 272.924
4 0.941406 125.119 305.935 147.697 266.396 168.131 278.065 145.553 317.604
4 0.939453 420.835 510.504 447.082 473.836 466.165 487.496 439.918 524.164
4 0.938477 171.927 336.032 196.109 297.453 216.073 309.968 191.891 348.547
2 0.938477 393.332 302.147 442.809 236.598 465.668 253.853 416.191 319.401
4 0.9375 195.061 352.48 218.855 313.698 238.939 326.02 215.145 364.802
3 0.9375 117.516 113.332 160.207 51.5155 183.234 67.4179 140.543 129.234
4 0.935547 82.5494 273.301 105.971 236.905 125.076 249.199 101.654 285.595
4 0.928711 502.064 566.542 526.21 528.829 545.936 541.458 521.79 579.171
4 0.928711 473.315 549.86 498.291 510.785 519.185 524.14 494.209 563.215
2 0.928711 474.654 360.282 522.019 293.575 543.346 308.718 495.981 375.425
4 0.928711 58.3996 261.135 82.5683 219.483 103.475 231.615 79.3067 273.267
4 0.926758 396.064 494.347 421.302 457.166 440.436 470.153 415.198 507.334
2 0.923828 526.735 400.762 572.221 333.362 594.265 348.238 548.779 415.638
2 0.921875 290.855 232.218 375.369 119.353 398.645 136.782 314.131 249.647
3 0.918945 146.403 133.41 177.463 86.926 198.847 101.215 167.787 147.699
3 0.918945 175.944 155.035 205.071 106.439 228.056 120.215 198.929 168.811
2 0.912109 356.848 280.591 472.408 128.829 496.152 146.909 380.592 298.671
3 0.90918 67.6557 77.1612 116.13 2.14817 137.219 15.7763 88.7449 90.7893
3 0.908203 43.2225 60.0668 85.6742 -7.3717 107.902 6.62073 65.4508 74.0592
2 0.905273 319.503 260.941 442.473 103.371 464.497 120.559 341.527 278.129
3 0.902344 268.762 214.197 313.723 152.691 334.738 168.053 289.777 229.559
4 0.901367 154.559 414.859 175.367 388.406 192.191 401.641 171.383 428.094
2 0.845703 577.465 157.481 615.375 48.7771 646.535 59.6438 608.625 168.348
3 0.829102 426.193 12.7556 455.265 15.1693 453.307 38.7444 424.235 36.3307
2 0.81543 615.758 203.079 617.742 142.424 648.242 143.421 646.258 204.076
3 0.797852 245.021 200.804 277.472 150.077 297.979 163.196 265.528 213.923
