4 0.943359 201.858 163.989 246.294 157.954 249.392 180.761 204.956 186.796
4 0.941406 206.68 190.856 250.625 185.162 253.57 207.894 209.625 213.588
4 0.94043 213.425 247.212 257.707 242.507 260.075 264.788 215.793 269.493
4 0.9375 211.18 218.339 255.08 214.559 257.07 237.661 213.17 241.441
4 0.93457 242.105 493.209 286.076 487.717 288.895 510.291 244.924 515.783
4 0.933594 247.448 521.583 291.025 517.695 293.052 540.417 249.475 544.305
4 0.928711 261.923 617.573 304.961 615.393 306.077 637.427 263.039 639.607
4 0.928711 253.332 587.353 299.658 582.36 302.168 605.647 255.842 610.64
4 0.924805 196.544 110.894 240.051 105.731 242.706 128.106 199.199 133.269
2 0.921875 216.673 415.471 281.809 410.666 283.827 438.029 218.691 442.834
2 0.90918 168.412 53.9601 232.814 49.4082 234.838 78.0399 170.436 82.5918
4 0.907227 140.11 258.512 173.978 257.836 174.39 278.488 140.522 279.164
4 0.90625 187.078 84.5034 236.199 77.4478 239.672 101.622 190.551 108.677
3 0.898438 343.327 65.2932 398.414 59.3551 401.173 84.9568 346.086 90.8949
0 0.898438 229.97 458.065 284.709 450.117 288.53 476.435 233.791 484.383
2 0.894531 383.598 360.666 464.994 356.542 466.402 384.334 385.006 388.458
3 0.893555 346.465 100.229 402.261 93.3472 405.535 119.896 349.739 126.778
2 0.889648 373.977 319.404 560.676 306.783 562.523 334.096 375.824 346.717
2 0.882812 398.774 524.81 480.22 514.765 483.726 543.19 402.28 553.235
3 0.880859 340.329 31.6077 412.784 23.7975 415.671 50.5798 343.216 58.39
2 0.876953 367.883 241.154 505.872 229.271 508.117 255.346 370.128 267.229
2 0.874023 395.718 460.567 475.488 450.729 478.782 477.433 399.012 487.271
2 0.867188 368.557 275.903 558.235 264.834 559.943 294.097 370.265 305.166
3 0.849609 363.455 207.039 444.164 202.949 445.545 230.211 364.836 234.301
3 0.841309 337.493 -1.02138 409.541 -2.45834 410.007 20.9276 337.959 22.3646
4 0.789062 230.187 457.567 284.546 450.777 287.813 476.933 233.454 483.723
3 0.772949 606.383 200.64 638.399 201.622 637.617 227.11 605.601 226.128
4 0.712891 188.15 631.745 211.225 632.099 211.1 640.255 188.025 639.901
2 0.67334 615.491 388.794 643.231 389.56 642.509 415.706 614.769 414.94
2 0.611328 231.032 458.023 284.812 451.39 287.968 476.977 234.188 483.61
3 0.571289 614.82 389.445 641.18 389.445 641.18 415.555 614.82 415.555
3 0.556641 608.798 443.778 642.251 442.752 643.202 473.722 609.749 474.748
