4 0.949219 180.153 267.69 220.085 247.011 230.597 267.31 190.665 287.989
4 0.949219 166.211 242.549 206.061 221.445 216.789 241.701 176.939 262.805
4 0.946289 151.361 219.426 191.411 197.9 202.389 218.324 162.339 239.85
2 0.945312 260.106 446.635 318.046 419.013 329.894 443.865 271.954 471.487
4 0.943359 193.627 292.139 232.742 271.116 243.623 291.361 204.508 312.384
4 0.942383 327.344 534.007 367.588 514.365 377.656 534.993 337.412 554.635
4 0.9375 312.199 509.348 351.489 488.387 362.301 508.652 323.011 529.613
4 0.935547 374.724 619.633 414.43 598.722 424.776 618.367 385.07 639.278
2 0.93457 79.4866 129.492 137.968 102.434 150.263 129.008 91.7822 156.066
4 0.931641 126.529 172.475 165.611 151.392 176.471 171.525 137.389 192.608
2 0.927734 394.456 333.058 467.753 300.23 479.044 325.442 405.747 358.27
4 0.924805 356.783 592.114 399.355 571.979 409.717 593.886 367.145 614.021
3 0.921875 262.878 106.022 311.863 79.2076 324.122 101.603 275.137 128.417
3 0.920898 247.453 73.1394 296.208 48.7851 307.547 71.4856 258.792 95.8399
2 0.920898 373.526 301.617 538.031 215.624 550.974 240.383 386.469 326.376
0 0.918945 288.624 482.527 335.231 455.316 347.876 476.973 301.269 504.184
3 0.917969 231.171 42.2829 296.171 10.3111 308.329 35.0296 243.329 67.0014
2 0.912109 469.713 481.489 541.142 443.027 553.787 466.511 482.358 504.973
4 0.912109 130.281 330.226 160.535 318.1 168.219 337.274 137.965 349.4
4 0.910156 111.061 150.519 151.749 127.304 163.689 148.231 123.001 171.446
2 0.90918 345.381 266.225 527.855 176.991 539.119 200.025 356.645 289.259
3 0.894531 317.826 200.68 393.174 164.119 404.674 187.82 329.326 224.381
3 0.883789 215.175 7.49967 282.779 -6.92063 287.825 16.7347 220.221 31.155
4 0.871582 118.106 309.063 145.35 295.843 153.644 312.937 126.4 326.157
2 0.869141 440.083 422.155 513.636 385.625 525.417 409.345 451.864 445.875
3 0.838867 305.519 181.724 355.303 150.412 367.481 169.776 317.697 201.088
4 0.822266 393.756 625.44 429.638 624.118 430.244 640.56 394.362 641.882
3 0.818359 542.018 96.7713 574.133 98.3984 572.982 121.104 540.867 119.477
3 0.777344 623.946 265.708 651.561 275.398 644.054 296.792 616.439 287.102
2 0.775391 287.171 480.353 337.025 454.438 348.829 477.147 298.975 503.062
3 0.669922 202.14 -1.08805 226.232 -1.3098 226.36 12.6037 202.268 12.8254
4 0.574219 462.82 631.211 486.18 631.211 486.18 639.789 462.82 639.789
4 0.464355 641.062 193.729 642.01 224.62 628.938 225.021 627.99 194.13
2 0.419434 201.548 -0.634577 225.125 -0.779249 225.202 11.7986 201.625 11.9433
3 0.351562 640.618 192.42 642.309 226.847 627.382 227.58 625.691 193.153
