4 0.945312 149.411 298.535 177.787 263.248 196.089 277.965 167.713 313.252
2 0.943359 31.9356 218.779 74.8445 173.293 95.4394 192.721 52.5305 238.207
2 0.943359 305.388 460.886 347.969 413.905 368.612 432.614 326.031 479.595
0 0.943359 342.593 484.85 376.707 441.033 397.407 457.15 363.293 500.967
4 0.941406 396.835 521.09 428.092 487.854 445.165 503.91 413.908 537.146
4 0.94043 171.096 318.216 199.697 282.788 217.654 297.284 189.053 332.712
2 0.94043 394.052 310.297 453.77 251.668 472.948 271.203 413.23 329.832
3 0.9375 144.672 91.2283 194.624 34.0332 215.078 51.8967 165.126 109.092
4 0.9375 127.908 280.565 157.607 246.136 175.342 261.435 145.643 295.864
2 0.935547 469.161 378.168 523.861 319.193 542.339 336.332 487.639 395.307
4 0.935547 89.69 244.315 118.342 210.841 135.685 225.685 107.033 259.159
4 0.935547 191.908 335.591 221.412 302.069 238.842 317.409 209.338 350.931
4 0.933594 374.002 503.336 402.808 468.236 420.998 483.164 392.192 518.264
4 0.931641 67.3143 228.244 97.6484 191.57 116.311 207.006 85.9766 243.68
4 0.929688 470.619 587.32 499.26 552.692 517.381 567.68 488.74 602.308
3 0.929688 197.483 139.124 232.109 94.7549 252.767 110.876 218.141 155.245
2 0.928711 516.02 426.174 567.357 364.493 586.98 380.826 535.643 442.507
4 0.927734 443.557 567.564 474.239 530.528 493.443 546.436 462.761 583.472
3 0.923828 97.7158 44.1846 155.291 -12.1667 172.034 4.94041 114.459 61.2917
3 0.923828 170.868 113.574 207.476 72.1097 226.382 88.8006 189.774 130.265
2 0.923828 363.597 288.668 491.868 149.52 513.903 169.832 385.632 308.98
2 0.918945 301.235 226.922 401.28 128.097 421.265 148.328 321.22 247.153
4 0.902344 143.787 394.993 166.341 368.969 181.963 382.507 159.409 408.531
3 0.899414 281.652 208.391 336.081 151.046 354.848 168.859 300.419 226.204
3 0.888672 72.7014 12.6861 129.885 -8.81959 138.174 13.2202 80.9901 34.7258
3 0.854492 460.846 29.3268 492.165 31.2027 490.654 56.4232 459.335 54.5473
3 0.839844 260.965 193.768 298.829 146.422 317.035 160.982 279.171 208.328
2 0.824219 599.548 194.721 614.399 118.53 646.452 124.779 631.601 200.97
2 0.664062 619.223 203.319 652.886 215.074 645.777 235.431 612.114 223.676
4 0.652832 428.994 628.006 453.133 628.229 453.006 641.994 428.867 641.771
