2 0.947266 310.414 460.569 351.903 413.284 372.586 431.431 331.097 478.716
4 0.947266 148.796 304.77 176.451 268.364 194.704 282.23 167.049 318.636
0 0.946289 349.629 485.127 380.238 439.394 401.871 453.873 371.262 499.606
4 0.945312 171.116 321.859 198.928 287.081 217.134 301.641 189.322 336.419
4 0.943359 404.198 518.448 433.164 484.501 450.802 499.552 421.836 533.499
4 0.943359 87.3896 252.185 114.924 218.791 132.235 233.065 104.701 266.459
4 0.943359 126.402 287.548 153.974 251.511 172.848 265.952 145.276 301.989
4 0.943359 192.539 341.998 218.85 305.3 237.961 319.002 211.65 355.7
2 0.94043 27.768 230.806 68.2835 180.619 90.982 198.944 50.4665 249.131
2 0.935547 520.376 418.876 569.172 355.402 589.624 371.124 540.828 434.598
2 0.933594 470.576 373.346 523.776 312.432 542.924 329.154 489.724 390.068
4 0.931641 380.942 500.454 409.49 465.993 427.058 480.546 398.51 515.007
4 0.931641 64.4806 237.333 91.9693 199.21 112.019 213.667 84.5307 251.79
2 0.931641 392.66 307.713 451.315 247.323 470.84 266.287 412.185 326.677
4 0.928711 453.73 562.678 481.829 525.864 500.77 540.322 472.671 577.136
3 0.928711 136.632 97.1141 184.797 38.9728 206.118 56.6359 157.953 114.777
4 0.926758 479.628 581.369 506.887 546.274 525.372 560.631 498.113 595.726
2 0.923828 359.898 284.25 488.209 144.63 510.102 164.75 381.791 304.37
3 0.919922 191.719 142.749 223.897 97.7596 245.031 112.876 212.853 157.865
2 0.918945 297.814 232.732 393.616 124.388 414.686 143.018 318.884 251.362
3 0.915039 164.377 117.755 197.903 76.0623 217.873 92.1203 184.347 133.813
4 0.914062 146.666 400.263 170.066 374.445 185.834 388.737 162.434 414.555
3 0.908203 91.2624 54.374 138.985 -4.04998 157.488 11.0635 109.765 69.4875
4 0.899414 354.385 579.672 377.923 547.679 395.115 560.328 371.577 592.321
3 0.883789 63.766 27.0823 122.683 -12.0889 136.109 8.10523 77.1922 47.2764
3 0.883789 277.731 210.36 330.068 150.434 349.769 167.64 297.432 227.566
3 0.856445 450.752 23.1842 482.069 24.819 480.748 50.1283 449.431 48.4935
3 0.833496 257.775 196.565 295.057 148.68 312.725 162.435 275.443 210.32
2 0.802246 592.51 182.934 610.723 102.405 643.49 109.816 625.277 190.345
4 0.761719 559.859 572.253 583.323 555.156 596.141 572.747 572.677 589.844
4 0.755371 437.274 625.07 467.758 625.117 467.726 645.93 437.242 645.883
2 0.640137 613.186 199.899 649.807 193.08 653.814 214.601 617.193 221.42
0 0.512695 310.382 461.277 351.13 412.698 372.618 430.723 331.87 479.302
