4 0.948242 183.054 179.856 227.099 168.319 232.946 190.644 188.901 202.181
4 0.946289 205.493 260.596 248.713 250.262 254.007 272.404 210.787 282.738
4 0.946289 191.939 205.223 234.656 194.418 240.311 216.777 197.594 227.582
4 0.945312 197.96 233.478 242.089 222.783 247.54 245.272 203.411 255.967
4 0.939453 171.879 126.87 215.29 117.086 220.371 139.63 176.96 149.414
4 0.93457 272.356 528.81 315.001 519.919 319.644 542.19 276.999 551.081
4 0.932617 264.183 500.1 306.366 490.695 311.317 512.9 269.134 522.305
2 0.931641 228.593 427.513 292.265 414.136 297.907 440.987 234.235 454.364
2 0.920898 136.711 74.1301 200.552 62.2439 205.789 90.3699 141.948 102.256
3 0.920898 318.814 99.3564 374.104 84.1469 381.186 109.894 325.896 125.103
4 0.919922 286.831 593.209 331.637 583.22 336.669 605.791 291.863 615.78
4 0.917969 298.67 621.159 342.634 617.781 344.33 639.841 300.366 643.219
4 0.916016 161.29 101.077 208.433 89.4222 214.46 113.798 167.317 125.453
2 0.912109 388.399 352.386 467.622 339.203 472.101 366.114 392.878 379.297
3 0.912109 311.96 63.7657 367.599 50.8224 373.54 76.3593 317.901 89.3026
3 0.912109 302.755 30.6928 376.924 14.6936 382.745 41.6822 308.576 57.6814
2 0.90918 375.81 316.706 556.608 274.648 562.69 300.794 381.892 342.852
2 0.898438 356.839 235.259 494.704 204.522 500.661 231.241 362.796 261.978
2 0.888672 363.961 272.663 553.792 235.81 559.039 262.837 369.208 299.69
2 0.883789 247.334 468.086 300.814 455.515 306.666 480.414 253.186 492.985
4 0.87793 135.067 280.412 167.381 275.922 170.183 296.088 137.869 300.578
2 0.87207 411.73 450.129 490.963 431.312 497.27 457.871 418.037 476.688
3 0.870605 349.519 205.163 431.269 187.857 436.981 214.837 355.231 232.143
2 0.870117 422.897 513.706 503.043 494.672 509.603 522.294 429.457 541.328
3 0.869141 298.553 -6.14377 371.302 -6.59016 371.447 17.1125 298.698 17.5589
4 0.860352 247.819 468.405 300.422 454.151 307.181 479.095 254.578 493.349
0 0.853027 247.948 468.033 301.31 454.97 307.552 480.467 254.19 493.53
3 0.691406 630.651 347.592 649.878 367.056 635.349 381.408 616.122 361.944
2 0.626953 159.773 101.759 207.491 89.5721 213.727 113.991 166.009 126.178
3 0.452148 623.571 405.354 653.16 419.965 644.429 437.646 614.84 423.035
2 0.443359 628.374 347.383 651.358 365.094 638.626 381.617 615.642 363.906
