4 0.945312 149.939 343.366 168.26 302.162 189.561 311.634 171.24 352.838
2 0.945312 342.211 460.616 371.215 403.215 396.289 415.884 367.285 473.285
2 0.943359 16.1443 298.898 43.7516 241.159 68.7307 253.102 41.1234 310.841
0 0.942383 385.865 474.579 405.418 422.037 430.635 431.421 411.082 483.963
4 0.941406 200.237 369.173 218.756 327.133 240.763 336.827 222.244 378.867
4 0.941406 175.735 356.777 193.738 314.956 215.265 324.223 197.262 366.044
4 0.94043 446.771 495.342 466.118 454.437 487.729 464.658 468.382 505.563
4 0.9375 124.998 332.956 142.058 290.438 164.752 299.544 147.692 342.062
4 0.9375 78.1931 306.684 97.1122 266.96 117.807 276.816 98.8878 316.54
2 0.935547 389.623 292.446 428.44 220.357 453.877 234.054 415.06 306.143
4 0.93457 52.6821 297.069 70.8595 253.422 93.6929 262.931 75.5155 306.578
2 0.93457 480.043 338.617 514.072 265.732 537.956 276.883 503.928 349.768
4 0.925781 504.959 526.651 523.234 483.655 546.041 493.349 527.766 536.345
3 0.924805 91.6874 144.15 125.498 75.8756 150.688 88.35 116.877 156.624
2 0.923828 534.983 371.196 571.179 298.873 595.017 310.804 558.821 383.127
4 0.921875 420.077 482.78 439.101 441.414 460.423 451.22 441.399 492.586
4 0.917969 534.569 539.348 551.652 497.38 574.431 506.652 557.348 548.62
3 0.916016 122.627 159.828 146.706 109.269 170.123 120.422 146.044 170.981
3 0.914062 62.5313 126.146 101.67 47.1893 127.219 59.8537 88.0804 138.811
3 0.914062 155.081 175.928 176.529 125.249 200.919 135.572 179.471 186.251
2 0.911133 277.727 239.135 346.143 112.426 374.273 127.615 305.857 254.324
3 0.90918 35.1705 112.998 75.8612 29.7894 100.579 41.8771 59.8888 125.086
4 0.900391 170.738 439.197 184.54 407.135 203.512 415.303 189.71 447.365
3 0.898438 8.88111 100.046 47.7588 17.3544 73.4939 29.4539 34.6162 112.146
2 0.896484 352.059 277.536 442.526 108.752 470.441 123.714 379.974 292.498
2 0.885742 310.508 264.954 407.55 85.2289 434.992 100.046 337.95 279.771
3 0.882812 253.175 224.107 291.739 152.024 315.325 164.643 276.761 236.726
3 0.828613 229.207 212.773 256.248 156.495 277.543 166.727 250.502 223.005
3 0.822266 384.161 -0.895443 414.035 -0.666307 413.839 24.8642 383.965 24.6351
3 0.789062 17.9447 0.292327 56.2315 -4.31069 59.0553 19.1764 20.7685 23.7794
3 0.78418 520.041 631.745 562.347 596.258 579.959 617.255 537.653 652.742
2 0.53418 -4.9665 290.366 -2.70356 219.027 16.4274 219.634 14.1645 290.973
3 0.527344 4.56293 0.0836811 22.0296 -0.184276 22.1558 8.04132 4.68912 8.30928
