2 0.957031 22.0834 260.012 55.941 208.447 79.2291 223.738 45.3715 275.303
2 0.948242 325.069 461.929 361.231 409.048 383.931 424.571 347.769 477.452
0 0.945312 366.444 480.102 392.894 432.522 416.056 445.398 389.606 492.978
4 0.943359 172.382 338.874 196.146 299.671 215.868 311.626 192.104 350.829
4 0.942383 148.682 322.64 172.014 283.542 191.818 295.36 168.486 334.458
4 0.941406 125.226 308.265 147.652 269.684 167.524 281.235 145.098 319.816
4 0.9375 424.758 509.363 447.712 471.496 467.742 483.637 444.788 521.504
4 0.9375 195.278 354.072 219.973 315.337 239.722 327.928 215.027 366.663
3 0.935547 114.782 116.962 156.335 54.1499 179.218 69.2882 137.665 132.1
2 0.931641 475.055 357.473 521.236 290.547 542.945 305.527 496.764 372.453
2 0.929688 393.361 300.597 438.769 233.975 462.139 249.903 416.731 316.525
4 0.929688 81.5441 277.616 104.451 240.82 123.831 252.884 100.924 289.68
4 0.926758 398.87 493.339 423.832 455.448 443.13 468.161 418.168 506.052
4 0.924805 506.803 563.966 528.884 525.403 549.197 537.034 527.116 575.597
2 0.923828 528.184 398.024 571.593 329.416 593.816 343.476 550.407 412.084
4 0.923828 57.2787 264.793 81.2753 223.583 102.096 235.707 78.0997 276.917
4 0.921875 477.312 547.191 501.429 506.813 523.188 519.809 499.071 560.187
3 0.921875 173.914 156.967 201.628 109.749 223.836 122.783 196.122 170.001
4 0.921875 156.419 417.956 176.089 390.186 192.831 402.044 173.161 429.814
2 0.918945 288.501 234.699 372.344 118.703 395.999 135.801 312.156 251.797
3 0.917969 144.582 135.16 173.734 89.7426 194.918 103.34 165.766 148.757
2 0.912109 358.02 281.858 466.707 126.016 491.98 143.642 383.293 299.484
3 0.908203 64.4444 78.9646 111.524 4.61749 133.306 18.4104 86.2258 92.7575
3 0.904297 38.6521 63.0826 84.7539 -8.92342 107.348 5.54239 61.2461 77.5484
2 0.898438 321.146 263.767 435.183 98.0957 459.354 114.733 345.317 280.404
3 0.894531 267.101 215.135 312.464 151.453 333.399 166.365 288.036 230.047
2 0.839355 576.108 152.943 616.051 38.1963 646.892 48.9322 606.949 163.679
3 0.839355 421.655 8.54299 452.688 11.3113 450.345 37.582 419.312 34.8137
3 0.827637 243.29 202.366 274.386 152.116 294.21 164.384 263.114 214.634
2 0.780762 613.392 198.423 615.659 131.461 648.608 132.577 646.341 199.539
