4 0.947266 159.94 256.989 197.176 231.609 210.06 250.511 172.824 275.891
4 0.945312 176.058 280.356 213.626 255.586 226.192 274.644 188.624 299.414
4 0.942383 346.191 532.781 383.712 509.621 395.809 529.219 358.288 552.379
4 0.942383 191.91 303.388 229.503 279.054 241.84 298.112 204.247 322.446
2 0.941406 63.8109 150.275 119.841 118.705 133.939 143.725 77.9088 175.296
4 0.94043 143.203 235.495 180.201 209.011 193.797 228.005 156.799 254.489
2 0.94043 271.96 451.227 328.139 418.658 341.54 441.773 285.361 474.342
4 0.935547 401.59 614.062 438.684 590.05 450.91 608.938 413.816 632.95
0 0.932617 303.049 485.704 346.094 452.43 361.451 472.296 318.406 505.57
4 0.932617 114.65 189.297 151.681 165.648 163.85 184.703 126.819 208.352
2 0.932617 394.724 327.166 466.608 288.103 479.776 312.334 407.892 351.397
4 0.931641 328.837 509.794 365.35 484.907 378.163 503.706 341.65 528.593
4 0.931641 381.18 588.544 420.593 563.459 433.32 583.456 393.907 608.541
4 0.928711 96.9222 168.476 136.911 141.757 150.453 162.024 110.464 188.743
3 0.927734 205.084 54.2233 269.347 13.183 283.416 35.2142 219.153 76.2545
3 0.926758 224.697 81.4527 272.077 52.6083 285.053 73.9223 237.673 102.767
3 0.925781 244.339 112.044 291.139 80.6697 305.661 102.331 258.861 133.705
2 0.923828 324.264 228.3 443.319 151.366 458.236 174.45 339.181 251.384
2 0.921875 371.93 297.79 531.424 196.62 546.07 219.71 386.576 320.88
2 0.921875 451.11 409.449 518.848 368.918 532.39 391.551 464.652 432.082
2 0.921875 484.724 468.209 550.624 423.294 565.276 444.791 499.376 489.706
4 0.916016 132.341 347.884 160.329 332.114 169.909 349.116 141.921 364.886
3 0.901367 309.763 201.126 377.813 160.267 391.237 182.624 323.187 223.483
3 0.898438 189.596 21.97 254.544 -8.08005 264.904 14.3113 199.956 44.3613
3 0.817383 172.323 -4.43653 211.477 -4.79692 211.677 16.9209 172.523 17.2813
3 0.810059 616.002 239.335 646.984 236.043 649.998 264.415 619.016 267.707
3 0.802246 523.47 75.4852 555.801 77.173 554.53 101.515 522.199 99.827
2 0.701172 300.988 484.397 347.967 452.007 362.512 473.103 315.533 505.493
2 0.642578 613.632 243.113 645.455 232.546 654.368 259.387 622.545 269.954
