4 0.948242 132.66 265.396 163.029 232.401 180.09 248.104 149.721 281.099
0 0.947266 328.784 486.962 366.455 445.527 385.716 463.038 348.045 504.473
4 0.946289 171.898 304.75 203.555 272.505 220.102 288.75 188.445 320.995
4 0.945312 190.778 324.823 222.989 293.489 239.222 310.177 207.011 341.511
4 0.945312 151.925 283.275 184.175 251.223 200.575 267.725 168.325 299.777
2 0.943359 292.487 457.908 341.84 416.186 359.513 437.092 310.16 478.814
4 0.941406 378.734 525.324 414.484 497.994 428.766 516.676 393.016 544.006
4 0.939453 358.378 507.523 389.222 475.62 405.622 491.477 374.778 523.38
3 0.9375 163.735 74.9024 220.544 25.3638 238.515 45.9726 181.706 95.5112
2 0.9375 393.38 316.278 460.063 264.073 476.62 285.222 409.937 337.427
2 0.9375 40.9225 194.387 88.8996 152.55 107.703 174.113 59.7254 215.95
4 0.935547 97.4319 224.291 128.459 194.385 144.193 210.709 113.166 240.615
2 0.933594 464.432 390.44 522.87 336.817 540.068 355.56 481.63 409.183
4 0.932617 75.1745 206.653 110.137 172.59 126.951 189.847 91.9878 223.91
4 0.929688 422.712 576.532 454.829 543.819 471.788 560.468 439.671 593.181
4 0.928711 446.296 598.778 478.884 567.656 494.704 584.222 462.116 615.344
2 0.927734 505.653 443.31 563.456 384.972 582.347 403.69 524.544 462.028
2 0.923828 366.881 289.076 508.292 166.526 526.619 187.674 385.208 310.224
2 0.923828 312.751 224.122 413.206 139.069 431.249 160.378 330.794 245.431
3 0.923828 142.959 47.7006 211.848 -7.9561 228.541 12.7056 159.652 68.3624
3 0.923828 213.787 127.956 252.368 88.2335 270.963 106.294 232.382 146.016
3 0.923828 190.308 98.9974 229.3 63.0536 246.192 81.3776 207.2 117.321
4 0.90918 138.95 375.584 165.251 357.301 176.8 373.916 150.499 392.199
3 0.883789 291.056 206.289 351.472 151.868 368.444 170.711 308.028 225.132
3 0.873047 120.238 13.9541 186.455 -8.93955 194.262 13.6396 128.045 36.5333
3 0.863281 273.035 189.933 313.554 145.978 330.465 161.567 289.946 205.522
3 0.858887 484.125 44.1716 515.603 45.718 514.375 70.7034 482.897 69.157
2 0.837891 610.103 220.113 617.229 163.056 647.897 166.887 640.771 223.944
2 0.826172 325.789 264.756 447.922 166.7 463.211 185.744 341.078 283.8
3 0.766602 104.84 -1.78663 142.589 -4.45479 144.16 17.771 106.411 20.4392
2 0.623535 624.463 238.445 649.681 245.507 645.537 260.305 620.319 253.243
