4 0.949219 173.713 228.998 214.715 211.384 223.787 232.502 182.785 250.116
4 0.948242 185.063 255.912 226.642 238.539 235.437 259.588 193.858 276.961
4 0.948242 196.822 281.582 238.153 263.865 247.178 284.918 205.847 302.635
4 0.943359 160.854 205.607 201.766 186.868 211.396 207.893 170.484 226.632
2 0.943359 249.337 441.121 309.597 418.299 319.663 444.879 259.403 467.701
4 0.942383 308.837 533.319 350.519 518.369 358.163 539.681 316.481 554.631
4 0.9375 140.358 155.219 181.361 139.258 189.642 160.531 148.639 176.492
4 0.93457 295.595 508.153 336.161 490.32 345.405 511.347 304.839 529.18
2 0.927734 97.8438 108.463 158.512 87.1217 168.156 114.537 107.488 135.878
0 0.923828 273.601 478.468 323.417 455.604 334.399 479.532 284.583 502.396
4 0.920898 349.122 620.104 393.395 610.019 398.378 631.896 354.105 641.981
4 0.919922 333.673 594.348 377.291 577.523 385.827 599.652 342.209 616.477
2 0.917969 392.828 339.454 469.323 313.007 478.672 340.046 402.177 366.493
3 0.917969 281.443 101.834 333.063 79.0942 343.557 102.916 291.937 125.656
2 0.915039 342.601 229.839 468.969 175.325 479.899 200.661 353.531 255.175
2 0.914062 372.869 307.272 548.06 234.706 558.631 260.228 383.44 332.794
2 0.911133 355.514 269.888 532.963 194.946 543.486 219.862 366.037 294.804
3 0.910156 252.814 36.566 322.816 9.99429 332.686 35.9965 262.684 62.5682
3 0.908203 268.232 67.8704 319.745 47.636 329.268 71.8796 277.755 92.114
4 0.902344 125.82 131.239 170.913 113.045 180.18 136.011 135.087 154.205
2 0.898438 433.618 431.207 506.144 402.332 515.882 426.793 443.356 455.668
2 0.893555 455.402 493.432 529.809 461.739 540.598 487.068 466.191 518.761
4 0.892578 130.379 313.838 160.661 304.347 166.871 324.162 136.589 333.653
3 0.885742 329.935 201.649 405.165 173.357 414.565 198.351 339.335 226.643
3 0.876953 243.709 -1.16621 313.372 -8.02741 315.791 16.5412 246.128 23.4024
4 0.737793 378.583 630.703 401.639 631.269 401.417 640.297 378.361 639.731
3 0.734375 636.646 292.402 648.981 320.228 632.354 327.598 620.019 299.772
2 0.683105 273.334 477.457 324.466 455.399 334.666 479.043 283.534 501.101
4 0.377686 273.898 479.078 324.11 454.999 335.102 477.922 284.89 502.001
