4 0.951172 171.97 231.737 212.867 213.572 222.28 234.763 181.383 252.928
4 0.951172 196.347 283.357 237.031 265.173 246.403 286.143 205.719 304.327
4 0.948242 159.196 208.873 199.685 189.379 209.554 209.877 169.065 229.371
4 0.948242 184.23 258.735 224.944 240.238 234.27 260.765 193.556 279.263
4 0.943359 137.8 158.748 178.367 141.872 186.95 162.502 146.383 179.378
4 0.939453 312.534 534.226 353.754 517.961 361.966 538.774 320.746 555.039
2 0.938477 251.912 442.388 311.608 418.462 322.089 444.612 262.392 468.538
4 0.9375 299.144 507.835 340.207 490.046 349.356 511.165 308.293 528.954
0 0.9375 276.63 479.335 325.656 455.034 337.37 478.665 288.344 502.966
4 0.931641 338.923 594.149 382.666 576.617 391.577 598.851 347.834 616.383
2 0.931641 92.9193 113.542 154.183 88.8237 165.081 115.833 103.817 140.551
4 0.928711 121.64 136.542 165.871 115.456 176.36 137.458 132.129 158.544
4 0.918945 353.991 620.922 396.292 604.679 404.509 626.078 362.208 642.321
2 0.917969 338.951 232.202 467.234 172.489 478.549 196.798 350.266 256.511
3 0.917969 279.235 101.962 328.413 79.208 339.265 102.663 290.087 125.417
2 0.917969 372.248 305.396 547.738 231.6 558.252 256.604 382.762 330.4
2 0.914062 457.677 491.13 532.032 458.375 542.823 482.87 468.468 515.625
3 0.912109 248.513 38.0867 317.443 9.65856 327.987 35.2258 259.057 63.6539
3 0.911133 263.653 68.866 315.621 47.6666 325.347 71.509 273.379 92.7084
2 0.910156 392.922 337.966 470.482 310.215 480.078 337.034 402.518 364.785
4 0.900391 130.379 316.337 161.414 306.793 167.371 326.163 136.336 335.707
2 0.894531 434.584 429.978 507.457 398.674 517.916 423.022 445.043 454.326
3 0.879883 236.565 0.780611 306.845 -7.88759 309.935 17.1725 239.655 25.8407
2 0.869141 348.769 265.14 533.851 193.746 543.731 219.36 358.649 290.754
3 0.864258 327.455 199.833 401.513 170.414 411.545 195.667 337.487 225.086
4 0.776367 380.899 629.739 406.8 630.255 406.601 640.261 380.7 639.745
3 0.768555 640.653 287.779 646.215 317.148 627.347 320.721 621.785 291.352
2 0.550781 276.5 478.036 325.807 455.038 336.5 477.964 287.193 500.962
4 0.510742 277.127 481.062 326.236 455.006 337.873 476.938 288.764 502.994
2 0.382812 227.771 0.40659 242.669 0.269468 242.729 6.80825 227.831 6.94538
