2 0.949219 327.996 461.809 362.6 408.753 385.504 423.691 350.9 476.747
2 0.947266 19.8105 266.31 54.1018 214.431 77.5645 229.94 43.2732 281.819
4 0.946289 172.403 341.597 194.434 302.144 214.597 313.403 192.566 352.856
4 0.943359 148.759 325.708 170.224 285.661 190.991 296.792 169.526 336.839
4 0.942383 427.153 506.697 452.565 468.728 472.847 482.303 447.435 520.272
0 0.94043 369.976 479.701 394.539 431.365 418.024 443.299 393.461 491.635
4 0.939453 196.807 356.766 218.381 316.955 239.193 328.234 217.619 368.045
4 0.9375 124.627 311.993 146.186 272.067 167.373 283.507 145.814 323.433
2 0.935547 476.164 354.072 520.407 286.97 542.336 301.428 498.093 368.53
4 0.933594 80.1468 281.046 103.412 243.515 123.478 255.954 100.213 293.485
3 0.928711 141.694 139.083 170.482 92.8802 191.806 106.167 163.018 152.37
3 0.928711 111.639 121.268 151.049 57.3099 174.861 71.982 135.451 135.94
4 0.926758 510.51 560.345 532.435 520.94 553.49 532.655 531.565 572.06
2 0.924805 392.661 299.837 439.598 231.535 462.339 247.163 415.402 315.465
4 0.923828 481.48 543.922 505.631 503.347 527.02 516.078 502.869 556.653
4 0.923828 157.986 421.311 177.123 392.718 194.264 404.189 175.127 432.782
4 0.921875 57.0251 269.429 80.0162 228.257 100.725 239.821 77.7338 280.993
4 0.920898 402.178 491.951 425.533 453.523 445.322 465.549 421.967 503.977
2 0.919922 529.433 394.906 571.661 323.96 594.567 337.594 552.339 408.54
2 0.917969 287.515 235.605 368.566 116.883 393.485 133.895 312.434 252.617
3 0.917969 170.719 159.662 198.204 111.661 220.781 124.588 193.296 172.589
3 0.915039 85.4876 99.3585 130.936 28.4927 153.387 42.8915 107.939 113.757
2 0.914062 355.939 280.488 465.2 124.588 490.061 142.012 380.8 297.912
3 0.912109 60.0261 85.6064 105.187 6.17141 128.224 19.2686 83.0634 98.7036
2 0.907227 319.298 262.032 432.994 95.2182 457.202 111.718 343.506 278.532
3 0.90625 33.5339 68.8199 81.9798 -10.3455 105.716 4.18009 57.2702 83.3455
3 0.885742 264.906 215.771 309.809 150.697 331.594 165.729 286.691 230.803
3 0.845703 415.021 7.3364 447.136 8.12479 446.479 34.9136 414.364 34.1252
2 0.832031 571.373 146.169 612.651 30.1031 645.627 41.8311 604.349 157.897
3 0.823242 240.912 205.764 270.039 156.441 289.588 167.986 260.461 217.309
