4 0.949219 176.912 224.505 218.145 207.685 226.838 228.995 185.605 245.815
4 0.949219 165.142 200.035 206.887 182.818 215.608 203.965 173.863 221.182
4 0.947266 187.537 250.641 229.712 235.404 237.463 256.859 195.288 272.096
4 0.946289 198.308 277.036 240.223 261.272 248.192 282.464 206.277 298.228
4 0.939453 301.01 533.446 343.347 518.663 350.99 540.554 308.653 555.337
4 0.938477 146.24 149.995 187.276 133.948 195.51 155.005 154.474 171.052
4 0.935547 289.279 506.925 330.62 491.233 338.721 512.575 297.38 528.267
2 0.935547 245.764 438.667 305.46 418.436 314.236 444.333 254.54 464.564
4 0.932617 324.246 595.209 368.263 579.459 376.254 601.791 332.237 617.541
0 0.932617 268.081 476.207 319.486 455.787 329.419 480.793 278.014 501.213
2 0.931641 105.393 100.151 166.413 81.5894 174.857 109.349 113.837 127.911
4 0.920898 339.792 620.738 383.577 612.447 387.708 634.262 343.923 642.553
3 0.919922 288.854 100.539 341.185 79.2384 351.146 103.711 298.815 125.012
2 0.917969 392.855 341.827 469.494 318.451 477.645 345.173 401.006 368.549
3 0.914062 280.007 64.9715 329.493 48.4971 337.493 72.5285 288.007 89.0029
4 0.912109 132.256 125.773 176.668 108.406 185.494 130.977 141.082 148.344
2 0.912109 373.813 309.88 549.099 242.265 558.687 267.12 383.401 334.735
3 0.911133 265.725 34.4815 334.102 10.1932 343.275 36.0185 274.898 60.3068
2 0.904297 428.995 435.511 503.43 408.491 512.505 433.489 438.07 460.509
2 0.904297 449.124 498.199 525.691 467.987 535.876 493.801 459.309 524.013
2 0.902344 345.345 230.498 478.761 180.789 488.155 206.002 354.739 255.711
2 0.898438 363.071 269.123 536.812 202.715 546.429 227.877 372.688 294.285
4 0.896484 129.777 309.221 161.255 297.134 168.223 315.279 136.745 327.366
3 0.884766 334.806 202.627 410.732 177.027 419.194 202.123 343.268 227.723
3 0.862305 255.876 -1.23338 324.211 -8.17561 326.624 15.5771 258.289 22.5194
2 0.854492 366.157 292.899 547.466 225.663 556.343 249.601 375.034 316.837
2 0.78125 267.091 476.205 320.963 455.139 330.409 479.295 276.537 500.361
3 0.765625 641.93 306.437 644.024 334.813 627.07 336.063 624.976 307.687
4 0.649902 370.18 632.923 389.557 633.636 389.32 640.077 369.943 639.364
