4 0.951172 174.382 286.437 210.984 259.724 224.368 278.063 187.766 304.776
4 0.951172 157.538 262.539 193.746 235.556 207.462 253.961 171.254 280.944
4 0.949219 140.509 241.727 176.513 214.421 190.241 232.523 154.237 259.829
4 0.949219 191.502 309.225 226.983 282.994 240.498 301.275 205.017 327.506
2 0.945312 276.336 452.603 330.749 418.438 345.164 441.397 290.751 475.562
2 0.942383 58.7132 160.158 111.354 127.049 126.162 150.592 73.5207 183.701
4 0.941406 353.762 531.896 390.848 507.93 403.238 527.104 366.152 551.07
4 0.939453 110.6 197.653 145.909 172.623 158.65 190.597 123.341 215.627
0 0.938477 308.36 485.684 351.302 451.37 367.64 471.816 324.698 506.13
2 0.933594 394.164 324.571 465.669 282.306 479.336 305.429 407.831 347.694
3 0.933594 197.531 57.3419 258.737 16.3094 273.719 38.6581 212.513 79.6906
4 0.931641 334.661 510.196 370.445 483.014 384.339 501.304 348.555 528.486
4 0.929688 410.624 611.463 448.087 585.421 461.376 604.537 423.913 630.579
3 0.928711 216.833 83.6269 263.722 54.2862 276.917 75.3731 230.028 104.714
4 0.928711 92.1768 177.032 129.756 149.117 143.573 167.718 105.994 195.633
2 0.927734 366.753 298.35 528.907 188.92 544.247 211.65 382.093 321.08
3 0.923828 238.515 115.846 281.827 82.1518 297.485 102.279 254.173 135.973
4 0.921875 389.866 585.472 429.618 559.131 443.134 579.528 403.382 605.869
2 0.921875 321.87 224.854 439.711 148.575 455.13 172.396 337.289 248.675
3 0.917969 178.002 24.7933 245.334 -6.7997 255.748 15.3942 188.416 46.9872
2 0.916016 487.811 462.985 554.226 415.212 569.189 436.015 502.774 483.788
2 0.915039 453.247 407.778 518.725 361.814 533.753 383.222 468.275 429.186
2 0.898438 352.155 261.074 502.9 152.116 518.845 174.176 368.1 283.134
3 0.89502 306.628 201.436 371.02 158.197 385.872 180.314 321.48 223.553
4 0.893555 132.739 357.425 159.462 336.504 171.261 351.575 144.538 372.496
3 0.854492 162.735 -4.88741 205.024 -8.79067 207.265 15.4812 164.976 19.3844
2 0.848633 337.391 267.681 461.003 183.153 474.109 202.319 350.497 286.847
3 0.84375 289.381 185.197 334.868 147.573 349.119 164.803 303.632 202.427
3 0.827148 513.362 71.3175 545.232 66.59 548.638 89.5575 516.768 94.285
2 0.766602 610.312 245.941 632.004 213.983 655.688 230.059 633.996 262.017
3 0.537109 611.744 250.565 626.283 216.575 652.256 227.685 637.717 261.675
