4 0.94043 214.699 184.802 258.149 182.132 259.551 204.948 216.101 207.618
4 0.935547 209.785 158.376 254.828 153.731 257.215 176.874 212.172 181.519
4 0.935547 214.983 213.868 259.793 210.494 261.517 233.382 216.707 236.756
4 0.93457 218.113 241.28 262.358 238.834 263.637 261.97 219.392 264.416
4 0.927734 207.77 104.346 250.951 101.893 252.23 124.404 209.049 126.857
4 0.923828 236.175 518.366 280.36 515.448 281.825 537.634 237.64 540.552
4 0.921875 233.135 488.5 277.566 485.085 279.365 508.5 234.934 511.915
2 0.918945 180.754 46.3529 247.597 44.3015 248.496 73.5846 181.653 75.636
4 0.918945 239.866 583.939 285.315 580.306 287.134 603.061 241.685 606.694
4 0.917969 244.855 615.084 289.412 612.621 290.645 634.916 246.088 637.379
2 0.916992 211.789 411.228 276.118 407.474 277.711 434.772 213.382 438.526
3 0.905273 353.828 65.9551 413.071 62.4978 414.672 89.9199 355.429 93.3772
4 0.898438 201.857 77.5331 250.196 73.2209 252.393 97.8419 204.054 102.154
3 0.89502 351.31 32.9894 429.116 27.49 431.19 56.8231 353.384 62.3225
3 0.890625 356.551 102.657 414.241 96.9755 416.949 124.468 359.259 130.149
2 0.889648 382.175 363.528 462.61 362.911 462.825 390.972 382.39 391.589
4 0.878906 143.187 249.507 177.498 249.822 177.313 269.993 143.002 269.678
2 0.875 222.96 453.304 277.796 448.666 280.04 475.196 225.204 479.834
3 0.873047 354.826 -0.00652409 425.282 -2.49336 426.174 22.7878 355.718 25.2746
3 0.868164 371.567 208.956 449.75 209.796 449.433 239.294 371.25 238.454
2 0.867188 378.882 322.888 559.102 319.57 559.618 347.612 379.398 350.93
2 0.861328 377.568 280.561 563.911 277.131 564.432 305.439 378.089 308.869
2 0.860352 374.583 243.222 510.85 237.784 511.917 264.528 375.65 269.966
2 0.853027 387.623 464.136 469.998 458.568 471.877 486.364 389.502 491.932
2 0.849609 387.176 530.093 469.225 522.773 471.824 551.907 389.775 559.227
2 0.819824 371.902 297.539 565.263 295.166 565.598 322.461 372.237 324.834
3 0.793945 610.643 218.115 640.663 217.286 641.357 242.385 611.337 243.214
2 0.774414 200.616 77.1874 249.472 73.4328 251.384 98.3126 202.528 102.067
4 0.762695 222.658 454.017 277.399 448.371 280.092 474.483 225.351 480.129
4 0.706543 609.968 404.783 640.236 403.901 641.032 431.217 610.764 432.099
0 0.691406 221.814 453.748 277.576 448.256 280.186 474.752 224.424 480.244
3 0.595703 609.846 405.688 640.417 403.621 642.154 429.312 611.583 431.379
2 0.572266 608.438 404.086 640.768 403.144 641.562 430.414 609.232 431.356
