4 0.949219 189.684 207.726 232.523 196.154 238.566 218.524 195.727 230.096
4 0.948242 196.352 235.528 240.493 224.363 246.148 246.722 202.007 257.887
4 0.947266 180.539 181.954 224.759 169.863 230.961 192.546 186.741 204.637
4 0.946289 203.881 262.797 247.724 251.6 253.369 273.703 209.526 284.9
4 0.935547 266.919 501.6 309.79 490.512 315.581 512.9 272.71 523.988
4 0.935547 275.516 530.267 318.495 519.607 323.984 541.733 281.005 552.393
4 0.935547 168.56 130.248 210.561 119.419 216.19 141.252 174.189 152.081
2 0.93457 230.251 429.109 295.279 414.611 301.25 441.391 236.221 455.889
4 0.933594 291.431 593.768 336.481 582.631 342.069 605.232 297.019 616.369
2 0.928711 132.238 78.3288 195 63.7286 201.762 92.7962 139 107.396
4 0.926758 303.899 621.88 347.706 618.108 349.601 640.12 305.794 643.892
2 0.911133 389.006 351.063 468.604 336.748 473.494 363.937 393.896 378.252
4 0.90918 157.178 104.875 203.51 92.0917 210.072 115.875 163.74 128.658
3 0.904297 310.386 62.3902 362.073 50.9501 367.614 75.9848 315.927 87.4249
2 0.904297 377.944 315.252 556.205 270.164 563.056 297.248 384.795 342.336
3 0.902344 300.137 29.5983 370.483 14.2543 376.363 41.2142 306.017 56.5582
2 0.902344 249.015 469.352 303.306 454.282 310.485 480.148 256.194 495.218
3 0.901367 315.639 98.5256 370.366 82.9278 377.861 109.224 323.134 124.822
2 0.900391 357.223 234.75 491.025 203.624 497.277 230.5 363.475 261.626
4 0.893555 132.521 286.767 165.093 278.049 170.229 297.233 137.657 305.951
2 0.885742 363.825 270.996 553.586 231.886 559.175 259.004 369.414 298.114
2 0.879883 426.478 512.714 504.772 491.95 512.022 519.286 433.728 540.05
3 0.870117 348.362 202.996 428.701 186.887 434.138 214.004 353.799 230.113
3 0.858398 292.591 -6.65522 364.751 -8.64818 365.409 15.2021 293.249 17.1951
2 0.84375 413.71 448.692 489.316 429.013 496.29 455.808 420.684 475.487
4 0.791016 250.501 469.001 302.867 455.07 309.499 479.999 257.133 493.93
2 0.769531 156.357 104.955 203.501 91.5965 210.393 115.92 163.249 129.279
0 0.75 249.872 469.552 302.869 454.271 310.128 479.448 257.131 494.729
3 0.648926 634.367 342.15 648.941 365.801 632.633 375.85 618.059 352.199
2 0.454102 634.066 342.877 649.092 365.291 632.934 376.123 617.908 353.709
