4 0.948242 162.279 250.813 200.129 227.53 212.221 247.187 174.371 270.47
4 0.948242 177.3 275.557 215.808 252.274 227.7 271.943 189.192 295.226
4 0.947266 146.233 228.358 185.016 204.624 197.267 224.642 158.484 248.376
2 0.945312 69.106 141.225 127.411 111.933 140.269 137.525 81.9636 166.817
4 0.945312 192.341 300.046 230.214 275.859 242.409 294.954 204.536 319.141
2 0.941406 267.355 449.227 323.6 419.55 336.645 444.273 280.4 473.95
4 0.94043 338.867 533.828 377.381 512.166 388.633 532.172 350.119 553.834
4 0.9375 119.468 182.016 157.682 160.018 169.032 179.734 130.818 201.732
4 0.9375 322.39 509.799 359.769 486.885 371.61 506.201 334.231 529.115
0 0.93457 296.509 484.21 341.608 453.167 356.491 474.79 311.392 505.833
2 0.933594 394.861 329.997 466.763 292.971 479.139 317.003 407.237 354.029
4 0.931641 371.229 590.363 412.658 566.557 424.771 587.637 383.342 611.443
4 0.928711 391.156 617.179 429.246 593.869 440.844 612.821 402.754 636.131
3 0.923828 233.847 78.392 281.639 50.7337 294.153 72.358 246.361 100.016
3 0.923828 252.346 110.525 298.818 80.2413 312.654 101.475 266.182 131.759
3 0.921875 213.295 49.7257 279.345 11.5019 292.705 34.5868 226.655 72.8106
2 0.918945 368.096 299.154 537.506 205.911 550.404 229.346 380.994 322.589
2 0.918945 478.632 474.05 547.376 430.74 561.368 452.95 492.624 496.26
2 0.916992 326.276 227.639 451.668 155.073 465.724 179.361 340.332 251.927
2 0.914062 448.928 415.346 516.09 376.547 528.572 398.154 461.41 436.953
4 0.910156 102.064 159.759 143.438 135.857 155.936 157.491 114.562 181.393
3 0.90918 198.945 18.8498 267.928 -7.75993 277.055 15.9002 208.072 42.5099
4 0.898438 131.062 340.214 161.402 326.458 169.938 345.286 139.598 359.042
3 0.885742 314.001 201.226 382.835 161.953 395.999 185.024 327.165 224.297
3 0.836914 527.907 90.1656 558.78 81.0586 565.093 102.459 534.22 111.566
3 0.810059 184.457 -4.19615 217.506 -5.10894 218.043 14.3368 184.994 15.2496
3 0.775391 618.614 249.703 649.427 249.75 649.386 276.297 618.573 276.25
4 0.722168 474.162 625.954 501.942 626.124 501.838 643.046 474.058 642.876
4 0.568848 643.604 176.077 646.554 207 626.396 208.923 623.446 178
3 0.438965 643.479 174.759 649.204 206.592 627.521 210.491 621.796 178.658
0 0.373047 641.951 173.973 648.776 206.706 628.049 211.027 621.224 178.294
