4 0.951172 191.878 243.55 234.132 230.944 240.622 252.7 198.368 265.306
4 0.949219 182.274 216.963 224.721 203.192 231.726 224.787 189.279 238.558
4 0.947266 200.545 270.904 242.992 257.134 249.955 278.596 207.508 292.366
4 0.947266 171.654 191.401 214.915 177.404 222.096 199.599 178.835 213.596
4 0.941406 155.177 140.753 197.382 127.667 204.073 149.247 161.868 162.333
4 0.938477 291.126 532.375 332.713 519.725 339.374 541.625 297.787 554.275
4 0.935547 279.613 505.113 321.668 491.148 328.887 512.887 286.832 526.852
2 0.935547 115.819 90.5516 178.578 73.3911 186.181 101.198 123.422 118.359
0 0.93457 261.523 474.364 311.599 455.531 320.477 479.136 270.401 497.969
4 0.932617 324.443 621.66 368.398 615.347 371.557 637.34 327.602 643.653
4 0.928711 309.606 595.096 354.59 580.846 361.894 603.904 316.91 618.154
2 0.926758 238.399 434.695 301.299 417.34 308.601 443.805 245.701 461.16
4 0.917969 142.839 115.406 189.991 100.548 197.411 124.094 150.259 138.952
3 0.911133 291.169 63.6395 344.477 49.2388 351.331 74.6105 298.023 89.0112
3 0.90918 277.46 32.886 349.522 10.7846 357.54 36.9265 285.478 59.0279
3 0.908203 300.847 98.8898 354.219 81.0306 362.653 106.235 309.281 124.094
2 0.902344 375.991 312.743 550.956 254.197 559.509 279.757 384.544 338.303
2 0.899414 360.61 270.341 545.931 213.814 553.89 239.909 368.569 296.436
2 0.897461 390.251 344.449 469.52 326.904 475.749 355.051 396.48 372.596
2 0.89502 346.663 233.469 484.84 188.291 493.337 214.281 355.16 259.459
2 0.886719 438.345 504.476 517.433 478.483 526.155 505.024 447.067 531.017
4 0.879883 131.557 297.002 162.88 289.867 167.693 310.998 136.37 318.133
3 0.87793 340.954 201.336 417.582 180.635 424.546 206.414 347.918 227.115
3 0.861328 271.15 -7.35637 343.388 -8.68625 343.85 16.4501 271.612 17.78
2 0.861328 422.124 441.046 500.445 416.762 508.876 443.954 430.555 468.238
3 0.770996 641.46 322.517 643.408 351.342 626.54 352.483 624.592 323.658
2 0.700684 261.073 472.601 312.499 455.525 320.427 479.399 269.001 496.475
4 0.625977 260.971 474.853 312.041 455.468 321.029 479.147 269.959 498.532
2 0.251465 625.384 381.991 649.908 392.237 645.616 402.509 621.092 392.263
