4 0.951172 188.891 249.05 230.419 233.323 238.609 254.95 197.081 270.677
4 0.948242 178.642 221.979 220.206 206.347 228.358 228.021 186.794 243.653
4 0.945312 166.909 197.54 209.142 180.95 217.591 202.46 175.358 219.05
4 0.943359 199.23 275.071 241.012 259.759 248.77 280.929 206.988 296.241
4 0.939453 149.206 146.357 191.271 131.741 198.794 153.393 156.729 168.009
4 0.9375 297.533 533.548 339.612 519.072 346.967 540.452 304.888 554.928
4 0.9375 285.77 506.542 327.265 491.081 335.23 512.458 293.735 527.919
4 0.935547 319.74 594.493 364.197 579.73 371.76 602.507 327.303 617.27
0 0.93457 265.97 475.738 317.168 455.989 326.53 480.262 275.332 500.011
2 0.93457 243.451 437.077 304.342 418.095 312.549 444.423 251.658 463.405
4 0.928711 334.014 620.952 378.249 613.591 381.986 636.048 337.751 643.409
2 0.927734 111.667 97.798 171.319 80.0021 179.583 107.702 119.931 125.498
4 0.926758 135.991 122.173 181.323 105.559 189.759 128.577 144.427 145.191
3 0.917969 293.081 99.597 345.673 79.8184 354.919 104.403 302.327 124.182
2 0.912109 374.027 310.325 548.511 246.986 557.473 271.675 382.989 335.014
3 0.912109 281.581 65.6608 334.603 47.738 342.919 72.3392 289.897 90.262
2 0.911133 391.88 342.059 469.715 321.033 477.12 348.441 399.285 369.467
3 0.899414 267.357 33.7696 339.661 10.5585 348.143 36.9804 275.839 60.1915
2 0.898438 347.673 230.74 479.493 184.711 488.327 210.01 356.507 256.039
2 0.894531 355.546 269.939 544.025 206.871 552.454 232.061 363.975 295.129
2 0.893555 444.954 501.026 521.822 472.117 531.547 497.974 454.678 526.883
4 0.888672 130.701 302.954 162.336 295.646 167.049 316.046 135.414 323.354
2 0.888672 426.825 438.141 502.007 410.98 511.175 436.359 435.993 463.52
3 0.884766 338.116 200.801 412.725 177.417 420.884 203.449 346.275 226.833
3 0.864746 261.427 -4.35726 330.737 -10.9691 333.073 13.5135 263.763 20.1253
3 0.759277 641.465 311.123 644.665 339.977 627.535 341.877 624.335 313.023
2 0.731934 264.505 475.518 318.242 454.884 327.495 478.982 273.758 499.616
4 0.608398 366.954 633.809 383.389 634.87 383.046 640.191 366.611 639.13
