4 0.948242 141.834 238.296 179.064 211.386 192.666 230.204 155.436 257.114
4 0.948242 175.217 283.6 211.906 257.761 225.033 276.4 188.344 302.239
4 0.947266 158.677 259.971 195.632 233.859 208.823 252.529 171.868 278.641
4 0.945312 349.878 532.159 387.468 508.517 399.622 527.841 362.032 551.483
2 0.943359 61.0926 155.516 115.392 123.14 129.907 147.484 75.6082 179.86
4 0.943359 191.656 306.444 228.279 280.566 241.344 299.056 204.721 324.934
2 0.94043 274.14 451.163 329.35 418.301 343.36 441.837 288.15 474.699
4 0.939453 331.858 509.124 368.759 483.974 381.642 502.876 344.741 528.026
4 0.9375 406.44 612.982 443.666 588.315 456.06 607.018 418.834 631.685
4 0.93457 385.881 586.733 425.257 560.9 438.619 581.267 399.243 607.1
2 0.932617 394.609 326.582 465.597 284.917 479.391 308.418 408.403 350.083
4 0.928711 112.798 192.886 149.117 169.691 161.202 188.614 124.883 211.809
0 0.928711 305.626 484.812 348.477 452.26 364.374 473.188 321.523 505.74
4 0.927734 93.5631 173.446 132.432 145.442 146.562 165.054 107.693 193.058
2 0.927734 486.479 464.859 553.949 419.477 568.521 441.141 501.051 486.523
3 0.926758 200.34 56.1407 264.859 13.8844 279.66 36.4843 215.141 78.7406
3 0.926758 241.222 113.799 286.672 81.8937 301.278 102.701 255.828 134.606
2 0.925781 322.934 228.381 440.613 149.358 456.066 172.369 338.387 251.392
2 0.925781 452.076 407.625 519.999 365.122 533.924 387.375 466.001 429.878
3 0.923828 222.017 82.4252 267.847 52.7592 281.483 73.8248 235.653 103.491
2 0.918945 369.978 297.133 530.503 193.4 545.022 215.867 384.497 319.6
2 0.908203 351.529 262.507 506.591 154.011 521.971 175.993 366.909 284.489
4 0.904297 133.014 351.808 159.953 334.135 170.486 350.192 143.547 367.865
3 0.901367 308.788 200.792 373.958 159.313 388.212 181.708 323.042 223.187
3 0.897461 182.447 21.8504 250.572 -7.04395 260.303 15.8996 192.178 44.7939
3 0.848633 167.424 -6.91907 208.724 -7.93293 209.326 16.5753 168.026 17.5892
3 0.821289 290.031 184.602 336.465 147.497 350.969 165.648 304.535 202.753
3 0.782715 517.816 76.7713 549.895 71.002 554.184 94.8537 522.105 100.623
4 0.765625 489.868 620.191 516.53 618.019 518.631 643.809 491.97 645.981
2 0.717285 614.566 231.799 649.749 228.769 652.434 259.951 617.251 262.981
2 0.593262 304.801 484.406 349.678 452.178 364.699 473.094 319.822 505.322
