2 0.958984 23.4363 245.452 62.2731 195.332 84.8137 212.798 45.9769 262.918
2 0.947266 318.435 462.362 356.257 411.16 378.565 427.638 340.743 478.84
4 0.947266 148.18 313.252 174.422 276.082 193.07 289.248 166.828 326.418
4 0.947266 125.321 298.173 151.115 260.577 170.429 273.827 144.635 311.423
0 0.946289 357.681 484.072 385.817 435.581 408.819 448.928 380.683 497.419
4 0.945312 171.519 330.628 197.992 293.009 216.981 306.372 190.508 343.991
3 0.943359 125.647 106.725 170.172 46.4495 192.103 62.6496 147.578 122.925
2 0.942383 474.524 365.828 521.408 300.543 542.476 315.672 495.592 380.957
4 0.938477 194.142 347.647 219.477 310.23 238.858 323.353 213.523 360.77
4 0.935547 83.8711 264.755 109.912 228.785 128.504 242.245 102.463 278.215
2 0.935547 393.852 306.711 444.247 239.195 467.148 256.289 416.753 323.805
4 0.93457 414.428 514.044 441.222 478.319 460.072 492.456 433.278 528.181
4 0.931641 465.989 554.868 492.759 516.39 512.511 530.132 485.741 568.61
2 0.931641 297.837 228.781 379.139 122.264 402.663 140.219 321.361 246.736
4 0.929688 390.427 497.787 415.829 460.945 435.073 474.213 409.671 511.055
4 0.928711 493.263 572.908 518.568 535.962 537.737 549.092 512.432 586.038
3 0.928711 153.656 125.775 186.526 82.8128 206.344 97.9755 173.474 140.937
3 0.926758 182.436 150.241 211.973 102.959 234.064 116.759 204.527 164.041
2 0.926758 524.448 409.132 571.678 342.559 592.552 357.368 545.322 423.941
4 0.924805 60.457 250.425 87.9108 210.178 107.918 223.825 80.4642 264.072
2 0.924805 360.933 283.348 477.086 135.682 500.567 154.152 384.414 301.818
4 0.910156 150.887 408.011 173.281 381.767 189.363 395.489 166.969 421.733
3 0.905273 76.0959 67.935 125.188 0.777679 144.904 15.19 95.8117 82.3473
3 0.902344 50.8758 49.9957 100.954 -12.8714 120.374 2.59802 70.2957 65.4652
3 0.898438 270.973 212.711 320.619 150.778 341.527 167.539 291.881 229.472
2 0.875977 318.841 265.955 443.054 104.761 465.159 121.795 340.946 282.989
2 0.853027 586.292 166.452 617.379 70.8149 647.708 80.6731 616.621 176.31
3 0.833496 435.625 17.6484 467.375 17.6484 467.375 42.5078 435.625 42.5078
2 0.813477 619.386 213.337 620.559 162.538 647.614 163.163 646.441 213.962
3 0.444336 296.429 227.803 378.167 126.553 401.571 145.447 319.833 246.697
