4 0.949219 172.786 293.811 208.224 264.728 222.964 282.689 187.526 311.772
4 0.949219 155.236 270.642 189.541 242.445 204.264 260.358 169.959 288.555
2 0.945312 49.6016 172.691 103.483 137.578 119.273 161.809 65.392 196.922
4 0.943359 364.02 529.554 401.027 503.406 414.48 522.446 377.473 548.594
2 0.942383 283.326 455.691 334.789 417.645 351.174 439.809 299.711 477.855
4 0.942383 137.114 251.048 171.218 221.308 186.386 238.702 152.282 268.442
0 0.942383 316.665 486.69 356.354 449.249 374.335 468.31 334.646 505.751
4 0.941406 104.297 208.461 138.796 180.85 152.953 198.539 118.454 226.15
2 0.94043 395.238 320.941 461.15 274.293 477.262 297.059 411.35 343.707
4 0.939453 191.011 315.386 225.496 286.818 240.239 304.614 205.754 333.182
3 0.933594 182.333 65.4676 244.512 17.8575 260.917 39.2824 198.738 86.8925
2 0.932617 316.278 227.324 426.579 142.328 443.222 163.926 332.921 248.922
2 0.931641 496.546 453.933 559.024 402.578 575.454 422.567 512.976 473.922
4 0.928711 345.214 509.206 378.992 480.429 393.786 497.794 360.008 526.571
3 0.927734 206.174 89.8728 249.249 57.4628 264.326 77.5022 221.251 109.912
4 0.927734 404.16 582.816 440.214 553.55 455.34 572.184 419.286 601.45
3 0.924805 226.599 120.47 269.6 84.0621 286.401 103.905 243.4 140.313
4 0.924805 426.448 606.774 461.777 578.052 476.552 596.226 441.223 624.948
2 0.923828 366.51 293.087 519.768 180.15 535.99 202.163 382.732 315.1
4 0.921875 135.413 366.423 161.606 344.893 174.087 360.077 147.894 381.607
3 0.919922 162.29 32.4042 234.947 -10.6159 248.21 11.7833 175.553 54.8034
2 0.916016 456.936 402.883 521.572 350.416 537.564 370.117 472.928 422.584
4 0.911133 83.4431 190.024 120.769 158.958 136.182 177.476 98.8562 208.542
2 0.90918 341.37 259.486 498.092 146.208 513.13 167.014 356.408 280.292
3 0.886719 300.871 203.76 361.797 155.76 378.129 176.49 317.203 224.49
3 0.871582 144.804 2.2349 196.457 -8.61748 201.196 13.937 149.543 24.7894
2 0.825195 82.7718 189.246 120.677 159.241 135.728 178.254 97.8228 208.259
3 0.817871 280.827 186.036 323.474 147.562 339.173 164.964 296.526 203.438
3 0.812012 501.804 60.4325 532.798 58.6238 534.196 82.5675 503.202 84.3762
3 0.724609 130.496 -1.07125 154.731 -1.10842 154.754 13.6884 130.519 13.7256
2 0.661621 606.862 234.275 626.756 193.947 651.138 205.975 631.244 246.303
3 0.63916 612.37 238.595 619.605 198.143 647.63 203.155 640.395 243.607
2 0.478516 317.285 487.11 356.667 449.845 374.215 468.39 334.833 505.655
