2 0.946289 335.248 461.548 366.122 405.809 390.752 419.452 359.878 475.191
4 0.945312 148.845 334.172 169.583 294.165 190.155 304.828 169.417 344.835
0 0.945312 376.891 477.647 399.93 426.469 424.109 437.353 401.07 488.531
4 0.943359 198.334 362.644 219.218 322.467 240.166 333.356 219.282 373.533
2 0.942383 17.8205 282.313 48.0433 227.749 72.3045 241.187 42.0817 295.751
4 0.941406 437.153 501.63 459.138 462.08 480.347 473.87 458.362 513.42
4 0.94043 174.341 349.131 194.886 308.393 215.659 318.869 195.114 359.607
3 0.9375 100.36 132.918 138.195 65.711 162.39 79.3317 124.555 146.539
4 0.935547 124.24 322.596 144.462 281.244 166.26 291.904 146.038 333.256
4 0.931641 54.0471 283.213 74.3795 240.181 96.8279 250.787 76.4955 293.819
4 0.931641 79.2273 294.121 99.197 255.195 120.023 265.879 100.053 304.805
2 0.929688 391.517 297.029 433.503 224.925 458.483 239.471 416.497 311.575
2 0.927734 532.963 383.196 571.595 311.647 595.037 324.304 556.405 395.853
4 0.924805 493.496 535.93 514.259 494.043 536.504 505.07 515.741 546.957
2 0.923828 285.261 232.424 356.917 117.421 381.239 132.576 309.583 247.579
2 0.921875 477.669 348.577 518.574 274.994 541.831 287.923 500.926 361.506
4 0.921875 523.112 551.071 542.293 510.675 563.888 520.929 544.707 561.325
4 0.920898 410.512 487.337 432.665 447.951 453.488 459.663 431.335 499.049
3 0.915039 132.057 149.003 157.63 100.982 180.193 112.997 154.62 161.018
3 0.914062 163.525 167.368 187.587 117.876 210.225 128.882 186.163 178.374
3 0.910156 74.2642 114.098 116.789 36.0574 140.361 48.9017 97.8356 126.943
2 0.90918 357.791 278.037 450.088 117.416 476.709 132.713 384.412 293.334
3 0.90918 47.458 97.853 90.8226 18.5615 114.292 31.397 70.9274 110.688
3 0.904297 20.7871 85.1084 65.2573 2.29296 89.6504 15.3916 45.1802 98.207
4 0.901367 164.014 430.756 179.121 399.983 197.986 409.244 182.879 440.017
2 0.896484 315.653 258.248 421.936 92.526 446.847 108.502 340.564 274.224
3 0.883789 258.911 218.799 300.335 152.487 323.089 166.701 281.665 233.013
2 0.866211 303.431 255.349 400.888 99.8677 426.069 115.651 328.612 271.132
3 0.80957 235.91 209.204 266.032 154.871 287.09 166.546 256.968 220.879
3 0.807617 399.487 3.25974 430.606 5.93957 428.513 30.2403 397.394 27.5604
3 0.722656 35.2075 -0.556441 62.9844 -1.96375 63.73 12.7518 35.9531 14.1591
2 0.427002 398.726 2.67792 430.338 4.62007 428.774 30.0721 397.162 28.1299
3 0.357178 285.611 230.537 352.837 125.005 377.889 140.963 310.663 246.495
