0 0.947266 383.014 475.655 404.275 423.308 428.986 433.345 407.725 485.692
2 0.945312 339.836 460.847 369.007 404.198 394.164 417.153 364.993 473.802
4 0.943359 199.637 367.571 218.272 325.617 240.363 335.429 221.728 377.383
4 0.942383 150.008 341.187 168.529 299.319 189.992 308.813 171.471 350.681
4 0.939453 174.519 354.374 194.011 312.915 215.731 323.126 196.239 364.585
2 0.938477 15.805 293.092 43.743 236.73 69.32 249.408 41.382 305.77
4 0.935547 124.872 329.169 142.597 287.467 164.628 296.831 146.903 338.533
4 0.93457 443.522 497.359 463.98 456.403 485.478 467.141 465.02 508.097
2 0.93457 389.807 294.38 430.515 221.547 455.693 235.62 414.985 308.453
4 0.93457 78.7029 302.653 96.7828 263.26 117.672 272.847 99.5922 312.24
4 0.931641 416.541 485.196 436.126 443.539 457.959 453.804 438.374 495.461
4 0.931641 52.8917 291.762 71.543 249.816 93.8584 259.738 75.207 301.684
2 0.931641 479.336 341.92 515.868 269.136 539.664 281.08 503.132 353.864
3 0.927734 96.1917 141.206 129.059 71.9886 154.183 83.9185 121.316 153.136
4 0.927734 500.619 529.45 520.909 486.847 543.381 497.55 523.091 540.153
4 0.925781 530.656 543.083 549.315 501.929 571.344 511.917 552.685 553.071
2 0.921875 533.835 376.308 572.773 302.372 596.165 314.692 557.227 388.628
3 0.917969 157.64 173.982 179.181 122.867 203.86 133.268 182.319 184.383
2 0.916016 284.115 237.6 348.628 113.491 375.385 127.4 310.872 251.509
3 0.916016 126.445 156.761 149.44 106.558 173.305 117.489 150.31 167.692
3 0.912109 66.3719 120.681 108.211 43.1927 132.753 56.4439 90.9135 133.932
3 0.907227 39.8834 107.64 80.639 25.5787 105.367 37.8596 64.611 119.921
2 0.900391 353.349 275.479 445.338 114.682 472.151 130.021 380.162 290.818
3 0.897461 12.6378 94.157 54.3072 11.9244 79.9247 24.9055 38.2553 107.138
4 0.895508 166.639 435.478 183.622 404.481 202.861 415.022 185.878 446.019
2 0.892578 309.435 261.833 414.875 89.6823 440.565 105.417 335.125 277.568
3 0.883789 254.805 221.854 294.658 153.715 317.195 166.896 277.342 235.035
2 0.856445 293.321 251.917 391.53 97.3534 416.679 113.333 318.47 267.897
3 0.804688 389.06 0.114578 419.458 1.32759 418.44 26.8229 388.042 25.6099
3 0.783203 22.8625 -1.92488 54.9045 -4.98151 57.2 19.0811 25.158 22.1378
3 0.772949 518.156 628.091 560.806 600.298 576.844 624.909 534.194 652.702
2 0.492188 388.949 -1.05928 418.538 0.0305605 417.551 26.8093 387.962 25.7194
