4 0.953125 150.441 292.242 180.364 258.506 197.559 273.758 167.636 307.494
2 0.949219 33.9524 208.497 80.2363 164.431 100.298 185.503 54.0137 229.569
4 0.947266 171.386 311.402 202.018 278.779 218.864 294.598 188.232 327.221
2 0.943359 299.645 459.851 345.453 414.533 365.355 434.649 319.547 479.967
4 0.943359 389.485 523.038 421.823 492.06 438.015 508.962 405.677 539.94
2 0.943359 393.87 310.77 456.697 257.493 475.13 279.23 412.303 332.507
4 0.943359 129.926 275.317 158.517 239.761 177.074 254.683 148.483 290.239
4 0.943359 191.258 331.17 221.651 298.453 238.742 314.33 208.349 347.047
4 0.938477 92.5928 235.735 122.763 204.528 138.782 220.015 108.612 251.222
0 0.9375 337.37 486.436 371.964 443.076 392.63 459.564 358.036 502.924
2 0.9375 467.399 382.323 523.743 326.237 541.601 344.177 485.257 400.263
3 0.931641 152.608 85.0044 205.402 29.4684 224.892 47.9956 172.098 103.532
2 0.931641 511.297 433.131 566.5 372.411 585.703 389.869 530.5 450.589
4 0.931641 367.794 504.781 397.825 471.183 415.206 486.719 385.175 520.317
2 0.929688 306.873 228.448 403.925 129.289 424.627 149.552 327.575 248.711
2 0.928711 362.188 288.658 500.374 156.08 519.812 176.342 381.626 308.919
4 0.928711 461.051 591.277 491.558 558.838 508.449 574.723 477.942 607.162
4 0.928711 435.568 570.637 467.905 536.358 485.932 553.363 453.595 587.642
3 0.928711 203.631 133.374 240.211 92.2605 259.869 109.751 223.289 150.865
3 0.923828 176.676 106.814 217.985 68.0845 235.074 86.311 193.765 125.04
4 0.923828 70.3959 216.856 102.946 184.751 119.854 201.894 87.3037 233.999
4 0.914062 141.307 386.771 166.201 364.588 179.693 379.729 154.799 401.912
3 0.908203 131.384 58.7546 194.075 -1.20741 211.366 16.8704 148.675 76.8324
3 0.902344 285.703 207.702 341.483 151.407 360.297 170.048 304.517 226.343
3 0.885742 86.0389 4.78502 135.906 -7.82805 142.086 16.6056 92.219 29.2187
3 0.864746 102.423 22.7765 174.401 -8.078 184.577 15.661 112.599 46.5155
2 0.854492 326.872 263.892 429.512 167.217 446.128 184.858 343.488 281.533
2 0.841309 604.534 204.773 614.711 138.361 646.466 143.227 636.289 209.639
3 0.831543 265.566 191.109 306.956 144.445 324.934 160.391 283.544 207.055
3 0.787109 469.789 37.8177 501.215 36.5154 502.211 60.5573 470.785 61.8596
2 0.736816 619.706 223.412 647.965 224.539 647.294 241.338 619.035 240.211
2 0.673828 337.945 486.377 372.561 443.195 393.055 459.623 358.439 502.805
2 0.589844 468.672 37.1819 501.431 35.9753 502.328 60.3181 469.569 61.5247
