4 0.951172 163.222 247.696 201.977 224.949 213.778 245.054 175.023 267.801
4 0.949219 178.324 272.615 217.108 250.289 228.676 270.385 189.892 292.711
4 0.949219 147.258 226.079 186.5 201.898 198.992 222.171 159.75 246.352
2 0.945312 264.624 448.145 321.669 418.992 334.376 443.855 277.331 473.008
4 0.943359 193.52 297.63 230.978 274.191 242.98 293.37 205.522 316.809
4 0.94043 121.798 179.012 159.813 157.168 171.202 176.988 133.187 198.832
4 0.939453 334.77 533.641 374.674 512.976 385.23 533.359 345.326 554.024
4 0.9375 318.624 509.899 357.106 486.633 368.876 506.101 330.394 529.367
0 0.9375 293.566 483.579 339.671 453.534 353.934 475.421 307.829 505.466
2 0.933594 394.943 330.281 467.751 295.503 479.557 320.219 406.749 354.997
2 0.933594 73.2383 137.744 130.907 108.716 143.637 134.006 85.9679 163.034
4 0.926758 105.443 156.517 146.085 133.288 158.057 154.233 117.415 177.462
3 0.925781 255.501 107.934 303.553 79.4823 316.999 102.191 268.947 130.643
3 0.923828 219.354 48.3167 283.827 12.2494 297.146 36.0583 232.673 72.1256
4 0.923828 385.561 617.349 425.584 595.64 436.439 615.651 396.416 637.36
4 0.923828 366.774 590.257 407.95 568.451 419.226 589.743 378.05 611.549
2 0.921875 328.251 227.374 453.63 158.867 466.749 182.876 341.37 251.383
3 0.920898 238.863 74.9526 286.919 51.0858 298.137 73.6724 250.081 97.5392
2 0.919922 372.39 300.311 536.43 208.213 549.61 231.689 385.57 323.787
2 0.914062 474.594 476.457 546.337 435.597 559.406 458.543 487.663 499.403
4 0.904297 130.971 337.441 160.591 323.543 169.279 342.059 139.659 355.957
3 0.892578 202.493 14.4545 271.417 -9.02079 279.507 14.733 210.583 38.2083
2 0.888672 445.89 417.561 515.209 379.408 527.61 401.939 458.291 440.092
3 0.879883 315.635 201.799 384.981 162.795 397.865 185.701 328.519 224.705
3 0.797852 300.271 182.531 346.372 151.573 359.229 170.719 313.128 201.677
3 0.772949 619.461 256.779 648.461 256.69 648.539 282.221 619.539 282.31
3 0.748047 189.567 -2.23773 219.471 -2.60472 219.683 14.7065 189.779 15.0735
4 0.696777 403.623 623.041 443.435 623.163 443.377 641.959 403.565 641.837
4 0.683105 469.992 627.055 496.508 627.055 496.508 640.945 469.992 640.945
4 0.592773 643.954 181.585 645.34 213.836 626.046 214.665 624.66 182.414
2 0.499023 643.426 180.036 645.897 213.539 626.574 214.964 624.103 181.461
2 0.457031 617.337 255.372 649.743 255.472 649.663 281.628 617.257 281.528
3 0.386475 644.444 181.063 645.683 214.696 625.556 215.437 624.317 181.804
2 0.360107 470.348 625.716 498.284 625.973 498.152 640.284 470.216 640.027
0 0.356689 644.042 180.546 645.32 215.241 625.958 215.954 624.68 181.259
